
0.00 0.00 0 6402.56 0.00
2.33 -0.71 -17 6317.62 0.20
4.44 -0.86 -4 6305.61 0.30
6.67 -0.39 12 6401.72 0.40
8.69 0.67 28 6599.51 0.50
10.32 2.22 44 6881.20 0.60
11.47 4.16 59 7226.09 0.80
12.06 6.36 75 7613.81 0.90
50.93 -0.37 350 8939.03 3.90
57.77 76.37 85 27798.30 6.90
43.01 75.43 184 26011.13 7.70
40.86 74.68 199 25595.33 7.80
38.92 73.25 216 25001.88 7.90
37.31 71.32 230 24289.93 8.10
35.82 68.67 241 23387.27 8.20
34.39 65.36 247 22311.14 8.30
33.12 61.64 251 21158.99 8.40
31.90 57.58 253 19945.52 8.50
30.83 53.47 255 18765.96 8.60
29.71 49.09 256 17545.94 8.80
28.60 44.69 256 16366.86 8.90
27.48 40.31 256 15228.89 9.00
26.34 35.92 255 14132.04 9.10
25.22 31.54 256 13076.13 9.20
24.09 27.12 256 12055.49 9.40
22.94 22.69 255 11070.94 9.50
21.69 17.95 255 10065.40 9.60
20.53 13.47 255 9157.68 9.70
19.41 9.05 256 8307.01 9.80
18.29 4.56 256 7484.17 10.00
17.19 0.24 256 6734.47 10.10
16.08 -4.18 256 6007.99 10.20
14.95 -8.59 256 5323.18 10.30
13.82 -13.00 256 4679.87 10.40
12.62 -17.72 256 4038.10 10.60
11.71 -21.81 257 3523.37 10.70
10.74 -26.23 258 3006.28 10.80
9.67 -31.09 258 2485.65 10.90
8.68 -35.59 258 2047.54 11.00
7.73 -40.02 258 1658.25 11.20
6.77 -44.47 258 1308.08 11.30
5.80 -48.90 258 1001.11 11.40
4.79 -53.58 258 721.01 11.50
3.76 -58.26 258 486.85 11.60
2.81 -62.69 258 307.67 11.80
2.05 -66.89 260 176.19 11.90
1.26 -71.32 260 76.96 12.00
0.46 -75.75 260 18.29 12.10
-0.27 -80.14 261 16.90 12.20
