0.00 0.00 0 6402.56 0.00
2.21 0.64 16 6305.39 0.20
4.22 1.92 33 6116.05 0.30
5.81 3.77 49 5845.85 0.40
7.16 6.40 63 5469.15 0.50
8.20 9.66 72 5014.47 0.60
8.92 13.47 79 4505.71 0.70
9.34 17.61 84 3979.56 0.90
9.40 21.75 89 3481.52 1.00
9.19 26.12 93 2987.92 1.10
8.83 30.79 94 2499.77 1.20
8.35 35.40 96 2059.11 1.30
7.73 39.99 98 1660.60 1.40
6.98 44.56 99 1304.56 1.60
6.21 49.32 99 979.98 1.70
5.42 54.12 99 699.03 1.80
4.64 58.93 99 465.52 1.90
3.77 63.51 101 286.23 2.00
2.85 68.31 101 144.64 2.20
1.94 73.07 101 51.77 2.30
0.96 77.63 102 6.59 2.40