0.00 0.00 0 8109.61 0.00
1.91 0.46 14 8455.73 0.10
4.02 1.72 31 8850.15 0.20
5.66 3.52 48 9169.31 0.40
6.76 6.29 68 9407.00 0.50
6.74 9.46 90 9451.90 0.70
6.04 11.76 107 9363.38 0.80
4.68 13.78 124 9154.54 0.90
2.79 15.32 141 8844.40 1.00
0.53 16.24 158 8459.83 1.10
-2.34 16.67 171 7961.71 1.20
-6.22 16.75 179 7300.43 1.40
-10.42 16.51 183 6604.96 1.50
-14.90 16.06 186 5897.20 1.60
-19.39 15.41 188 5223.71 1.70
-23.87 14.59 190 4586.36 1.80
-28.63 13.71 191 3954.17 2.00
-33.42 12.82 191 3365.87 2.10
-38.20 11.92 191 2824.99 2.20
-42.96 11.02 191 2333.99 2.30
-47.72 10.14 191 1889.98 2.40
-52.22 9.12 193 1510.61 2.50
-56.89 8.05 193 1161.18 2.70
-131.92 0.41 186 1768.72 4.50
-135.90 0.56 178 2116.82 4.60
-138.21 1.34 161 2333.53 4.80
-140.33 2.92 143 2548.00 4.90
-141.76 4.85 127 2707.99 5.00
-142.56 7.15 109 2818.13 5.10
-142.67 9.56 93 2868.84 5.20
-142.05 11.94 75 2854.34 5.40
-140.19 14.47 54 2729.90 5.50
-138.08 15.98 36 2568.25 5.60
-135.83 16.76 19 2382.00 5.80
-133.24 16.89 3 2155.53 5.90
-129.84 16.49 -7 1859.07 6.00
-126.10 15.57 -14 1545.76 6.10
-122.08 14.22 -19 1231.40 6.20
-117.90 12.62 -21 937.68 6.30
-113.72 10.81 -23 679.47 6.50
-109.28 8.87 -24 450.46 6.60
-104.87 6.94 -24 269.22 6.70
-100.41 4.99 -24 133.19 6.80
-95.95 3.03 -24 44.58 6.90
-91.59 0.70 -28 3.01 7.10