0.00 0.00 0 6402.56 0.00
2.14 0.59 15 6311.76 0.10
4.18 1.88 32 6122.10 0.20
5.78 3.72 49 5853.29 0.40
6.77 5.94 66 5530.93 0.50
7.48 9.56 79 5017.45 0.60
7.65 13.64 88 4461.75 0.80
7.49 17.86 92 3918.05 0.90
7.12 22.34 95 3374.99 1.00
6.70 27.17 95 2836.10 1.10
6.28 32.02 95 2341.59 1.20
5.88 36.85 95 1896.86 1.30
5.34 41.37 97 1520.85 1.50
4.72 46.20 97 1164.78 1.60
4.10 51.03 97 856.14 1.70
3.51 55.84 97 596.21 1.80
2.90 60.67 97 382.17 1.90
2.29 65.47 97 216.31 2.00
1.68 70.30 97 96.85 2.20
0.97 75.60 98 20.34 2.30