0.00 0.00 0 6402.56 0.10
2.75 -1.02 -20 6270.35 0.20
5.14 -1.29 -7 6243.97 0.30
7.49 -0.88 10 6335.22 0.40
9.64 0.20 27 6542.09 0.50
11.40 1.88 44 6849.13 0.60
12.60 4.00 61 7227.35 0.80
13.13 6.38 77 7643.87 0.90
12.93 8.81 95 8061.89 1.00
12.05 11.05 111 8441.41 1.10
10.53 12.96 128 8757.56 1.20
8.53 14.34 145 8977.83 1.40
6.22 15.09 162 9083.61 1.50
3.78 15.13 179 9065.63 1.60
1.44 14.46 196 8925.62 1.70
-0.60 13.13 213 8702.16 1.80
-3.07 12.26 199 8546.49 1.90
-5.48 12.13 183 8540.19 2.10
-7.81 12.71 166 8676.23 2.20
-9.90 13.96 149 8944.16 2.30
-11.54 15.77 132 9319.16 2.40
-12.58 17.97 115 9768.59 2.50
-12.93 20.38 98 10253.40 2.70
-12.57 22.79 81 10731.51 2.80
-11.52 24.99 65 11161.41 2.90
-9.89 26.76 47 11500.79 3.00
-7.80 28.00 31 11728.14 3.10
-5.43 28.57 14 11820.39 3.20
-3.00 28.43 -3 11768.75 3.40
-0.72 27.59 -20 11577.99 3.50
1.20 26.13 -37 11294.89 3.60
3.26 25.21 -24 11105.97 3.70
5.67 24.89 -8 11056.56 3.80
8.10 25.29 9 11172.14 4.00
10.28 26.37 26 11438.46 4.10
-13.13 18.69 198 9935.26 6.30
-8.96 -63.39 -87 356.39 9.30
23.92 -135.38 -65 3648.37 12.30
85.76 -130.07 365 9876.48 15.30
96.72 -48.38 82 10357.69 18.30
137.58 -44.22 366 20217.82 21.30