0.00 0.00 0 6402.56 0.00
1.88 -0.45 -13 6355.64 0.10
4.08 -0.46 0 6364.62 0.20
6.33 0.16 15 6484.43 0.40
8.30 1.35 31 6702.88 0.50
9.85 2.99 47 6997.90 0.60
10.90 5.01 63 7357.03 0.70
11.36 7.21 78 7744.80 0.80
11.19 9.46 94 8135.97 0.90
10.41 11.60 110 8505.52 1.10
9.10 13.43 126 8816.95 1.20
7.32 14.84 141 9053.99 1.30
5.22 15.72 157 9194.11 1.40
3.01 15.99 173 9226.53 1.50
0.76 15.64 189 9149.52 1.70
-1.31 14.69 205 8993.38 1.80
-3.78 14.12 193 8896.87 1.90
-6.11 14.24 177 8939.32 2.00
-8.30 14.97 161 9106.76 2.10
-10.18 16.26 146 9384.84 2.20
-11.63 18.01 130 9754.18 2.40
-12.54 20.07 114 10182.01 2.50
-12.86 22.29 98 10639.80 2.60
-12.56 24.55 82 11097.22 2.70
-11.65 26.64 67 11514.90 2.80
-36.67 62.01 -235 21520.98 5.20
-40.64 43.37 -102 16872.28 6.20
-40.66 40.49 -90 16171.34 6.40
-40.26 36.98 -84 15305.47 6.50
-39.52 33.18 -79 14370.85 6.60
-38.54 29.08 -77 13383.21 6.70
-37.46 25.27 -74 12486.03 6.80
-36.15 21.24 -72 11556.55 6.90
-34.75 16.99 -72 10614.39 7.10
-33.35 12.68 -72 9702.09 7.20
-31.92 8.36 -72 8825.73 7.30
-30.51 4.02 -72 7991.03 7.40
-29.10 -0.28 -72 7202.19 7.50
-27.68 -4.61 -72 6450.17 7.60
-26.12 -10.04 -74 5576.23 7.80
-24.41 -14.69 -70 4861.74 7.90
-22.83 -18.90 -69 4254.07 8.00
-21.23 -23.17 -69 3680.60 8.20
-19.65 -27.38 -69 3154.50 8.30
-18.05 -31.65 -69 2663.56 8.40
-16.46 -35.95 -70 2211.65 8.50
-14.87 -40.19 -69 1806.17 8.60
-13.29 -44.43 -70 1441.72 8.80
-11.70 -48.67 -69 1118.29 8.90
-10.12 -52.89 -69 837.40 9.00
-8.52 -57.16 -69 594.51 9.10
-6.95 -61.40 -70 394.16 9.20
-5.36 -65.64 -69 234.83 9.30
-3.76 -69.94 -70 115.41 9.50
-2.17 -74.18 -69 38.61 9.60
-0.59 -78.40 -69 2.93 9.70