0.00 0.00 0 6402.56 0.00
2.21 -0.64 -16 6328.70 0.10
4.49 -0.73 -2 6326.15 0.30
6.82 -0.13 14 6444.91 0.40
8.90 1.13 31 6678.57 0.50
10.53 2.95 48 7004.73 0.60
11.58 5.37 67 7434.16 0.70
11.87 7.74 83 7848.35 0.90
11.46 10.11 100 8259.08 1.00
10.36 12.29 117 8630.75 1.10
8.55 14.10 135 8933.71 1.20
6.43 15.25 152 9117.32 1.30
3.86 15.73 169 9181.24 1.50
1.46 15.45 187 9115.09 1.60
-0.77 14.48 203 8953.53 1.70
-3.21 14.01 191 8872.53 1.80
-5.61 14.26 174 8936.78 1.90
-7.85 15.20 157 9141.70 2.10
-9.78 16.85 139 9491.40 2.20
-11.10 18.93 123 9922.94 2.30
-11.74 21.25 105 10400.24 2.40
-11.68 23.68 89 10895.69 2.50
-10.91 25.99 72 11361.16 2.70
-9.51 27.98 55 11756.25 2.80
-7.60 29.45 38 12042.49 2.90
-5.32 30.31 21 12201.20 3.00
-2.92 30.48 4 12217.43 3.10
-0.41 29.86 -14 12070.03 3.30
1.68 28.60 -31 11824.83 3.40
3.63 28.00 -17 11703.17 3.50
-23.12 32.11 171 13123.09 5.80
-31.13 3.50 254 7973.47 6.20
-32.52 1.37 237 7707.71 6.30
-34.39 -0.18 220 7578.45 6.50
-36.64 -1.12 203 7587.14 6.60
-39.20 -1.33 185 7744.15 6.70
-41.72 -0.73 167 8039.78 6.80
-43.81 0.47 150 8408.24 6.90
-45.53 2.37 132 8869.61 7.10
-46.57 4.57 115 9330.96 7.20
-46.90 7.14 97 9801.33 7.30
-46.49 9.52 80 10180.65 7.40
-45.39 11.69 63 10472.68 7.60
-43.71 13.45 46 10647.98 7.70
-41.59 14.65 29 10691.61 7.80
-39.19 15.18 12 10596.51 7.90
-36.81 14.99 -5 10379.36 8.00
-33.98 13.57 -27 9911.22 8.20
-32.08 11.66 -45 9430.51 8.30
-30.12 8.81 -55 8794.85 8.40
-28.33 5.41 -62 8096.84 8.50
-26.77 0.52 -72 7199.76 8.70
-24.89 -4.45 -69 6326.86 8.80
-23.15 -9.06 -69 5568.85 8.90
-21.45 -13.56 -69 4873.87 9.10
-19.72 -18.12 -69 4218.52 9.20
-18.23 -22.48 -71 3641.34 9.30
-16.70 -27.04 -71 3083.27 9.40
-15.15 -31.66 -71 2566.29 9.50
-13.62 -36.26 -72 2099.11 9.60
-12.09 -40.91 -72 1674.53 9.80
-10.46 -45.77 -71 1281.03 9.90
-8.94 -50.40 -72 956.24 10.00
-7.44 -54.97 -72 681.61 10.10
-5.90 -59.62 -72 450.08 10.20
-4.36 -64.24 -72 267.34 10.40
-2.96 -69.26 -74 124.11 10.50
-1.48 -74.55 -74 31.84 10.60
-0.17 -79.27 -75 0.56 10.80