0.00 0.00 0 6402.56 0.00
3.60 -0.27 -4 6391.16 0.10
6.92 -0.10 3 6453.79 0.20
10.21 0.57 11 6615.04 0.40
13.42 1.70 19 6873.07 0.50
16.45 3.25 27 7217.58 0.60
19.34 5.23 34 7654.05 0.70
21.99 7.57 41 8166.34 0.80
24.36 10.23 48 8748.40 1.00
26.43 13.16 55 9389.89 1.10
28.27 16.63 62 10147.44 1.20
29.66 19.97 67 10883.02 1.30
30.73 23.53 73 11671.48 1.40
31.43 27.18 79 12483.75 1.60
31.79 30.93 85 13324.93 1.70
31.80 34.67 90 14169.69 1.80
31.46 38.45 95 15029.29 1.90
30.79 42.22 100 15892.11 2.00
29.79 45.93 105 16752.94 2.10
28.49 49.53 110 17596.04 2.30
26.88 53.02 115 18424.17 2.40
24.97 56.43 119 19241.63 2.50
22.80 59.70 124 20040.50 2.60
20.37 62.82 128 20817.65 2.70
17.73 65.76 132 21564.63 2.90
14.84 68.65 135 22322.27 3.00
11.74 71.22 140 23010.51 3.10
8.52 73.51 145 23643.62 3.20
5.11 75.62 148 24246.63 3.30
1.57 77.48 152 24807.83 3.40
-2.09 79.11 156 25340.04 3.60
-5.14 80.90 150 25932.97 3.70
-7.84 83.02 142 26653.04 3.80
-10.30 85.52 135 27518.30 3.90
-12.44 88.30 128 28492.87 4.00
-14.26 91.36 121 29580.28 4.20
-15.72 94.64 114 30756.98 4.30
-59.36 28.58 -123 15315.57 7.20
-116.93 -53.35 -125 14386.54 10.20
-76.91 -26.91 33 8735.39 11.10
-73.32 -24.67 32 8438.73 11.20