0.00 0.00 0 3609.61 0.00
3.50 0.29 5 4041.46 0.10
7.60 1.01 10 4579.18 0.30
11.50 2.11 16 5125.56 0.40
15.58 3.69 21 5733.42 0.50
19.27 5.51 26 6321.24 0.60
22.82 7.68 31 6924.87 0.70
26.16 10.12 36 7531.95 0.90
29.33 12.89 41 8153.16 1.00
32.22 15.88 46 8763.80 1.10
34.90 19.14 51 9378.99 1.20
37.34 22.58 55 9989.97 1.30
39.49 26.23 59 10592.52 1.40
41.39 30.03 63 11186.24 1.60
43.01 34.00 68 11772.13 1.70
44.35 38.05 72 12342.28 1.80
45.40 42.19 76 12893.55 1.90
46.15 46.44 80 13429.29 2.00
46.58 50.69 84 13933.24 2.20
46.73 55.01 88 14421.69 2.30
46.59 59.32 92 14885.66 2.40
46.18 63.65 95 15329.77 2.50
45.49 67.94 99 15749.11 2.60
44.54 72.18 103 16142.01 2.70
43.31 76.32 107 16500.85 2.90
41.82 80.46 110 16843.69 3.00
40.09 84.47 113 17157.34 3.10
38.12 88.38 117 17442.22 3.20
35.92 92.22 120 17708.56 3.30
33.52 95.90 123 17946.86 3.50
30.91 99.45 126 18157.78 3.60
28.10 102.86 129 18345.24 3.70
25.12 106.09 133 18503.42 3.80
59.62 181.02 65 47087.68 6.60
-36.44 141.14 203 20476.91 9.60
-75.49 30.60 251 1206.45 12.60
-62.87 129.41 83 16765.24 15.60
-69.42 31.27 -94 1067.06 18.60
18.76 49.14 11 8631.05 20.50