0.00 0.00 0 3609.61 0.00
2.00 0.51 14 3853.12 0.10
4.08 1.78 31 4116.75 0.30
5.71 3.59 48 4336.19 0.40
6.73 5.80 65 4491.40 0.50
7.09 8.08 81 4569.55 0.60
6.75 10.49 98 4568.28 0.70
5.73 12.70 115 4482.75 0.80
4.10 14.51 132 4320.87 1.00
2.02 15.77 149 4096.11 1.10
-0.75 16.65 162 3788.53 1.20
-4.17 17.12 172 3410.21 1.30
-8.07 17.20 179 2992.43 1.40
-12.20 16.91 184 2571.06 1.50
-16.31 16.27 189 2173.38 1.70
-20.61 15.34 192 1786.87 1.80
-24.85 14.16 195 1436.27 1.90
-29.28 12.80 197 1107.77 2.00
-33.67 11.32 199 821.50 2.10
-38.01 9.70 200 577.68 2.30
-42.31 7.97 202 376.51 2.40
-46.79 6.14 202 212.13 2.50
-51.30 4.30 202 94.17 2.60
-55.60 2.43 203 25.30 2.70
-59.80 0.47 205 0.75 2.80