0.00 0.00 0 6402.56 0.00
3.74 0.15 2 6391.87 0.10
8.65 0.75 7 6358.05 0.30
13.30 1.55 10 6333.25 0.40
18.16 2.70 13 6307.55 0.50
23.13 4.18 17 6286.71 0.70
27.33 5.66 19 6275.88 0.80
31.66 7.46 23 6267.25 0.90
35.65 9.37 26 6261.64 1.00
39.75 11.62 29 6258.39 1.20
43.78 14.12 32 6259.34 1.30
47.44 16.66 35 6265.38 1.40
51.15 19.56 38 6272.36 1.50
54.52 22.47 41 6283.95 1.60
57.73 25.55 44 6299.35 1.80
60.91 29.00 47 6313.56 1.90
63.75 32.39 50 6333.84 2.00
66.43 35.94 53 6357.79 2.10
69.06 39.85 56 6383.45 2.20
71.45 43.88 59 6412.65 2.40
135.45 16.83 -23 22347.32 4.80
82.51 105.26 121 7447.60 7.80
-32.81 106.00 180 1766.91 10.80
12.97 202.97 65 15301.09 13.80
-77.07 223.30 167 26492.14 16.80
-0.76 297.47 44 47300.01 19.80
5.89 192.96 -86 12833.78 22.80