0.00 0.00 0 3609.00 0.00
-2.03 -0.53 15 3368.40 0.10
-3.99 -1.68 30 3145.90 0.20
-5.63 -3.37 46 2972.39 0.40
-6.94 -5.61 60 2850.88 0.50
-7.80 -8.25 72 2796.08 0.60
-8.08 -11.27 85 2825.40 0.70
-8.33 -8.82 96 2749.01 0.80
-9.30 -5.72 107 2604.76 0.90
-10.73 -3.08 118 2438.05 1.00
-12.70 -0.63 129 2238.27 1.10
-15.32 1.66 139 1999.43 1.30
-18.05 3.32 149 1770.89 1.40
-21.18 4.66 157 1528.87 1.50
-24.69 5.72 163 1279.53 1.60
-28.41 6.47 169 1039.76 1.70
-32.36 6.96 173 812.47 1.80
-36.49 7.11 178 603.02 1.90
-40.76 7.11 180 420.59 2.00
-45.16 6.99 181 269.18 2.20
-49.70 6.68 184 150.60 2.30
-54.19 6.33 184 75.04 2.40
-57.21 5.56 194 39.50 2.50
-60.08 4.27 204 18.76 2.60
-63.32 2.15 213 37.70 2.70