0.00 0.00 0 6404.00 0.00
-3.52 -0.30 5 6464.49 0.10
-7.57 -1.03 10 6623.60 0.30
-4.04 -0.23 13 6456.93 0.40
-7.16 -1.32 19 6664.95 0.50
-4.03 -0.12 21 6437.37 0.60
-5.19 -0.82 31 6561.53 0.70
-2.41 1.27 37 6206.43 0.80
0.60 3.99 42 5779.08 1.00
3.43 7.04 47 5336.08 1.10
6.02 10.33 52 4890.72 1.20
8.36 13.84 56 4447.45 1.30
10.43 17.54 61 4010.40 1.40
12.15 21.16 65 3610.58 1.50
13.70 25.14 69 3198.29 1.70
14.92 29.01 73 2823.19 1.80
15.97 33.25 76 2441.23 1.90
16.76 37.52 80 2085.25 2.00
17.30 41.89 83 1752.02 2.10
17.59 46.28 86 1446.89 2.20
17.68 50.75 89 1167.96 2.40
17.58 55.02 91 933.28 2.50
17.25 59.43 94 720.62 2.60
16.82 63.78 96 545.87 2.70
16.22 68.35 97 400.41 2.80
15.26 72.13 104 296.27 2.90
13.90 76.07 109 209.92 3.10
12.19 79.95 114 149.56 3.20
10.19 83.69 118 118.76 3.30
8.41 86.08 127 108.91 3.40
5.89 88.56 135 111.61 3.50
7.43 87.52 146 114.57 3.60
8.45 87.04 155 123.40 3.70
8.77 86.95 164 127.16 3.90
7.44 87.09 174 107.07 4.00
4.73 86.92 183 71.46 4.10
1.96 86.36 191 45.08 4.20
-0.99 85.28 200 49.07 4.30
-0.73 85.26 176 45.00 4.40
0.41 84.74 156 25.23 4.50
0.79 84.63 163 24.00 4.70
0.19 84.71 173 23.88 4.80
-0.72 84.68 181 40.09 4.90
0.04 84.42 161 21.77 5.00
-0.01 84.43 167 21.58 5.10
-0.56 84.45 177 36.95 5.20
0.23 84.16 159 19.58 5.40
0.30 84.14 165 19.16 5.50
-0.22 84.19 174 19.05 5.60
-1.37 84.11 184 36.44 5.70
-0.89 83.97 164 31.80 5.80
0.30 82.99 141 12.29 5.90