0.00 0.00 0 4900.00 0.00
2.59 0.07 2 4544.01 0.10
8.36 0.44 4 3799.09 0.30
13.05 0.55 1 3243.61 0.40
17.83 1.17 7 2723.47 0.50
22.83 2.20 12 2230.22 0.70
26.63 3.16 14 1890.66 0.80
30.18 4.92 26 1610.40 0.90
32.70 7.24 43 1443.96 1.00
33.89 9.06 57 1387.04 1.20
34.54 11.86 77 1399.72 1.30
34.20 14.64 97 1499.24 1.40
34.82 13.46 118 1423.13 1.50
36.26 11.90 133 1285.34 1.70
38.77 10.59 152 1095.08 1.80
40.86 10.12 167 959.98 1.90
43.66 10.48 187 814.24 2.10
46.19 11.76 207 718.32 2.20
48.17 13.85 227 693.48 2.30
49.21 15.75 241 707.41 2.40
49.65 18.57 261 790.33 2.60
49.12 21.40 281 928.99 2.70
49.44 20.72 295 890.22 2.80
51.52 18.65 315 731.48 3.00
54.10 17.42 335 602.64 3.10
56.18 17.03 349 531.29 3.20
58.99 17.49 369 481.94 3.30
61.46 18.88 389 490.47 3.50
62.93 20.34 405 529.13 3.60
64.13 22.87 425 628.04 3.70
64.36 25.63 445 766.30 3.80
64.00 27.70 460 884.08 4.00
63.90 27.88 478 901.03 4.10
66.03 25.99 498 785.04 4.20
73.65 27.68 553 808.64 4.60
86.64 87.84 978 8157.00 7.60
34.31 121.71 1407 16742.68 10.60
19.22 86.02 1687 10901.84 13.60
21.95 46.95 2254 6136.71 16.60
81.50 28.43 2683 2747.03 19.60
123.94 73.23 3107 10762.10 22.60