0.00 0.00 0 3609.00 0.00
-3.31 -0.26 5 3221.74 0.10
-7.14 -0.89 9 2802.98 0.20
-11.20 -1.90 14 2392.63 0.40
-14.93 -3.14 18 2048.46 0.50
-18.84 -4.78 23 1723.59 0.60
-22.63 -6.68 27 1447.48 0.70
-26.35 -8.88 31 1217.43 0.80
-29.92 -11.32 34 1038.92 0.90
-33.12 -13.81 38 918.37 1.10
-36.44 -16.70 41 839.34 1.20
-39.38 -19.56 44 809.12 1.30
-37.20 -17.16 48 815.43 1.40
-34.74 -13.87 53 835.07 1.50
-36.58 -16.82 58 835.46 1.60
-38.62 -20.60 62 882.28 1.70
-36.80 -17.24 62 838.76 1.90
-37.86 -19.89 68 886.56 2.00
-36.56 -16.57 69 827.06 2.10
-37.11 -18.57 75 869.18 2.20
-36.19 -14.99 76 794.34 2.30
-36.31 -15.87 83 815.77 2.40
-36.32 -16.29 88 828.36 2.60
-36.36 -15.64 94 805.25 2.70
-36.63 -13.88 99 740.34 2.80
-37.30 -11.18 104 642.02 2.90
-38.43 -7.87 109 528.23 3.00
-40.03 -4.22 114 417.69 3.20
-41.89 -0.74 118 329.14 3.30
-44.18 2.93 122 260.15 3.40
-45.67 4.86 128 230.11 3.50
-47.43 6.79 132 204.99 3.60
-49.61 8.80 137 189.00 3.70
-48.72 8.15 144 194.44 3.90
-51.51 9.95 147 173.94 4.00
-51.33 9.86 153 174.97 4.10
-51.18 9.80 159 176.14 4.20
-51.48 9.89 165 172.23 4.30
-52.23 10.02 170 162.51 4.40
-53.48 10.13 175 146.54 4.50
-55.16 10.12 180 127.16 4.70
-57.14 9.94 185 108.02 4.80
-59.28 9.56 190 92.86 4.90
-61.10 9.07 195 102.87 5.00
-60.60 9.09 182 84.24 5.10
-61.70 9.02 184 101.87 5.20
-60.36 8.79 170 79.10 5.40
-60.95 8.86 173 95.41 5.50
-59.22 8.26 161 71.00 5.60
-59.20 8.25 164 70.63 5.70
-59.71 8.35 169 71.42 5.80
-60.52 8.42 175 72.65 6.00
-61.57 8.43 180 90.32 6.10
-60.27 8.14 167 68.27 6.20
-60.63 8.19 171 83.53 6.30
-59.03 7.55 158 60.14 6.40
-58.95 7.52 161 59.91 6.50
-59.16 7.57 167 59.97 6.70
-59.67 7.64 172 60.20 6.80
-60.43 7.68 177 60.59 6.90
-61.50 7.63 183 78.13 7.00
-60.55 7.47 171 72.17 7.10
-58.89 6.70 155 48.73 7.20
-58.59 6.59 159 47.64 7.40
-58.77 6.64 164 47.56 7.50
-59.21 6.72 169 47.51 7.60
-59.88 6.78 175 47.49 7.70
-60.85 6.78 180 63.57 7.80
-59.68 6.51 167 44.47 7.90
-59.84 6.54 170 44.49 8.10
-60.46 6.60 175 45.15 8.20
-61.35 6.58 181 62.82 8.30
-60.53 6.42 169 56.71 8.40
-58.96 5.63 153 35.35 8.50
-58.77 5.55 157 34.57 8.70
-58.87 5.58 163 34.39 8.80
-59.23 5.66 168 34.29 8.90
-59.77 5.72 173 34.45 9.00
-60.30 5.73 179 34.39 9.10
-61.08 5.68 184 51.05 9.20
-60.33 5.56 171 32.67 9.40
-60.72 5.60 174 47.86 9.50
-59.66 5.23 161 29.72 9.60
-59.66 5.23 165 29.43 9.70
-59.99 5.29 170 29.65 9.80
-60.46 5.32 176 45.37 9.90
-59.64 5.06 162 27.71 10.10
-59.74 5.09 165 27.93 10.20
-60.08 5.15 171 28.17 10.30
-60.60 5.18 176 44.02 10.40
-59.77 4.93 163 26.27 10.50
-59.83 4.94 165 26.38 10.60
-60.16 4.99 171 26.64 10.80
-60.66 5.03 176 42.50 10.90
-59.96 4.81 163 25.12 11.00
-60.13 4.85 167 25.55 11.10
-60.42 4.90 172 40.14 11.20
-59.52 4.55 159 23.16 11.30
-59.47 4.53 162 23.07 11.50
-59.62 4.56 168 22.94 11.60
-59.91 4.60 173 22.86 11.70
-60.35 4.61 178 38.23 11.80
-59.64 4.42 164 21.60 11.90
-59.80 4.45 168 21.81 12.00
-60.14 4.49 173 21.87 12.20
-60.58 4.50 179 37.41 12.30
-59.95 4.34 166 20.83 12.40
-60.00 4.35 169 20.64 12.50
-60.41 4.39 174 35.48 12.60
-59.77 4.18 162 19.81 12.70
-59.72 4.17 165 19.43 12.90
-59.97 4.21 171 19.44 13.00
-60.37 4.24 176 34.94 13.10
-59.72 4.04 163 18.35 13.20
-60.02 4.11 167 18.83 13.30
-60.26 4.14 173 18.88 13.50
-60.70 4.16 178 34.57 13.60
-59.92 3.93 164 17.44 13.70