0.00 0.00 0 6418.49 0.00
-2.96 -0.36 7 6369.10 0.10
-6.47 -1.33 15 6232.72 0.20
-3.02 -0.57 12 6334.73 0.30
-5.62 -1.60 22 6179.37 0.50
-2.09 -0.46 18 6347.59 0.60
-4.58 -1.67 26 6170.61 0.70
-7.57 -3.61 33 5895.75 0.80
-8.47 -4.09 28 5835.98 0.90
-6.82 -3.43 22 5911.31 1.00
-3.07 -2.16 19 6084.32 1.10
-5.59 -3.40 26 5901.44 1.20
-4.19 -2.87 21 5981.25 1.40
-6.67 -4.05 25 5814.11 1.50
-3.42 -2.73 22 5997.50 1.60
-5.90 -4.19 31 5783.63 1.70
-4.59 -3.55 26 5880.51 1.80
-7.37 -5.37 33 5626.27 1.90
-8.24 -5.84 28 5569.74 2.00
-6.79 -5.24 22 5636.61 2.10
-3.05 -3.96 19 5807.03 2.30
-5.31 -5.07 26 5656.91 2.40
-8.28 -7.03 33 5395.09 2.50
-9.15 -7.51 28 5341.29 2.60
-7.75 -6.92 23 5403.41 2.70
-4.12 -5.57 20 5572.42 2.80
-6.66 -6.87 27 5395.08 2.90
-5.26 -6.27 23 5465.59 3.00
-1.25 -4.91 19 5656.12 3.10
-3.57 -6.05 26 5495.34 3.30
-6.56 -8.00 33 5229.97 3.40
-7.35 -8.40 27 5182.09 3.50
-5.81 -7.80 22 5249.07 3.60
-1.86 -6.57 17 5411.64 3.70
-4.25 -7.66 25 5266.87 3.80
-7.34 -9.52 31 5023.29 3.90
-5.95 -8.84 26 5101.40 4.00
-4.27 -8.18 21 5190.85 4.20
-6.90 -9.59 28 5006.82 4.30
-5.57 -8.98 25 5077.27 4.40
-1.73 -7.52 21 5271.22 4.50
-4.23 -8.89 29 5089.58 4.60
-7.13 -10.95 35 4821.20 4.70
-7.82 -11.34 30 4777.61 4.80
-6.28 -10.66 24 4849.08 4.90
-2.40 -9.31 19 5018.60 5.10
-4.98 -10.65 27 4837.05 5.20
-3.44 -10.05 21 4919.72 5.30
-6.09 -11.44 28 4740.21 5.40
-4.83 -10.92 22 4810.15 5.50
-7.41 -12.32 28 4638.26 5.60
-6.18 -11.79 23 4692.44 5.70
-2.21 -10.45 19 4858.46 5.90
-4.71 -11.65 26 4708.65 6.00
-7.73 -13.59 33 4473.00 6.10
-8.50 -13.99 27 4432.39 6.20
-7.21 -13.47 22 4480.22 6.30
-3.59 -12.34 17 4606.37 6.40
-5.88 -13.37 24 4475.78 6.50
-2.63 -12.18 20 4621.71 6.60
-5.12 -13.46 27 4455.61 6.80
-3.89 -12.95 23 4526.38 6.90
-6.55 -14.47 30 4339.23 7.00
-5.41 -13.95 25 4394.46 7.10
-1.79 -12.64 20 4555.73 7.20
-4.28 -13.92 27 4398.78 7.30
-7.40 -16.09 35 4142.23 7.40
-8.13 -16.50 29 4101.07 7.50
-6.79 -15.90 24 4156.32 7.70
-3.25 -14.69 19 4291.82 7.80
-5.69 -15.89 26 4144.43 7.90
-4.36 -15.41 20 4206.27 8.00
-7.07 -16.78 27 4048.60 8.10
-6.00 -16.36 21 4087.75 8.20
-2.51 -15.33 17 4205.09 8.30
-5.20 -16.55 24 4055.47 8.40
-2.03 -15.48 19 4182.93 8.60
-4.54 -16.72 26 4026.68 8.70
-3.42 -16.28 22 4087.13 8.80
-6.31 -17.91 29 3896.65 8.90
-5.16 -17.40 24 3946.92 9.00
-1.71 -16.26 18 4082.06 9.10
-4.34 -17.56 26 3932.09 9.20
-7.31 -19.51 33 3714.77 9.30
-8.14 -19.96 28 3673.65 9.50
-6.74 -19.38 22 3722.17 9.60
-3.30 -18.37 16 3825.19 9.70
-5.66 -19.38 23 3708.34 9.80
-2.67 -18.42 18 3814.96 9.90
-5.20 -19.62 25 3674.98 10.00
-2.13 -18.56 19 3795.10 10.10
-4.66 -19.81 26 3646.63 10.20
-3.44 -19.36 20 3704.21 10.40
-6.33 -20.88 28 3537.78 10.50
-5.29 -20.45 22 3576.21 10.60
-1.64 -19.40 16 3690.65 10.70
-4.17 -20.50 23 3573.11 10.80
-7.35 -22.42 31 3372.04 10.90
-6.34 -21.93 26 3414.87 11.00
-4.86 -21.38 20 3461.87 11.20
-1.52 -20.49 15 3559.61 11.30
-3.99 -21.45 21 3459.15 11.40
-7.20 -23.27 29 3272.90 11.50
-6.25 -22.83 24 3308.98 11.60
-3.03 -21.73 19 3420.47 11.70
-5.77 -23.15 27 3267.93 11.80
-4.80 -22.75 22 3302.49 11.90
-1.36 -21.75 16 3410.74 12.10
-3.97 -22.91 24 3289.97 12.20
-7.18 -24.89 32 3091.23 12.30
-7.88 -25.23 26 3063.98 12.40
-6.68 -24.79 20 3094.83 12.50
-3.59 -24.00 14 3165.22 12.60
-6.19 -25.02 21 3062.97 12.70
-3.36 -24.25 15 3135.50 12.90
-6.00 -25.35 23 3024.38 13.00
-2.98 -24.48 16 3107.80 13.10
-5.63 -25.61 23 2992.42 13.20
-2.66 -24.65 18 3086.49 13.30
-5.35 -25.90 25 2957.56 13.40
-2.46 -24.87 20 3060.73 13.50
-5.06 -26.18 27 2924.88 13.70
-4.01 -25.77 21 2958.84 13.80
-0.69 -24.69 18 3075.17 13.90
-3.47 -26.05 26 2937.22 14.00
-6.64 -28.14 33 2735.93 14.10
-7.24 -28.46 28 2710.92 14.20
-6.17 -28.03 22 2740.60 14.40
-3.15 -27.17 16 2817.25 14.50
-5.56 -28.19 23 2717.57 14.60
-3.01 -27.39 17 2793.41 14.70
-5.61 -28.57 25 2678.42 14.80
-2.83 -27.65 18 2764.85 14.90
-5.44 -28.86 25 2646.87 15.00
-2.81 -27.88 20 2739.10 15.10
-5.42 -29.23 27 2609.36 15.30
-4.45 -28.84 22 2639.15 15.40
-1.17 -27.90 16 2731.67 15.50
-3.84 -29.06 23 2611.81 15.60
-1.31 -28.20 19 2700.91 15.70
-3.82 -29.39 25 2578.42 15.80
-0.88 -28.45 18 2674.25 16.00
-3.45 -29.69 26 2557.20 16.10
-6.44 -31.62 33 2384.96 16.20
-7.16 -31.99 27 2358.38 16.30
-6.07 -31.55 22 2385.86 16.40
-3.34 -30.72 17 2455.33 16.50
-6.08 -31.97 24 2346.26 16.60
-3.77 -31.12 20 2404.78 16.80
0.19 -29.93 17 2522.73 16.90
-2.22 -31.07 25 2413.97 17.00
-5.40 -33.10 33 2230.94 17.10
-5.98 -33.40 27 2209.76 17.20
-4.93 -33.00 21 2235.28 17.30
-2.36 -32.26 16 2300.34 17.40
-5.06 -33.40 23 2198.68 17.60
-2.79 -32.68 18 2262.67 17.70
-5.63 -34.02 25 2147.44 17.80
-3.13 -33.17 19 2219.08 17.90
-5.72 -34.42 26 2112.38 18.00
-4.96 -34.14 21 2130.02 18.10
-2.28 -33.43 15 2189.83 18.30
-5.12 -34.59 22 2090.39 18.40
-2.86 -33.91 17 2148.49 18.50
-5.59 -35.11 24 2048.69 18.60
-3.25 -34.35 18 2095.88 18.70
0.65 -33.46 13 2183.36 18.80
-1.91 -34.38 20 2099.90 18.90
-5.06 -35.98 27 1965.51 19.10
-4.36 -35.69 22 1984.13 19.20
-1.85 -34.95 17 2049.22 19.30
-4.73 -36.25 24 1938.13 19.40
-2.54 -35.53 18 1999.65 19.50
-5.33 -36.88 26 1889.95 19.60
-4.64 -36.62 20 1904.87 19.70
-2.03 -35.96 14 1959.98 19.90
-4.71 -37.00 21 1873.07 20.00
-2.59 -36.40 16 1923.57 20.10
-5.44 -37.61 23 1828.17 20.20
-3.34 -36.93 18 1867.61 20.30
0.76 -35.95 13 1956.75 20.40
-1.93 -36.90 19 1876.31 20.50
-5.18 -38.61 28 1741.90 20.70
-4.53 -38.34 23 1758.14 20.80
-2.23 -37.60 18 1818.64 20.90
-5.00 -38.91 25 1715.46 21.00
-3.12 -38.18 21 1760.32 21.10
-0.32 -37.41 15 1830.08 21.20
-2.94 -38.47 22 1748.74 21.40
-6.19 -40.33 30 1614.28 21.50
-5.42 -39.99 24 1631.84 21.60
-3.14 -39.23 19 1673.90 21.70
0.71 -38.34 13 1752.47 21.80
-1.71 -39.26 21 1677.71 21.90
-5.03 -41.05 28 1544.39 22.00
-4.40 -40.78 24 1559.55 22.20
-2.06 -40.03 18 1618.08 22.30
-4.94 -41.40 25 1516.38 22.40
-3.13 -40.71 21 1555.15 22.50
-0.60 -40.04 15 1613.11 22.60
-3.31 -41.09 21 1526.52 22.70
-1.29 -40.54 15 1575.01 22.80
-4.00 -41.67 23 1487.15 23.00
-2.05 -41.06 17 1536.25 23.10
-4.72 -42.26 24 1448.23 23.20
-2.76 -41.62 18 1482.38 23.30
0.94 -40.88 11 1547.90 23.40
-1.75 -41.83 19 1475.02 23.50
-4.88 -43.41 27 1364.90 23.70
-4.35 -43.20 22 1375.26 23.80
-2.21 -42.58 16 1420.79 23.90
-5.10 -43.83 23 1336.49 24.00
-3.43 -43.27 18 1362.31 24.10
0.29 -42.40 13 1430.97 24.20
-2.29 -43.42 22 1358.63 24.30
-5.55 -45.26 29 1239.93 24.50
-5.10 -45.05 25 1249.43 24.60
-3.10 -44.34 20 1283.10 24.70
0.26 -43.56 13 1345.12 24.80
-2.25 -44.45 20 1283.91 24.90
-5.84 -46.35 28 1168.93 25.00
-5.41 -46.16 23 1176.24 25.20
-3.43 -45.55 17 1200.01 25.30
-0.20 -44.89 12 1249.69 25.40
-2.91 -45.79 18 1180.66 25.50
-0.08 -45.11 13 1233.25 25.60
-2.98 -46.19 20 1154.21 25.70
-1.29 -45.71 16 1193.61 25.80
-4.01 -46.86 23 1116.37 26.00
-2.37 -46.34 17 1154.51 26.10
-5.06 -47.57 25 1079.23 26.20
-3.47 -47.02 19 1101.30 26.30
-0.42 -46.30 13 1152.62 26.40
-3.15 -47.36 21 1076.94 26.50
-1.69 -46.95 16 1111.10 26.60
-4.68 -48.28 24 1029.87 26.80
-3.06 -47.75 18 1051.41 26.90
0.01 -47.06 13 1101.64 27.00
-2.75 -48.06 20 1029.60 27.10
-0.01 -47.37 14 1080.50 27.20
-2.67 -48.42 21 1006.55 27.30
-1.05 -47.97 16 1043.32 27.50
-4.03 -49.25 23 963.91 27.60
-2.55 -48.75 19 984.82 27.70
0.57 -48.04 13 1038.27 27.80
-2.46 -49.21 21 955.84 27.90
-0.95 -48.79 16 990.98 28.00
-3.91 -50.05 23 914.08 28.20
-2.50 -49.57 19 933.97 28.30
0.35 -48.87 14 985.28 28.40
-2.53 -49.98 21 909.55 28.50
-1.09 -49.58 15 942.41 28.60
-4.04 -50.82 23 869.94 28.70
-2.64 -50.38 17 885.92 28.80
0.37 -49.80 11 928.89 29.00
-2.48 -50.77 19 862.35 29.10
-0.19 -50.23 13 903.26 29.20
-2.92 -51.22 20 838.43 29.30
-0.47 -50.56 15 882.93 29.40
-3.25 -51.79 24 808.50 29.50
-2.01 -51.37 19 839.92 29.60
-4.91 -52.83 27 764.73 29.80
-4.47 -52.66 21 769.49 29.90
-2.82 -52.22 15 781.37 30.00
-0.21 -51.78 10 813.36 30.10
-2.90 -52.58 17 761.73 30.20
-0.77 -52.15 11 792.89 30.30
-3.60 -53.18 20 733.83 30.40
-1.50 -52.62 15 768.11 30.60
-4.09 -53.61 21 715.30 30.70
-2.75 -53.23 16 725.77 30.80
-0.38 -52.82 10 755.60 30.90
-3.26 -53.72 17 703.15 31.00
-1.34 -53.27 13 733.05 31.10
-4.29 -54.44 22 673.71 31.30
-3.03 -54.07 16 683.02 31.40
-0.57 -53.59 11 714.57 31.50
-3.31 -54.46 18 664.76 31.60
-1.29 -54.01 13 694.08 31.70
-4.29 -55.10 20 640.13 31.80
-2.10 -54.49 15 656.69 31.90
0.56 -54.05 9 690.51 32.10
-2.37 -54.94 17 635.25 32.20
-0.47 -54.57 11 663.79 32.30
-3.30 -55.51 18 612.40 32.40
-1.38 -55.00 15 642.75 32.50
-4.39 -56.28 23 584.02 32.60
-3.32 -55.94 18 591.78 32.80
-0.85 -55.44 11 620.90 32.90
-3.87 -56.50 19 568.86 33.00
-1.72 -56.01 13 579.97 33.10
1.34 -55.61 7 614.39 33.20
-1.48 -56.41 16 574.79 33.30
-4.74 -57.78 23 517.97 33.40
-3.46 -57.38 18 525.40 33.60
-1.31 -56.91 12 551.46 33.70
-4.21 -57.93 19 506.64 33.80
-2.40 -57.50 13 513.47 33.90
0.67 -57.10 7 542.57 34.00
-1.99 -57.91 17 493.81 34.10
-0.19 -57.54 11 521.23 34.30
-3.25 -58.62 19 469.26 34.40
-1.43 -58.16 14 495.24 34.50
-4.43 -59.39 22 446.34 34.60
-3.32 -59.08 16 450.52 34.70
-1.28 -58.72 10 471.14 34.80
-4.30 -59.70 18 432.13 35.00
-2.69 -59.33 13 435.96 35.10
0.22 -58.98 7 459.69 35.20
-2.40 -59.79 17 415.81 35.30
-0.64 -59.42 12 440.88 35.40
-3.36 -60.42 20 396.68 35.50
-2.58 -60.20 16 400.37 35.70
-0.51 -59.87 9 422.30 35.80
-3.18 -60.65 16 386.14 35.90
-1.69 -60.35 12 390.60 36.00
0.75 -60.03 7 416.86 36.10
-1.67 -60.79 17 373.60 36.20
-0.11 -60.45 12 399.19 36.30
-2.81 -61.52 22 351.49 36.50
-1.91 -61.26 16 356.50 36.60
-0.02 -60.93 10 380.30 36.70
-2.59 -61.77 18 340.81 36.80
-0.98 -61.39 13 363.95 36.90
-3.46 -62.40 22 323.58 37.00
-2.56 -62.11 18 328.14 37.20
-0.95 -61.74 13 351.32 37.30
-3.58 -62.85 23 309.04 37.40
-2.61 -62.54 17 313.23 37.50
-0.94 -62.20 12 334.54 37.60
-3.32 -63.09 21 298.88 37.70
-2.46 -62.85 16 301.93 37.90
-0.81 -62.55 10 322.08 38.00
-3.31 -63.48 21 285.72 38.10
-2.56 -63.27 16 288.13 38.20
-0.93 -62.98 10 307.42 38.30
-3.43 -63.92 21 272.19 38.40
-2.60 -63.69 15 274.35 38.60
-1.00 -63.41 10 292.99 38.70
-3.27 -64.23 20 261.12 38.80
-1.92 -63.88 15 265.26 38.90
-0.30 -63.61 9 285.40 39.00
-2.66 -64.47 20 250.08 39.10
-1.45 -64.15 15 255.11 39.30
0.18 -63.87 10 277.17 39.40
-2.20 -64.74 20 239.64 39.50
-1.34 -64.52 15 243.28 39.60
0.37 -64.26 9 264.75 39.70
-1.86 -65.03 19 229.28 39.80
-0.80 -64.74 15 249.42 40.00
-3.35 -65.97 26 210.12 40.10