0.00 0.00 0 6418.49 0.00
-2.11 -0.42 11 6354.28 0.10
-4.63 -1.63 26 6177.49 0.20
-6.79 -3.33 38 5927.17 0.30
-9.80 -5.52 36 5646.45 0.50
-11.45 -6.36 27 5555.93 0.60
-8.37 -5.36 18 5642.92 0.70
-4.64 -4.53 13 5734.16 0.80
-6.52 -5.44 26 5604.42 0.90
-3.32 -4.22 21 5768.60 1.00
-5.19 -5.47 34 5594.64 1.10
-7.16 -7.50 46 5310.40 1.20
-9.80 -10.01 43 4998.56 1.40
-12.85 -12.44 39 4732.94 1.50
-16.08 -14.62 34 4536.18 1.60
-17.68 -15.35 25 4493.96 1.70
-14.47 -14.31 18 4526.48 1.80
-10.65 -13.36 14 4556.24 1.90
-6.62 -12.70 9 4574.74 2.00
-2.68 -12.37 5 4598.22 2.10
-4.56 -12.97 18 4530.02 2.30
-6.83 -14.31 31 4363.85 2.40
-4.20 -13.21 23 4493.83 2.50
-6.07 -14.51 35 4327.94 2.60
-7.30 -15.15 27 4260.72 2.70
-4.14 -14.29 15 4350.88 2.80
-6.11 -15.33 28 4221.92 2.90
-3.21 -14.34 19 4338.02 3.00
-4.91 -15.28 29 4215.21 3.20
-2.21 -14.26 21 4341.96 3.30
-4.07 -15.44 32 4198.72 3.40
-6.07 -17.40 45 3958.64 3.50
-8.74 -19.84 42 3698.94 3.60
-11.83 -22.21 37 3482.82 3.70
-15.11 -24.33 33 3330.25 3.80
-16.51 -24.91 22 3310.05 3.90
-12.94 -23.87 16 3319.86 4.10
-9.10 -23.06 12 3325.83 4.20
-5.17 -22.59 7 3323.97 4.30
-0.96 -22.42 2 3334.55 4.40
-2.54 -22.80 14 3294.51 4.50
-4.92 -24.01 27 3160.84 4.60
-2.53 -23.22 18 3246.11 4.70
-4.60 -24.50 32 3104.07 4.80
-5.75 -25.01 24 3058.89 5.00
-2.34 -23.90 18 3168.44 5.10
-4.05 -24.87 29 3058.23 5.20
-1.55 -23.92 21 3162.29 5.30
-3.46 -25.12 32 3037.96 5.40
-5.51 -27.10 44 2831.52 5.50
-8.21 -29.50 42 2620.04 5.60
-11.55 -31.99 37 2440.42 5.80
-12.79 -32.61 26 2411.59 5.90
-10.48 -31.94 16 2421.28 6.00
-6.85 -31.26 11 2423.56 6.10
-2.89 -30.89 5 2438.22 6.20
-4.47 -31.34 16 2388.98 6.30
-1.14 -30.63 12 2455.83 6.40
-3.19 -31.63 26 2364.09 6.60
-5.33 -33.35 39 2207.40 6.70
-8.23 -35.46 36 2054.18 6.80
-9.35 -35.98 25 2026.62 6.90
-6.08 -34.85 19 2076.75 7.00
-2.24 -33.82 15 2153.73 7.10
-4.22 -34.89 29 2054.52 7.20
-2.37 -34.22 20 2116.37 7.30
-4.33 -35.43 32 2007.69 7.50
-5.24 -35.84 24 1979.88 7.60
-1.69 -34.74 17 2067.00 7.70
-3.47 -35.75 29 1972.53 7.80
-1.56 -35.02 21 2040.39 7.90
-3.60 -36.35 33 1921.04 8.00
-4.50 -36.77 25 1890.83 8.10
-1.03 -35.60 19 1988.80 8.30
-2.81 -36.69 31 1897.49 8.40
-4.84 -38.62 44 1738.85 8.50
-7.58 -41.02 41 1579.58 8.60
-10.96 -43.21 33 1476.04 8.70
-11.90 -43.60 23 1468.35 8.80
-8.59 -42.63 16 1471.94 8.90
-4.54 -41.80 12 1481.57 9.10
-0.55 -41.24 8 1519.83 9.20
-2.36 -41.84 18 1477.97 9.30
-4.65 -43.25 32 1374.68 9.40
-5.45 -43.60 24 1356.54 9.50
-1.90 -42.47 18 1427.81 9.60
-3.75 -43.57 31 1343.37 9.70
-2.06 -42.92 21 1394.32 9.90
-3.98 -44.10 32 1307.07 10.00
-4.84 -44.47 23 1287.51 10.10
-1.59 -43.47 17 1352.68 10.20
-3.40 -44.49 29 1275.07 10.30
-1.98 -43.94 21 1319.20 10.40
-4.06 -45.30 33 1223.05 10.50
-4.79 -45.65 26 1204.69 10.60
-1.34 -44.50 19 1278.41 10.80
-3.14 -45.61 32 1194.91 10.90
-3.86 -45.93 24 1177.31 11.00
-0.68 -44.96 17 1244.43 11.10
-2.53 -46.01 30 1164.21 11.20
-1.06 -45.45 21 1209.68 11.30
-3.15 -46.80 33 1114.73 11.40
-3.93 -47.16 25 1096.00 11.60
-0.91 -46.23 17 1157.40 11.70
-2.87 -47.33 29 1077.49 11.80
-1.39 -46.79 20 1120.19 11.90
-3.34 -47.98 31 1038.88 12.00
-1.98 -47.42 22 1080.67 12.10
-3.94 -48.72 34 996.30 12.30
-4.67 -49.08 26 980.30 12.40
-3.08 -48.64 15 994.78 12.50
0.55 -48.01 10 1040.58 12.60
-1.17 -48.69 22 996.67 12.70
-3.42 -50.23 34 900.48 12.80
-4.08 -50.56 26 885.82 12.90
-2.82 -50.18 17 898.69 13.10
1.09 -49.44 11 951.74 13.20
-0.72 -50.21 23 903.36 13.30
-2.91 -51.79 36 807.11 13.40
-3.51 -52.10 27 793.06 13.50
-2.21 -51.69 17 807.78 13.60
1.64 -50.91 11 865.44 13.70
-0.23 -51.75 24 813.25 13.80
-2.50 -53.52 38 710.09 14.00
-4.45 -54.65 30 664.64 14.10
-3.56 -54.32 20 673.86 14.20
-0.26 -53.72 10 707.41 14.30
-2.40 -54.66 24 650.03 14.40
0.29 -53.88 16 698.58 14.50
-1.76 -55.03 29 641.18 14.70
-3.83 -56.88 42 551.86 14.80
-5.71 -58.16 34 511.98 14.90
-6.16 -58.37 24 507.91 15.00
-3.73 -57.76 14 509.95 15.10
0.05 -57.17 9 538.12 15.20
-1.64 -57.80 20 497.66 15.30
0.88 -57.31 11 532.37 15.40
-1.13 -58.15 23 493.89 15.60
-3.35 -59.73 35 424.64 15.70
-3.77 -59.94 27 418.66 15.80
-2.89 -59.69 16 422.67 15.90
0.47 -59.15 9 451.82 16.00
-1.43 -59.88 21 408.69 16.10
0.67 -59.42 12 440.64 16.20
-1.45 -60.41 25 388.02 16.40
0.54 -59.82 16 423.43 16.50
-1.59 -61.00 29 365.82 16.60
-0.91 -60.74 21 387.07 16.70
-3.11 -62.16 33 330.48 16.80
-3.54 -62.36 25 325.78 16.90
-1.41 -61.81 14 334.53 17.10
1.71 -61.40 7 366.42 17.20
-0.24 -62.09 19 336.20 17.30
-2.53 -63.52 32 280.48 17.40
-3.00 -63.74 24 275.49 17.50
-0.97 -63.22 14 298.64 17.60
-2.96 -64.16 25 261.79 17.70
-1.07 -63.64 15 284.85 17.90
-3.10 -64.66 27 247.12 18.00
-2.53 -64.47 19 249.25 18.10
0.55 -64.03 8 272.23 18.20
-1.37 -64.71 19 237.43 18.30
1.33 -64.19 11 268.60 18.40
-0.65 -65.02 23 239.94 18.50
-2.85 -66.62 36 189.64 18.60
-3.25 -66.83 27 186.29 18.80
-2.60 -66.62 18 187.41 18.90
0.07 -66.26 8 205.49 19.00
-2.09 -67.05 20 173.72 19.10
0.20 -66.62 11 195.92 19.20
-1.94 -67.54 23 161.02 19.30
-0.52 -67.18 14 180.63 19.50
-2.65 -68.19 25 148.40 19.60
-1.50 -67.82 18 152.21 19.70
0.88 -67.47 8 174.49 19.80
-1.35 -68.32 21 140.10 19.90
-0.14 -68.06 12 159.38 20.00
-2.34 -69.05 24 127.24 20.10
-1.28 -68.74 16 130.03 20.30
0.89 -68.44 8 151.28 20.40
-1.28 -69.21 20 119.69 20.50
0.41 -68.85 12 141.23 20.60
-1.58 -69.72 23 110.17 20.70
-0.46 -69.43 14 127.89 20.80
-2.58 -70.47 26 99.82 20.90
-2.26 -70.36 17 99.65 21.10
-0.33 -70.12 7 115.41 21.20
-1.89 -70.74 22 91.27 21.30
-0.82 -70.48 13 92.65 21.40
1.77 -70.33 3 114.30 21.50
0.25 -70.82 18 100.38 21.60
-2.02 -72.28 33 66.19 21.80
-2.28 -72.40 25 64.87 21.90
-1.49 -72.20 15 64.82 22.00
0.15 -72.05 5 80.86 22.10
-1.08 -72.51 21 59.17 22.20
-0.18 -72.32 12 75.83 22.30
-1.71 -73.12 27 52.57 22.40
-1.47 -73.03 20 52.75 22.60
-0.49 -72.85 10 68.21 22.70
-1.93 -73.54 26 47.66 22.80
-1.63 -73.44 18 47.31 22.90
-0.28 -73.25 8 62.49 23.00
-1.64 -73.87 25 42.26 23.10
-0.94 -73.65 17 42.85 23.20
0.33 -73.48 8 59.39 23.40
-1.06 -74.15 26 37.29 23.50
-0.46 -73.95 18 38.47 23.60
0.73 -73.77 9 56.19 23.70
-0.59 -74.40 26 33.66 23.80
-0.02 -74.21 18 49.49 23.90
-1.33 -75.13 35 28.03 24.00
-1.49 -75.22 28 27.36 24.20
-1.27 -75.14 18 26.88 24.30
-0.28 -75.00 8 41.87 24.40
-1.27 -75.48 26 24.03 24.50
-0.68 -75.28 18 24.39 24.60
0.23 -75.14 9 40.49 24.70
-0.82 -75.68 27 21.63 24.80
-0.75 -75.65 21 21.46 25.00
-0.16 -75.54 11 36.77 25.10
-1.27 -76.23 32 18.41 25.20