0.00 0.00 0 6404.00 0.00
-4.16 -0.17 2 6448.79 0.20
-9.02 -0.53 4 6566.65 0.30
-5.04 -0.49 1 6507.83 0.40
-8.66 -0.77 4 6599.00 0.60
-4.87 -0.66 2 6533.33 0.70
-8.67 -1.11 7 6653.95 0.80
-4.58 -0.66 6 6531.03 0.90
-8.46 -1.28 9 6679.09 1.10
-4.84 -0.55 11 6514.95 1.20
-8.12 -1.46 15 6701.64 1.30
-4.02 -0.18 17 6448.20 1.40
-5.63 -0.80 21 6562.73 1.60
-6.11 -1.01 24 6600.37 1.70
-1.99 0.81 24 6277.85 1.80
-1.99 0.81 28 6277.54 1.90
-1.17 1.31 31 6195.54 2.10
-0.20 1.98 35 6088.76 2.20
1.93 3.69 39 5829.27 2.30
4.89 6.38 42 5446.24 2.40
7.76 9.29 45 5062.11 2.60
11.14 12.86 47 4633.57 2.70
14.44 16.55 48 4236.41 2.80
17.49 20.25 51 3877.62 2.90
20.52 24.15 52 3541.10 3.10
23.44 28.12 54 3242.42 3.20
26.26 32.15 55 2979.67 3.30
28.97 36.29 57 2750.84 3.40
31.59 40.49 58 2560.43 3.60
34.09 44.76 60 2405.57 3.70
36.50 49.08 61 2289.13 3.80
38.78 53.47 63 2211.42 3.90
38.17 51.97 68 2246.38 4.10
37.44 49.84 71 2311.92 4.20
38.88 53.99 71 2190.85 4.30
38.47 52.42 76 2243.61 4.40
38.22 51.16 79 2292.82 4.60
39.11 55.63 79 2126.19 4.70
39.13 55.74 83 2121.81 4.80
39.17 56.34 86 2096.16 4.90
39.17 57.02 89 2064.63 5.10
39.11 58.53 92 1992.29 5.20
38.95 60.12 96 1913.70 5.30
38.58 62.40 99 1800.21 5.40
38.08 64.70 102 1685.56 5.60
37.28 67.63 105 1544.21 5.70
36.36 70.41 108 1415.44 5.80
35.12 73.64 111 1275.13 5.90
33.76 76.73 114 1151.22 6.10
32.08 80.05 117 1030.88 6.20
30.82 82.28 120 956.27 6.30
29.56 84.24 123 892.76 6.40
27.96 86.48 125 825.04 6.60
26.27 88.61 128 765.40 6.70
24.29 90.88 131 709.58 6.80
22.22 93.03 134 664.29 6.90
19.84 95.27 137 630.37 7.10
20.67 94.64 143 642.03 7.20
18.06 96.52 144 602.22 7.30
18.68 96.13 148 612.13 7.40
19.30 95.80 152 624.70 7.60
19.47 95.72 155 628.66 7.70
19.66 95.64 159 633.61 7.80
19.34 95.75 162 624.24 8.00
19.01 95.83 166 613.97 8.10
18.19 95.99 169 588.25 8.20
16.94 96.16 172 550.01 8.30
15.64 96.27 175 510.61 8.50
13.94 96.32 178 462.07 8.60
12.34 96.29 181 418.73 8.70
10.49 96.16 184 372.20 8.80
8.67 95.94 187 330.07 9.00
6.73 95.61 190 289.90 9.10
4.84 95.19 193 254.87 9.20
2.87 94.64 195 223.46 9.30
1.03 94.03 198 198.61 9.50
-0.80 93.34 201 179.17 9.60
-2.61 92.57 203 184.99 9.70
-2.36 92.63 195 184.52 9.80
-1.57 92.70 185 181.43 10.00
-0.32 92.60 175 160.34 10.10
-1.00 92.64 177 177.64 10.20
0.20 92.39 168 155.35 10.30
-0.21 92.47 170 157.13 10.50
-0.88 92.54 173 159.80 10.60
-1.56 92.58 177 177.56 10.70
-0.48 92.39 170 155.38 10.80
-0.95 92.46 172 172.06 11.00
0.34 92.10 165 148.50 11.10
0.16 92.14 167 149.44 11.20
-0.28 92.22 170 151.10 11.40
-1.01 92.30 174 168.34 11.50
0.25 92.02 167 146.48 11.60
0.04 92.06 169 147.10 11.70
-0.56 92.14 172 149.39 11.90
-1.24 92.19 175 167.04 12.00
-0.14 91.95 168 144.86 12.10
-0.21 91.97 169 144.98 12.20
-0.86 92.06 172 162.18 12.40
0.50 91.68 164 138.60 12.50
0.30 91.73 166 139.61 12.60
-0.12 91.81 169 141.07 12.80
-0.69 91.88 173 143.25 12.90
-1.42 91.92 176 161.02 13.00
-0.34 91.72 169 139.08 13.10
-0.65 91.77 171 140.60 13.30
-1.46 91.84 175 159.06 13.40
-0.26 91.56 167 135.64 13.50
-0.49 91.60 169 136.59 13.70
-1.09 91.68 172 153.70 13.80
0.25 91.31 165 130.04 13.90
-0.03 91.38 167 131.42 14.10
-0.42 91.44 170 132.82 14.20
-1.09 91.51 174 149.79 14.30
0.33 91.15 166 126.42 14.50
0.12 91.20 168 127.31 14.60
-0.40 91.27 172 128.86 14.80
-1.13 91.32 176 146.20 14.90
-0.05 91.10 169 124.91 15.10
-0.46 91.17 171 126.63 15.20
-1.11 91.23 174 143.45 15.30
0.04 90.98 167 122.48 15.40
-0.22 91.03 170 123.30 15.60
-0.79 91.10 173 139.76 15.70
0.42 90.78 166 118.45 15.80
0.22 90.83 167 119.30 15.90
-0.12 90.89 171 120.21 16.10
-0.72 90.95 174 122.17 16.20
-1.32 90.98 177 139.18 16.30
-0.29 90.79 169 118.24 16.40
-0.75 90.86 172 120.20 16.60
-1.35 90.92 175 136.98 16.70
-0.18 90.66 168 115.66 16.80
-0.28 90.68 170 115.84 16.90
-0.98 90.76 173 132.76 17.10
0.19 90.47 166 111.53 17.20
0.03 90.50 168 112.20 17.30
-0.28 90.55 171 113.05 17.40
-0.80 90.60 174 129.05 17.60
0.32 90.34 167 109.01 17.70
0.14 90.38 169 109.39 17.80
-0.40 90.45 172 111.05 18.00
-1.00 90.49 176 127.85 18.10
-0.00 90.28 168 107.59 18.20
-0.13 90.30 170 107.80 18.40
-0.65 90.36 173 109.48 18.50
-1.23 90.40 177 126.40 18.60
-0.23 90.20 169 105.71 18.70
-0.51 90.24 170 106.91 18.90
-1.06 90.30 174 123.29 19.00
0.06 90.04 167 102.69 19.10
-0.12 90.07 169 103.16 19.20
-0.63 90.15 172 105.05 19.40
-1.21 90.19 175 122.16 19.50
0.03 89.87 165 99.39 19.60
-0.12 89.91 167 100.08 19.70
-0.48 89.96 171 101.18 19.90
-1.03 90.02 174 117.40 20.00
0.09 89.76 167 97.22 20.10
0.04 89.77 169 97.15 20.30
-0.53 89.85 172 98.96 20.40
-1.10 89.89 175 115.91 20.50
-0.23 89.71 168 96.06 20.70
-0.62 89.78 170 97.69 20.80
-1.16 89.84 174 114.17 20.90
-0.07 89.56 166 93.43 21.10
-0.28 89.61 168 94.34 21.20
-0.67 89.66 172 95.51 21.30
-1.19 89.71 175 112.47 21.40
-0.32 89.52 168 92.70 21.60
-0.60 89.57 171 93.59 21.70
-1.17 89.63 174 110.04 21.80
-0.18 89.40 167 90.31 21.90
-0.33 89.43 169 90.67 22.10
-0.83 89.49 172 106.80 22.20
0.14 89.24 165 87.42 22.30
0.03 89.27 167 87.83 22.50
-0.41 89.34 171 89.00 22.60
-0.85 89.38 175 104.66 22.70
0.10 89.17 167 86.01 22.80
-0.11 89.20 170 86.43 23.00
-0.58 89.26 173 87.83 23.10
-1.10 89.29 177 104.41 23.20
-0.23 89.12 169 84.98 23.40
-0.54 89.17 171 86.14 23.50
-1.03 89.22 174 102.15 23.60
-0.06 89.00 167 82.95 23.70
-0.16 89.02 168 83.08 23.90
-0.76 89.10 173 99.36 24.00
0.18 88.86 165 80.40 24.20
0.07 88.88 167 80.79 24.30
-0.29 88.94 171 81.67 24.40
-0.73 88.98 174 97.26 24.60
0.31 88.73 166 78.24 24.70
0.18 88.76 168 78.38 24.80
-0.33 88.83 172 79.77 24.90
-0.83 88.87 175 96.19 25.10
-0.04 88.69 167 77.56 25.20
-0.04 88.69 169 77.29 25.30
-0.48 88.76 172 78.59 25.50
-0.97 88.80 175 95.13 25.60
-0.13 88.61 167 76.03 25.70
-0.42 88.65 170 76.75 25.90
-0.88 88.70 174 92.52 26.00
-0.02 88.50 167 74.19 26.10
-0.12 88.52 169 74.27 26.20
-0.64 88.59 173 90.14 26.40
0.32 88.33 165 71.41 26.50
0.14 88.37 167 72.01 26.60
-0.12 88.41 171 72.42 26.80
-0.66 88.46 175 88.01 26.90
0.28 88.25 167 70.04 27.00
0.13 88.28 169 70.19 27.20
-0.34 88.33 173 71.23 27.30
-0.86 88.36 177 87.48 27.40
-0.12 88.21 169 69.13 27.60
-0.40 88.26 170 70.08 27.70
-0.87 88.31 173 85.88 27.80
0.02 88.09 166 67.35 27.90
-0.09 88.11 168 67.72 28.10
-0.35 88.15 171 68.22 28.20
-0.84 88.20 175 83.89 28.30
0.08 87.98 167 65.60 28.50
-0.05 88.00 169 65.74 28.60
-0.44 88.06 172 66.81 28.70
-0.88 88.09 175 83.09 28.90
-0.12 87.92 167 64.74 29.00
-0.25 87.95 169 64.90 29.10
-0.66 88.00 173 80.39 29.20
0.25 87.76 165 62.24 29.40
0.07 87.80 168 62.50 29.50
-0.40 87.86 172 63.70 29.70
-0.81 87.90 175 79.85 29.80
-0.05 87.72 167 61.60 29.90
-0.20 87.75 170 61.81 30.10
-0.64 87.80 173 77.32 30.20
0.19 87.58 165 59.52 30.30
0.06 87.61 168 59.91 30.50
-0.22 87.65 171 60.33 30.60
-0.64 87.69 175 75.59 30.70
0.20 87.50 167 58.30 30.80
0.05 87.53 169 58.42 31.00
-0.42 87.59 173 59.40 31.10
-0.86 87.61 177 75.46 31.20
-0.12 87.46 169 57.37 31.40
-0.48 87.52 171 58.42 31.50
-0.90 87.56 175 73.90 31.60
-0.01 87.35 167 55.92 31.80
-0.13 87.37 169 56.05 31.90
-0.58 87.43 172 71.57 32.00
0.40 87.14 163 53.08 32.20
0.45 87.12 164 52.91 32.30
0.15 87.19 168 53.69 32.50
-0.14 87.24 171 54.06 32.60
-0.56 87.27 175 69.22 32.70
0.21 87.10 167 52.40 32.80
0.21 87.10 168 52.13 33.00
-0.15 87.15 171 52.88 33.10
-0.60 87.19 175 68.90 33.20
0.04 87.04 167 51.56 33.40
-0.01 87.05 168 51.44 33.50
-0.50 87.12 172 52.63 33.60
-0.92 87.15 176 68.80 33.80
-0.16 86.97 167 50.54 33.90
-0.44 87.02 170 51.17 34.00
-0.86 87.07 173 66.74 34.20
0.00 86.84 165 48.75 34.30
-0.05 86.85 167 48.91 34.40
-0.25 86.89 170 49.21 34.60
-0.64 86.93 173 64.48 34.70
0.22 86.70 165 46.88 34.80
0.29 86.68 166 46.66 35.00
0.11 86.72 169 46.80 35.10
-0.23 86.76 172 47.46 35.20
-0.54 86.79 175 63.16 35.40
0.15 86.63 167 45.89 35.50
0.10 86.64 169 45.74 35.60
-0.24 86.68 173 46.37 35.80
-0.63 86.71 176 62.20 35.90
0.06 86.56 168 44.98 36.00
-0.04 86.58 170 44.95 36.10
-0.41 86.62 173 45.68 36.30
-0.75 86.64 177 61.45 36.40
-0.13 86.52 169 44.23 36.50
-0.31 86.55 171 44.69 36.70
-0.68 86.59 174 59.84 36.80
0.06 86.41 167 43.11 36.90
-0.04 86.43 169 43.09 37.10
-0.35 86.48 172 43.75 37.20
-0.69 86.50 176 59.55 37.30
-0.03 86.34 166 42.16 37.50
-0.03 86.34 168 42.16 37.60
-0.24 86.37 171 42.36 37.70
-0.60 86.41 175 57.40 37.90
0.14 86.23 167 40.85 38.00
0.04 86.25 169 40.81 38.10
-0.30 86.30 173 41.45 38.20
-0.64 86.32 176 57.19 38.40
-0.03 86.19 168 40.25 38.50
-0.18 86.22 170 40.35 38.60
-0.52 86.26 173 55.40 38.80
0.14 86.08 165 38.97 38.90
0.04 86.10 168 39.22 39.00
-0.17 86.14 171 39.38 39.20
-0.54 86.17 175 54.36 39.30
0.10 86.02 167 38.24 39.40
0.13 86.02 168 37.91 39.60
-0.21 86.07 172 38.53 39.70
-0.55 86.10 175 54.27 39.80
0.06 85.95 166 37.34 40.00
-0.12 85.98 169 37.48 40.10