0.00 0.00 0 6418.49 0.00
-1.96 -0.49 14 6342.03 0.10
-3.95 -1.64 30 6170.40 0.20
-5.55 -3.30 46 5917.43 0.30
-7.77 -4.96 37 5693.43 0.50
-10.21 -6.04 24 5576.09 0.60
-7.85 -5.56 11 5603.90 0.70
-4.76 -5.61 -1 5574.69 0.80
-6.58 -6.02 13 5517.44 0.90
-3.86 -5.90 3 5523.17 1.00
-5.78 -6.50 17 5437.43 1.10
-3.18 -6.18 7 5477.70 1.30
-4.92 -6.85 21 5391.01 1.40
-6.76 -8.23 37 5198.46 1.50
-9.00 -9.36 27 5073.63 1.60
-6.69 -8.81 13 5114.02 1.70
-3.39 -8.78 1 5102.31 1.80
-5.04 -9.19 14 5041.46 1.90
-2.16 -9.04 3 5057.66 2.00
-3.89 -9.57 17 4992.20 2.20
-5.81 -10.80 33 4825.40 2.30
-8.09 -11.65 21 4738.94 2.40
-5.81 -11.31 9 4753.44 2.50
-2.51 -11.34 -1 4738.97 2.60
-4.24 -11.75 13 4693.03 2.70
-6.35 -12.97 30 4535.18 2.80
-3.96 -12.11 20 4639.67 3.00
-5.52 -13.17 34 4499.83 3.10
-7.61 -14.00 22 4416.45 3.20
-5.23 -13.64 9 4432.47 3.30
-2.28 -13.75 -2 4412.62 3.40
-4.04 -14.12 12 4373.23 3.50
-6.08 -15.20 28 4238.80 3.60
-3.64 -14.40 18 4332.21 3.70
-5.34 -15.49 33 4192.21 3.90
-7.29 -16.25 21 4119.62 4.00
-5.01 -15.94 8 4129.91 4.10
-1.87 -16.14 -4 4100.13 4.20
-3.83 -16.49 10 4064.82 4.30
-5.73 -17.38 25 3956.09 4.40
-3.30 -16.72 15 4031.58 4.50
-4.92 -17.64 30 3915.63 4.60
-2.51 -16.77 20 4019.91 4.80
-4.01 -17.76 33 3903.27 4.90
-5.50 -19.49 49 3695.45 5.00
-7.61 -21.26 40 3511.61 5.10
-10.10 -22.58 28 3400.98 5.20
-7.80 -21.96 15 3430.85 5.30
-4.88 -21.77 4 3415.99 5.40
-1.76 -22.18 -7 3366.16 5.50
-3.25 -22.28 4 3359.87 5.70
-5.37 -23.05 20 3273.84 5.80
-2.81 -22.60 10 3319.56 5.90
-4.51 -23.36 24 3230.92 6.00
-1.91 -22.75 13 3297.96 6.10
-3.69 -23.70 28 3197.43 6.20
-5.36 -25.32 44 3021.78 6.30
-7.48 -26.86 36 2882.38 6.40
-9.44 -27.52 19 2844.52 6.60
-6.94 -27.26 6 2830.74 6.70
-3.76 -27.55 -5 2765.44 6.80
-0.73 -28.39 -15 2685.09 6.90
-2.25 -28.31 -3 2695.39 7.00
-4.61 -28.89 14 2634.78 7.10
-1.95 -28.72 4 2650.84 7.20
-3.72 -29.29 18 2587.49 7.30
-1.10 -28.95 7 2624.88 7.50
-2.80 -29.62 21 2561.10 7.60
-4.71 -31.13 38 2413.15 7.70
-7.16 -32.49 29 2310.30 7.80
-4.80 -31.79 17 2349.36 7.90
-1.83 -31.48 6 2374.88 8.00
-3.54 -32.08 19 2310.05 8.10
-0.98 -31.66 9 2354.61 8.30
-2.68 -32.40 23 2288.28 8.40
-4.56 -33.99 40 2140.94 8.50
-6.83 -35.34 31 2043.01 8.60
-4.68 -34.68 17 2077.20 8.70
-1.68 -34.41 5 2099.23 8.80
-3.32 -34.96 19 2041.18 8.90
-0.76 -34.57 9 2081.44 9.00
-2.60 -35.38 24 2012.72 9.20
-4.40 -36.87 40 1882.53 9.30
-6.67 -38.27 32 1788.50 9.40
-8.41 -38.65 12 1781.93 9.50
-5.82 -38.71 -1 1739.87 9.60
-2.68 -39.44 -13 1672.77 9.70
-4.36 -39.44 0 1665.31 9.80
-1.54 -39.92 -10 1629.44 10.00
-3.37 -40.05 4 1608.68 10.10
-0.54 -40.37 -7 1589.87 10.20
-2.38 -40.63 8 1572.71 10.30
-4.46 -41.54 24 1501.06 10.40
-1.86 -40.95 13 1545.04 10.50
-3.52 -41.78 26 1475.66 10.60
-0.80 -41.02 15 1535.80 10.80
-2.44 -41.95 29 1468.57 10.90
-4.06 -43.58 45 1346.02 11.00
-6.39 -45.28 36 1248.71 11.10
-7.88 -45.70 16 1240.32 11.20
-5.44 -45.61 2 1213.06 11.30
-2.22 -46.15 -9 1170.02 11.40
-3.94 -46.26 4 1155.07 11.50
-1.10 -46.58 -6 1137.68 11.70
-2.87 -46.80 7 1111.91 11.80
-0.05 -46.95 -3 1110.85 11.90
-1.89 -47.32 11 1088.15 12.00
-4.02 -48.46 28 1013.10 12.10
-1.81 -47.80 17 1055.79 12.20
-3.58 -48.88 31 983.59 12.40
-1.43 -48.12 19 1033.59 12.50
-3.13 -49.29 35 955.31 12.60
-4.51 -49.72 17 938.87 12.70
-1.58 -49.66 1 941.78 12.80
-3.22 -50.08 15 907.13 12.90
-0.46 -49.87 4 925.58 13.00
-2.34 -50.52 19 876.45 13.20
0.19 -50.11 9 910.21 13.30
-1.80 -51.04 25 856.15 13.40
-3.53 -52.56 41 768.46 13.50
-5.88 -53.99 31 713.22 13.60
-4.04 -53.48 16 721.47 13.70
-1.03 -53.33 3 729.79 13.80
-2.83 -53.88 17 691.87 13.90
-0.23 -53.58 7 715.96 14.10
-1.97 -54.23 21 669.78 14.20
0.76 -53.76 10 705.93 14.30
-0.94 -54.51 24 665.80 14.40
-2.69 -55.96 40 587.89 14.50
-5.05 -57.38 31 539.25 14.60
-3.46 -57.02 13 541.50 14.70
-0.38 -56.99 1 548.05 14.90
-2.11 -57.41 14 516.15 15.00
0.77 -57.27 3 534.72 15.10
-1.06 -57.84 17 508.39 15.20
-3.07 -59.20 34 444.78 15.30
-4.06 -59.46 15 440.09 15.40
-1.34 -59.42 1 443.61 15.50
-3.11 -59.89 15 415.98 15.70
-0.29 -59.69 4 430.30 15.80
-2.09 -60.26 18 395.52 15.90
0.67 -59.91 7 421.55 16.00
-1.20 -60.68 22 389.89 16.10
-3.00 -62.11 38 331.95 16.20
-5.32 -63.33 28 308.37 16.30
-4.02 -63.17 7 300.61 16.50
-1.08 -63.49 -6 293.14 16.60
-2.79 -63.70 7 274.81 16.70
0.03 -63.86 -3 279.05 16.80
-1.87 -64.25 12 253.03 16.90
0.80 -64.18 1 269.36 17.00
-1.11 -64.75 17 235.35 17.20
1.57 -64.42 7 262.81 17.30
-0.34 -65.21 23 233.95 17.40
-2.17 -66.66 38 185.53 17.50
-3.89 -67.36 22 176.79 17.60
-1.52 -67.07 7 170.77 17.70
1.46 -67.23 -3 183.72 17.80
-0.34 -67.57 11 171.44 18.00
-2.50 -68.70 28 136.21 18.10
-1.28 -68.52 8 134.55 18.20
1.80 -68.79 -5 148.28 18.30
0.08 -69.03 8 137.06 18.40
-2.12 -70.07 25 105.12 18.50
-0.03 -69.71 10 122.66 18.60
-1.83 -70.49 23 95.81 18.80
0.14 -70.24 7 113.00 18.90
-1.70 -70.92 21 87.20 19.00
0.26 -70.79 4 102.57 19.10
-1.61 -71.37 17 78.76 19.20
1.10 -71.14 5 97.38 19.30
-0.68 -71.75 19 70.15 19.40
1.81 -71.46 7 93.86 19.60
-0.09 -72.21 22 75.86 19.70
-1.89 -73.60 37 47.46 19.80
-3.19 -74.02 18 47.57 19.90
-0.91 -73.99 1 37.99 20.00
1.97 -74.53 -11 54.03 20.10
1.33 -74.66 11 47.13 20.30
-0.55 -75.65 28 21.51 20.40
-0.05 -75.59 6 37.07 20.50
-1.84 -76.26 21 19.32 20.60
-0.79 -76.25 1 15.67 20.70