0.00 0.00 0 6404.00 0.00
-3.74 -0.25 4 6457.51 0.10
-8.13 -0.75 7 6588.07 0.20
-4.33 -0.32 7 6473.36 0.40
-7.81 -0.98 11 6618.65 0.50
-4.36 -0.30 11 6470.52 0.60
-7.62 -1.21 16 6653.75 0.70
-3.99 -0.17 16 6446.39 0.80
-6.81 -1.37 23 6668.36 0.90
-3.30 0.15 23 6389.82 1.00
-3.76 -0.11 30 6434.14 1.20
-2.11 1.05 35 6239.03 1.30
1.25 3.68 38 5827.94 1.40
4.58 6.59 41 5411.98 1.50
7.62 9.48 44 5032.67 1.60
10.57 12.67 47 4646.20 1.70
13.41 15.96 49 4282.73 1.90
16.06 19.26 51 3948.08 2.00
18.72 22.90 54 3612.28 2.10
21.22 26.65 56 3297.59 2.20
23.54 30.50 59 3005.08 2.30
25.96 35.09 62 2691.83 2.50
27.89 39.04 64 2456.20 2.60
29.62 42.97 66 2249.42 2.70
31.33 47.22 68 2056.29 2.80
32.86 51.51 70 1891.70 2.90
34.17 55.60 72 1765.84 3.00
33.93 54.47 78 1803.25 3.10
34.72 58.43 79 1673.33 3.30
34.72 58.43 85 1673.02 3.40
34.71 59.42 90 1630.36 3.50
34.51 61.74 95 1526.14 3.60
33.82 65.66 100 1351.19 3.70
32.80 69.35 105 1191.02 3.80
31.51 73.30 108 1038.64 4.00
29.82 77.62 111 896.34 4.10
28.10 81.67 113 794.02 4.20
26.62 84.41 118 729.43 4.30
24.55 87.50 124 660.10 4.40
21.94 90.90 127 601.43 4.50
19.11 94.07 132 564.06 4.70
15.96 97.28 134 557.16 4.80
17.46 96.09 141 566.99 4.90
19.19 94.96 147 594.77 5.00
20.35 94.36 153 620.47 5.10
16.67 96.19 153 542.67 5.30
16.50 96.26 160 538.71 5.40
15.94 96.40 165 525.13 5.50
14.55 96.63 171 489.84 5.60
12.35 96.79 176 435.95 5.70
9.68 96.75 181 375.46 5.80
6.27 96.40 186 309.29 6.00
2.90 95.78 190 258.50 6.10
-0.40 94.86 196 221.75 6.20
-3.75 93.64 200 220.39 6.30
-3.28 93.70 187 216.97 6.40
-1.24 93.38 171 196.57 6.50
1.48 92.28 158 155.28 6.70
1.53 92.26 161 155.01 6.80
1.27 92.33 166 155.56 6.90
0.45 92.46 171 157.09 7.00
-0.81 92.54 176 159.38 7.10
-2.53 92.49 182 180.12 7.20
-0.83 92.19 170 151.03 7.30
-1.77 92.31 173 170.62 7.50
0.45 91.60 162 136.91 7.60
0.42 91.60 166 136.75 7.70
-0.30 91.72 171 139.14 7.80
-1.50 91.80 176 158.31 7.90
0.48 91.22 164 128.03 8.00
0.15 91.29 167 129.53 8.20
-0.60 91.39 172 131.88 8.30
-1.72 91.44 178 150.68 8.40
0.18 90.95 165 121.85 8.50
-0.18 91.02 168 123.20 8.60
-1.25 91.14 174 141.68 8.80
0.77 90.49 162 112.92 8.90
0.87 90.46 165 112.23 9.00
0.15 90.59 171 113.76 9.10
-0.92 90.66 176 131.37 9.20
0.81 90.15 164 105.73 9.30
0.50 90.23 167 106.82 9.50
-0.14 90.32 172 108.15 9.60
-1.27 90.36 178 125.74 9.70
0.29 89.99 167 101.90 9.80
0.03 90.04 169 102.53 9.90
-0.99 90.14 175 119.77 10.00
0.96 89.53 163 93.63 10.20
0.60 89.62 166 94.79 10.30
-0.04 89.71 171 96.04 10.40
-1.04 89.77 177 113.28 10.50
0.50 89.35 165 89.57 10.60
0.17 89.42 168 90.69 10.70
-0.50 89.50 173 92.15 10.90
-1.37 89.53 178 109.41 11.00
0.25 89.10 165 84.92 11.10
-0.00 89.16 168 85.54 11.20
-0.97 89.26 174 102.76 11.30
0.80 88.67 161 78.11 11.40
0.82 88.67 165 77.74 11.60
0.31 88.76 170 78.53 11.70
-0.58 88.84 175 79.86 11.80
-1.73 88.83 180 97.83 11.90
-0.20 88.49 167 74.11 12.00
-0.51 88.54 171 74.92 12.10
-1.42 88.61 176 92.90 12.30
-0.02 88.18 163 68.95 12.40
-0.25 88.24 166 69.92 12.50
-0.77 88.31 172 85.72 12.60
0.92 87.65 159 61.67 12.80
1.19 87.55 160 60.73 12.90
0.96 87.61 165 60.85 13.00
0.49 87.69 171 61.04 13.10
-0.27 87.74 176 61.40 13.20
-1.36 87.71 182 78.90 13.30
-0.34 87.50 169 58.04 13.50
-0.86 87.57 172 74.10 13.60
0.54 87.05 160 52.31 13.70
0.59 87.04 163 51.86 13.80
0.16 87.13 168 52.56 13.90
-0.52 87.21 174 68.19 14.00
0.67 86.79 161 48.87 14.20
0.69 86.79 164 48.51 14.30
0.28 86.86 169 48.89 14.40
-0.40 86.92 175 49.55 14.50
-1.29 86.92 180 66.42 14.60
-0.19 86.67 167 46.53 14.70
-0.37 86.70 170 46.78 14.90
-1.10 86.76 176 63.66 15.00
-0.02 86.43 163 43.28 15.10
-0.23 86.48 166 43.99 15.20
-0.69 86.55 171 59.37 15.30
0.50 86.09 159 39.56 15.50
0.48 86.09 163 39.34 15.60
0.09 86.18 168 40.12 15.70
-0.27 86.22 173 40.43 15.80
-0.87 86.23 179 56.40 15.90
0.14 85.97 166 37.64 16.10
-0.11 86.02 169 37.95 16.20
-0.77 86.08 175 54.35 16.30
0.18 85.77 162 35.56 16.40
0.25 85.75 165 35.06 16.50
-0.11 85.81 170 35.47 16.60
-0.68 85.86 175 51.57 16.80
0.29 85.54 162 33.07 16.90
0.34 85.53 165 32.67 17.00
-0.05 85.59 171 32.99 17.10
-0.59 85.63 176 48.89 17.20
0.43 85.31 162 30.31 17.40
0.33 85.33 165 30.52 17.50
0.02 85.39 170 30.71 17.60
-0.56 85.43 176 46.59 17.70
0.34 85.15 163 28.59 17.80
0.22 85.18 166 28.85 17.90
-0.12 85.23 171 29.10 18.00
-0.64 85.26 177 44.88 18.20
0.07 85.07 165 27.65 18.30
-0.04 85.09 168 27.59 18.40
-0.56 85.15 174 42.80 18.50
0.28 84.86 161 25.91 18.70
0.33 84.84 164 25.51 18.80
0.03 84.90 170 25.68 18.90
-0.42 84.94 175 40.58 19.00
0.41 84.68 162 24.02 19.10
0.20 84.73 166 24.36 19.20
-0.08 84.77 171 24.47 19.40
-0.55 84.80 177 40.15 19.50
0.17 84.58 163 22.99 19.60
0.02 84.62 166 23.30 19.70
-0.29 84.66 172 23.53 19.80
-0.79 84.69 177 39.42 19.90
-0.08 84.49 164 22.11 20.10
-0.18 84.51 167 22.35 20.20
-0.52 84.56 173 37.02 20.30
0.24 84.28 160 20.61 20.40
0.29 84.26 163 20.22 20.50
0.06 84.31 169 20.25 20.70
-0.43 84.36 175 35.16 20.80
0.41 84.07 161 19.00 20.90
0.41 84.07 165 18.71 21.00
0.18 84.11 170 18.64 21.10
-0.24 84.15 175 18.69 21.30
-0.79 84.14 181 35.40 21.40
-0.36 84.04 167 31.68 21.50
0.62 83.53 152 15.40 21.60