0.00 0.00 0 3609.00 0.00
-2.91 -0.39 8 3268.27 0.10
-6.21 -1.32 16 2902.86 0.20
-9.66 -2.82 23 2548.43 0.40
-12.79 -4.63 30 2256.19 0.50
-15.95 -6.97 37 1994.92 0.60
-18.69 -9.47 42 1801.18 0.70
-21.36 -12.47 48 1653.65 0.80
-23.71 -15.58 53 1564.21 0.90
-25.75 -18.99 59 1537.66 1.10
-27.55 -22.72 64 1572.44 1.20
-29.00 -26.57 69 1667.63 1.30
-27.76 -23.06 71 1574.58 1.40
-28.50 -26.22 77 1680.04 1.50
-27.75 -22.63 78 1554.69 1.60
-27.77 -23.18 88 1578.20 1.80
-28.03 -21.34 98 1479.42 1.90
-28.89 -17.56 103 1277.63 2.00
-30.15 -13.62 108 1078.06 2.10
-31.64 -9.93 112 904.15 2.20
-33.52 -6.13 116 739.81 2.30
-35.66 -2.47 120 599.19 2.40
-38.08 1.04 125 482.63 2.60
-40.74 4.31 129 390.50 2.70
-43.69 7.43 133 322.08 2.80
-46.63 10.12 137 284.89 2.90
-44.69 8.78 145 312.19 3.00
-47.75 10.74 147 268.27 3.10
-46.78 10.34 158 283.89 3.30
-47.45 10.50 167 269.67 3.40
-49.51 10.61 177 224.07 3.50
-53.17 10.36 184 155.16 3.60
-57.04 9.69 190 103.63 3.70
-60.83 8.59 196 93.79 3.80
-60.49 8.58 180 75.15 4.00
-63.00 8.35 185 96.27 4.10
-61.53 8.07 169 83.43 4.20
-59.47 7.04 154 52.47 4.30
-59.09 6.92 161 50.92 4.40
-59.46 6.98 171 50.64 4.50
-60.79 6.97 180 66.03 4.60
-59.58 6.64 165 46.18 4.80
-60.02 6.71 171 46.71 4.90
-61.41 6.70 180 63.75 5.00
-60.19 6.39 165 42.77 5.10
-60.71 6.46 172 58.19 5.20
-59.20 5.81 157 36.60 5.40
-59.25 5.82 164 36.40 5.50
-60.00 5.90 174 36.55 5.60
-61.20 5.84 183 53.18 5.70
-60.34 5.60 165 33.46 5.80
-60.76 5.67 171 48.69 5.90
-59.42 5.02 154 28.07 6.10
-59.04 4.89 161 27.04 6.20
-59.33 4.93 171 26.48 6.30
-60.32 4.93 180 25.65 6.40
-61.98 4.67 189 44.20 6.50
-61.29 4.51 167 37.18 6.60
-60.04 3.69 147 16.52 6.80