0.014713287353515625 0 0
0.021358013153076172 0 0
0.028033733367919922 0 0
0.03740715980529785 1 2
0.043703556060791016 1 2
0.05013728141784668 1 2
0.05815839767456055 1 5
0.06479120254516602 1 5
0.07108306884765625 1 5
0.07709264755249023 2 10
0.08568978309631348 2 19
0.09216189384460449 3 35
0.0977942943572998 3 51
0.10411214828491211 3 51
0.11282181739807129 4 63
0.11933183670043945 4 72
0.12497997283935547 5 74
0.13320636749267578 5 74
0.13961029052734375 6 77
0.14526128768920898 7 79
0.15360045433044434 7 79
0.16084742546081543 8 81
0.16944193840026855 9 85
0.1750926971435547 9 85
0.1818552017211914 9 85
0.18747162818908691 10 87
0.19590473175048828 11 89
0.20231294631958008 11 89
0.20792198181152344 12 90
0.21638226509094238 13 89
0.22308039665222168 13 88
0.22945165634155273 14 87
0.2374577522277832 15 86
0.24384260177612305 15 86
0.25027012825012207 15 88
0.2559702396392822 16 88
0.2649068832397461 17 89
0.27144885063171387 17 89
0.2771883010864258 18 89
0.28343868255615234 19 90
0.29206132888793945 19 90
0.29782915115356445 20 89
0.304246187210083 21 90
0.3127024173736572 21 89
0.3180878162384033 22 88
0.3243892192840576 23 88
0.33289027214050293 23 90
0.33930110931396484 23 91
0.3471496105194092 25 92
0.35343241691589355 25 91
0.3599545955657959 25 93
0.3656778335571289 26 94
0.3739035129547119 27 94
0.38036417961120605 27 94
0.3860743045806885 29 92
0.3992025852203369 29 91
0.40551304817199707 30 91
0.4138913154602051 31 92
0.4207143783569336 31 93
0.426192045211792 32 93
0.43299102783203125 32 92
0.4402289390563965 33 92
0.4459352493286133 33 93
0.45233631134033203 34 94
0.45793890953063965 35 93
0.46427416801452637 35 93
0.470775842666626 36 91
0.4762084484100342 36 89
0.48305296897888184 37 89
0.4900665283203125 37 89
0.49581432342529297 38 90
0.5022330284118652 39 90
0.5080001354217529 39 90
0.5143654346466064 40 90
0.5209050178527832 40 89
0.5263750553131104 41 91
0.5330462455749512 41 91
0.5395593643188477 42 92
0.5460827350616455 43 90
0.5527520179748535 43 90
0.558164119720459 44 88
0.564725399017334 44 89
0.5710175037384033 45 88
0.5768461227416992 45 88
0.5830941200256348 46 91
0.589461088180542 47 91
0.5972402095794678 47 92
0.6035990715026855 48 91
0.6098377704620361 49 93
0.6155807971954346 49 94
0.6219620704650879 49 94
0.6275849342346191 50 92
0.6339306831359863 51 92
0.6403162479400635 51 92
0.647191047668457 52 92
0.6535420417785645 52 91
0.6599719524383545 53 92
0.6656308174133301 54 94
0.6721274852752686 54 94
0.6777729988098145 55 93
0.6841061115264893 55 93
0.6903781890869141 56 93
0.6973507404327393 57 94
0.7036681175231934 57 94
0.7099165916442871 58 92
0.7155897617340088 58 92
0.7221753597259521 59 90
0.7278220653533936 59 90
0.7341413497924805 60 89
0.7403984069824219 61 90
0.7473204135894775 61 91
0.7537009716033936 61 91
0.7600226402282715 62 90
0.7657136917114258 63 90
0.7722868919372559 63 91
0.7780048847198486 64 92
0.7843677997589111 65 91
0.7908704280853271 65 90
0.8030049800872803 66 88
0.8108663558959961 67 88
0.8163173198699951 67 88
0.8231492042541504 68 90
0.8296582698822021 69 91
0.8352608680725098 69 90
0.8420395851135254 70 90
0.8494663238525391 70 91
0.8550825119018555 71 92
0.8615119457244873 71 92
0.867222785949707 72 93
0.8735859394073486 73 92
0.8798246383666992 73 92
0.8855254650115967 74 91
0.8919036388397217 75 92
0.8995413780212402 75 91
0.9051389694213867 75 93
0.9116077423095703 76 94
0.9173498153686523 77 94
0.9236724376678467 77 94
0.929983377456665 78 94
0.9356768131256104 79 94
0.9421072006225586 79 94
0.9494965076446533 80 95
0.9551393985748291 81 93
0.9618496894836426 81 92
0.967451810836792 81 90
0.9737730026245117 82 91
0.9800219535827637 83 90
0.9857254028320312 83 91
0.9922137260437012 84 91
0.9996232986450195 85 92
1.0052101612091064 85 91
