0.014324188232421875 0 0
0.02257394790649414 0 0
0.029507160186767578 0 0
0.03823041915893555 -1 -2
0.04395294189453125 -1 -15
0.050443410873413086 -2 -15
0.05922293663024902 -2 -83
0.06523633003234863 -4 -29
0.0715329647064209 -4 -54
0.07809138298034668 -6 -123
0.08595752716064453 -6 -143
0.09232044219970703 -8 -151
0.09862160682678223 -9 -166
0.10747599601745605 -10 -172
0.11311626434326172 -11 -181
0.11966538429260254 -12 -186
0.12779951095581055 -14 -197
0.1334378719329834 -15 -196
0.14003276824951172 -17 -202
0.1484529972076416 -18 -206
0.15415716171264648 -20 -209
0.16057848930358887 -22 -212
0.16933894157409668 -23 -216
0.17522501945495605 -24 -216
0.18153738975524902 -26 -216
0.18807005882263184 -28 -217
0.19584107398986816 -29 -222
0.20218157768249512 -30 -225
0.20850419998168945 -32 -225
0.2164154052734375 -34 -227
0.22299647331237793 -35 -225
0.22931408882141113 -36 -228
0.23795223236083984 -39 -229
0.2436811923980713 -40 -228
0.25026535987854004 -42 -230
0.25833845138549805 -43 -231
0.26408934593200684 -45 -232
0.2705655097961426 -46 -232
0.27863025665283203 -48 -231
0.2843353748321533 -49 -230
0.2910315990447998 -51 -231
0.3042409420013428 -54 -230
0.31041479110717773 -55 -231
0.31963229179382324 -57 -233
0.3282771110534668 -60 -233
0.3339855670928955 -61 -234
0.34055328369140625 -62 -231
0.3463447093963623 -64 -231
0.35431957244873047 -66 -232
0.3610415458679199 -68 -235
0.36858415603637695 -69 -235
0.374316930770874 -70 -234
0.3810148239135742 -72 -233
0.3870115280151367 -73 -233
0.3930356502532959 -74 -232
0.39932751655578613 -76 -232
0.40519189834594727 -77 -230
0.41149187088012695 -79 -230
0.41892504692077637 -80 -232
0.42451953887939453 -82 -232
0.431347131729126 -83 -234
0.4377601146697998 -85 -232
0.44336676597595215 -86 -232
0.449845552444458 -88 -233
0.45557689666748047 -90 -235
0.4618954658508301 -91 -236
0.46923279762268066 -92 -234
0.4751126766204834 -94 -234
0.48137354850769043 -95 -232
0.4879014492034912 -97 -233
0.49363064765930176 -98 -232
0.5000660419464111 -100 -231
0.5057010650634766 -101 -231
0.5120804309844971 -102 -229
0.519585371017456 -104 -231
0.5253298282623291 -106 -231
0.5315940380096436 -106 -231
0.5379936695098877 -108 -233
0.5437180995941162 -110 -232
0.5502872467041016 -111 -234
0.5560648441314697 -113 -236
0.5624542236328125 -114 -233
0.570087194442749 -116 -233
0.5757036209106445 -117 -233
0.5820460319519043 -119 -233
0.5883653163909912 -120 -233
0.5940568447113037 -122 -232
0.600534200668335 -123 -230
0.6063041687011719 -124 -230
0.6129133701324463 -126 -232
0.6201303005218506 -128 -234
0.6257760524749756 -129 -233
0.6321744918823242 -130 -232
0.6384575366973877 -132 -232
0.6441628932952881 -133 -230
0.650597095489502 -134 -233
0.6562323570251465 -136 -233
0.6626143455505371 -137 -234
0.670323371887207 -139 -233
0.675973653793335 -140 -234
0.6823098659515381 -142 -235
0.6890394687652588 -144 -234
0.6945257186889648 -145 -231
0.7057492733001709 -148 -229
0.7132823467254639 -150 -232
0.7215204238891602 -151 -233
0.7281720638275146 -153 -232
0.7338821887969971 -154 -232
0.740476131439209 -156 -230
0.7462484836578369 -157 -233
0.7526016235351562 -158 -233
0.7591266632080078 -160 -233
0.7645895481109619 -161 -233
0.7721927165985107 -163 -235
0.7784819602966309 -164 -236
0.7842123508453369 -166 -235
0.7910449504852295 -167 -234
0.7969958782196045 -168 -233
0.8030264377593994 -170 -231
0.8094727993011475 -171 -230
0.8154165744781494 -173 -231
0.8226170539855957 -174 -229
0.829195499420166 -176 -231
0.8350481986999512 -178 -230
0.8413448333740234 -179 -232
0.847874641418457 -180 -233
0.8534836769104004 -182 -233
0.8600983619689941 -184 -234
0.8657524585723877 -185 -234
0.8731582164764404 -186 -235
0.8796625137329102 -188 -236
0.8853974342346191 -190 -235
0.8917527198791504 -190 -233
0.8980507850646973 -192 -231
0.9037675857543945 -194 -231
0.9103448390960693 -195 -231
0.9160022735595703 -196 -231
0.9233236312866211 -198 -231
0.9298663139343262 -200 -230
0.9356074333190918 -201 -232
0.9426369667053223 -202 -234
0.9494378566741943 -204 -233
0.955235481262207 -206 -232
0.961540699005127 -207 -233
0.96805739402771 -208 -234
0.9745738506317139 -210 -234
0.9813191890716553 -212 -235
0.9877467155456543 -213 -233
0.9933640956878662 -214 -230
0.9999654293060303 -216 -230
1.0056354999542236 -218 -232
