0.015082359313964844 0 0
0.02203226089477539 0 2
0.031844139099121094 1 7
0.040726661682128906 2 16
0.04635310173034668 3 20
0.054802894592285156 4 69
0.061220407485961914 5 136
0.06685996055603027 6 173
0.07320261001586914 8 181
0.08214783668518066 9 206
0.08855342864990234 11 221
0.09419083595275879 13 238
0.10103225708007812 15 250
0.10965824127197266 17 265
0.12018203735351562 19 271
0.12667393684387207 22 283
0.13672709465026855 25 295
0.14310550689697266 26 297
0.15185141563415527 29 305
0.15837883949279785 31 311
0.1640019416809082 33 319
0.17056655883789062 36 323
0.1789846420288086 38 326
0.18471717834472656 40 326
0.1911766529083252 43 325
0.1998746395111084 44 325
0.2053534984588623 47 328
0.21206450462341309 48 328
0.2185666561126709 52 334
0.22658324241638184 54 339
0.23289012908935547 56 341
0.23914456367492676 58 344
0.24700140953063965 61 345
0.2533140182495117 63 344
0.25998878479003906 65 342
0.2682664394378662 67 336
0.27473878860473633 70 335
0.28119802474975586 72 337
0.28924036026000977 75 342
0.29492926597595215 77 344
0.3013274669647217 80 349
0.3099515438079834 82 350
0.31590771675109863 85 348
0.3222355842590332 86 348
0.3287532329559326 89 345
0.33652806282043457 91 342
0.34285593032836914 94 338
0.34915614128112793 96 342
0.3577389717102051 99 344
0.36378979682922363 101 346
0.3702235221862793 103 350
0.3781471252441406 105 351
0.38376593589782715 107 350
0.39005112648010254 110 351
0.39595723152160645 112 347
0.4022097587585449 114 345
0.4085876941680908 117 343
0.41417789459228516 118 340
0.42069125175476074 121 339
0.4281637668609619 123 340
0.4338197708129883 125 343
0.44039249420166016 127 347
0.44611048698425293 130 350
0.45237255096435547 131 350
0.458754301071167 134 348
0.464461088180542 136 347
0.47087574005126953 138 342
0.4782428741455078 140 340
0.4838707447052002 142 340
0.49049949645996094 144 340
0.4963490962982178 147 342
0.5026826858520508 149 346
0.5089447498321533 151 351
0.5198502540588379 155 350
0.5287234783172607 158 350
0.5344586372375488 160 343
0.5410552024841309 162 342
0.5468180179595947 164 341
0.5531582832336426 166 340
0.5598244667053223 168 341
0.5652523040771484 171 344
0.5719599723815918 173 344
0.5791370868682861 175 346
0.584845781326294 177 348
0.5912415981292725 179 352
0.5968484878540039 181 348
0.6032137870788574 184 347
0.6097404956817627 185 343
0.615199089050293 188 340
0.622079610824585 190 339
0.6284337043762207 193 343
0.6349360942840576 195 343
0.6415860652923584 197 346
0.6469922065734863 199 346
0.6533117294311523 201 347
0.6598765850067139 203 352
0.6653470993041992 205 348
0.6720309257507324 207 345
0.6785628795623779 210 343
0.6850416660308838 212 339
0.6917498111724854 214 339
0.697716474533081 216 340
0.7037100791931152 218 343
0.7099699974060059 220 344
0.715839147567749 222 348
0.7220923900604248 224 351
0.7284395694732666 227 350
0.7349934577941895 229 348
0.7417669296264648 231 346
0.7482690811157227 233 345
0.753894567489624 235 342
0.7604098320007324 237 340
0.7661128044128418 240 341
0.7723772525787354 241 341
0.7787134647369385 244 346
0.7852077484130859 247 348
0.7919023036956787 249 350
0.7983970642089844 251 349
0.8040304183959961 253 349
0.8105218410491943 255 347
0.8162574768066406 257 344
0.8226072788238525 259 341
0.82889723777771 261 339
0.8352353572845459 264 341
0.8419027328491211 266 342
0.8482458591461182 268 346
0.8538734912872314 270 347
0.8605465888977051 273 347
0.8662827014923096 275 351
0.8731663227081299 277 348
0.8800361156463623 279 346
0.8867456912994385 281 342
0.8930926322937012 284 340
0.899345874786377 286 339
0.9050829410552979 288 337
0.9117567539215088 292 345
0.9227886199951172 294 346
0.9303934574127197 297 348
0.9370360374450684 299 348
0.9433538913726807 301 349
0.9500203132629395 303 344
0.9559066295623779 305 342
0.9621870517730713 307 342
0.968559980392456 310 338
0.9741549491882324 312 339
0.9808127880096436 314 342
0.9878115653991699 316 345
0.9937763214111328 318 347
1.0000653266906738 320 349
