0.012825250625610352 0 0
0.02166152000427246 0 0
0.028505563735961914 0 0
0.03506922721862793 0 -2
0.04294586181640625 0 -6
0.04931044578552246 -1 -13
0.05562925338745117 -1 -13
0.06130719184875488 -2 -30
0.0695338249206543 -2 -49
0.07614493370056152 -2 -63
0.0816030502319336 -3 -76
0.09008932113647461 -4 -76
0.09673714637756348 -4 -91
0.10516929626464844 -5 -96
0.11086463928222656 -6 -96
0.11731791496276855 -6 -99
0.1253819465637207 -8 -101
0.13114666938781738 -8 -104
0.13760590553283691 -9 -107
0.14624238014221191 -10 -109
0.15172529220581055 -10 -112
0.1585996150970459 -12 -115
0.1724562644958496 -13 -116
0.17943692207336426 -14 -116
0.18725013732910156 -15 -120
0.19603800773620605 -16 -121
0.20157647132873535 -16 -122
0.2084500789642334 -18 -122
0.2172868251800537 -18 -121
0.2229318618774414 -19 -122
0.22925281524658203 -20 -122
0.2356882095336914 -21 -123
0.24457311630249023 -22 -125
0.25020813941955566 -22 -127
0.256803035736084 -23 -127
0.2671041488647461 -25 -127
0.27312469482421875 -26 -126
0.27948808670043945 -26 -124
0.28633999824523926 -27 -125
0.2961888313293457 -28 -125
0.30167436599731445 -29 -126
0.30846095085144043 -30 -127
0.31721043586730957 -31 -127
0.3229951858520508 -32 -126
0.32933735847473145 -32 -126
0.3375852108001709 -34 -125
0.34322333335876465 -34 -125
0.3496232032775879 -35 -125
0.35845422744750977 -36 -125
0.3648996353149414 -37 -126
0.3705174922943115 -38 -127
0.378981351852417 -38 -126
0.3849520683288574 -40 -126
0.3905360698699951 -40 -126
0.3972434997558594 -41 -125
0.4048326015472412 -42 -125
0.4130079746246338 -43 -126
0.4194009304046631 -44 -125
0.4257199764251709 -45 -127
0.43259596824645996 -46 -127
0.4389207363128662 -46 -127
0.44524693489074707 -47 -127
0.4509425163269043 -48 -126
0.45754528045654297 -49 -126
0.46320176124572754 -50 -126
0.4695553779602051 -50 -126
0.47614145278930664 -51 -126
0.4828929901123047 -52 -128
0.4892396926879883 -53 -128
0.495532751083374 -54 -128
0.5012531280517578 -54 -127
0.5077011585235596 -55 -127
0.5135006904602051 -56 -126
0.520139217376709 -56 -125
0.526437520980835 -58 -125
0.5331258773803711 -58 -126
0.5395305156707764 -59 -128
0.5460402965545654 -60 -129
0.5515332221984863 -61 -128
0.5581784248352051 -62 -127
0.5688900947570801 -63 -126
0.5769426822662354 -64 -125
0.5849742889404297 -65 -125
0.5906856060028076 -66 -125
0.5972826480865479 -66 -125
0.603076696395874 -67 -126
0.609410285949707 -68 -126
0.6157255172729492 -69 -125
0.6214687824249268 -70 -126
0.6281845569610596 -70 -124
0.6354939937591553 -71 -125
0.641216516494751 -72 -125
0.6479661464691162 -73 -125
0.6534452438354492 -74 -124
0.6600382328033447 -74 -126
0.6663520336151123 -75 -127
0.6722569465637207 -76 -127
0.6785178184509277 -77 -127
0.6857218742370605 -78 -127
0.6914420127868652 -78 -126
0.698275089263916 -79 -126
0.7046020030975342 -80 -126
0.7102344036102295 -81 -126
0.7167668342590332 -82 -127
0.7224781513214111 -82 -129
0.728844404220581 -83 -127
0.7361559867858887 -84 -128
0.7416536808013916 -85 -127
0.7483820915222168 -86 -126
0.7549519538879395 -86 -125
0.7605752944946289 -87 -125
0.767134428024292 -88 -125
0.7729358673095703 -89 -125
0.7792747020721436 -90 -126
0.7867331504821777 -90 -126
0.793179988861084 -91 -125
0.7995150089263916 -92 -125
0.8060901165008545 -93 -124
0.8115558624267578 -94 -124
0.8184075355529785 -94 -124
0.8248116970062256 -95 -124
0.830449104309082 -96 -125
0.8385372161865234 -97 -127
0.844954252243042 -98 -126
0.8505473136901855 -98 -126
0.8571257591247559 -99 -126
0.8628087043762207 -100 -126
0.8691868782043457 -101 -125
0.8756296634674072 -102 -125
0.8814125061035156 -102 -126
0.8890295028686523 -104 -126
0.8953282833099365 -104 -127
0.9010615348815918 -105 -128
0.9076135158538818 -106 -128
0.9132204055786133 -106 -128
0.9196224212646484 -107 -127
0.9261467456817627 -108 -126
0.9316134452819824 -109 -126
0.9393701553344727 -110 -126
0.9456892013549805 -110 -126
0.9514296054840088 -111 -126
0.9581341743469238 -112 -127
0.9641222953796387 -114 -126
0.9754643440246582 -114 -126
0.9830961227416992 -116 -124
0.9905109405517578 -116 -124
0.9973001480102539 -117 -124
1.003084421157837 -118 -124
