0.01417398452758789 0 0
0.020507335662841797 0 3
0.029142141342163086 0 3
0.0346219539642334 1 7
0.04120278358459473 1 7
0.04748177528381348 1 16
0.056299448013305664 2 37
0.06198453903198242 2 67
0.06856799125671387 3 80
0.07717132568359375 4 96
0.08263206481933594 5 83
0.0893096923828125 5 94
0.09582138061523438 6 116
0.10354495048522949 7 121
0.10975170135498047 8 130
0.11624908447265625 9 134
0.12414073944091797 10 138
0.13052868843078613 11 140
0.1368117332458496 12 145
0.14524126052856445 13 146
0.15121912956237793 14 150
0.1575465202331543 15 152
0.16342735290527344 16 153
0.17184901237487793 17 154
0.1784055233001709 18 154
0.18423104286193848 19 155
0.19271612167358398 21 156
0.19955134391784668 21 159
0.20596027374267578 23 160
0.2138209342956543 24 161
0.22017288208007812 25 161
0.22645092010498047 26 162
0.2321481704711914 27 163
0.23885226249694824 28 165
0.24767541885375977 29 167
0.2534811496734619 31 169
0.25977277755737305 32 169
0.2683413028717041 33 168
0.2739577293395996 34 166
0.2803163528442383 35 167
0.2885117530822754 36 167
0.29427504539489746 37 168
0.3006722927093506 39 167
0.3095059394836426 40 165
0.31588196754455566 41 162
0.3267855644226074 43 162
0.335695743560791 44 166
0.342714786529541 46 166
0.35219287872314453 47 166
0.3591010570526123 48 165
0.3646128177642822 49 165
0.37213659286499023 50 166
0.37869882583618164 51 168
0.3843085765838623 52 170
0.3906741142272949 53 169
0.39720749855041504 54 169
0.4026360511779785 55 168
0.40930771827697754 56 167
0.41577982902526855 57 169
0.421414852142334 59 169
0.4287245273590088 60 170
0.4343118667602539 61 170
0.4406702518463135 62 168
0.4471755027770996 63 167
0.4526522159576416 64 164
0.4595069885253906 65 164
0.46587252616882324 66 164
0.47148871421813965 67 166
0.47922468185424805 68 165
0.484616756439209 69 165
0.49122142791748047 70 164
0.49749755859375 71 163
0.5033814907073975 72 163
0.5104384422302246 73 166
0.5167925357818604 75 168
0.5224690437316895 76 169
0.5300350189208984 77 170
0.5364084243774414 78 169
0.5421006679534912 79 168
0.5485730171203613 80 169
0.5541725158691406 81 169
0.5604963302612305 82 171
0.566810131072998 83 171
0.5725035667419434 84 169
0.5801115036010742 85 169
0.586484432220459 86 166
0.5921947956085205 87 166
0.5987329483032227 88 165
0.6043293476104736 89 165
0.6107165813446045 90 166
0.617215633392334 91 166
0.622664213180542 93 164
0.6301164627075195 93 163
0.636415958404541 95 163
0.6421530246734619 95 164
0.6485347747802734 97 167
0.6542785167694092 97 169
0.6606776714324951 99 168
0.6672172546386719 99 168
0.6726763248443604 101 167
0.6802175045013428 102 168
0.6864855289459229 103 169
0.6922056674957275 104 171
0.6986768245697021 105 171
0.704293966293335 106 170
0.7105870246887207 107 169
0.717247486114502 108 168
0.7291989326477051 110 167
0.7367739677429199 111 167
0.7424271106719971 113 167
0.7492105960845947 113 165
0.7557294368743896 114 164
0.7613530158996582 115 164
0.7679212093353271 116 163
0.7737455368041992 118 164
0.7808525562286377 119 165
0.787419319152832 120 167
0.7928440570831299 121 167
0.7995336055755615 122 167
0.8059141635894775 123 167
0.8115248680114746 124 166
0.8179829120635986 125 168
0.8236961364746094 126 170
0.8308439254760742 127 171
0.8375413417816162 128 171
0.8435330390930176 129 171
0.8498098850250244 130 169
0.8562326431274414 131 168
0.8619437217712402 133 168
0.8683431148529053 133 168
0.873971700668335 135 169
0.8813598155975342 135 168
0.8877987861633301 137 166
0.8936355113983154 138 164
0.8999843597412109 139 162
0.9062764644622803 140 164
0.9119796752929688 141 164
0.9184179306030273 142 166
0.9240679740905762 143 167
0.9313819408416748 144 166
0.9379262924194336 145 165
0.9436211585998535 146 165
0.9498469829559326 147 165
0.9563217163085938 148 168
0.9620397090911865 149 169
0.9684829711914062 150 171
0.9742424488067627 151 171
0.981574296951294 152 170
0.9885749816894531 153 168
0.9943239688873291 155 168
1.0007100105285645 156 169
