0.014340639114379883 0 0
0.021149158477783203 0 2
0.029868125915527344 0 2
0.03555703163146973 0 6
0.04196453094482422 1 33
0.05029892921447754 2 77
0.05599522590637207 3 17
0.06237006187438965 4 98
0.07036352157592773 5 136
0.07605862617492676 6 151
0.08295321464538574 7 181
0.0910189151763916 9 193
0.09646153450012207 10 199
0.10314679145812988 12 209
0.1116781234741211 14 213
0.1174309253692627 15 222
0.12374424934387207 16 230
0.13198471069335938 18 231
0.13774609565734863 20 234
0.14407086372375488 22 237
0.1523265838623047 23 243
0.15793728828430176 25 251
0.16638469696044922 27 252
0.17307662963867188 28 256
0.17949295043945312 32 262
0.19025230407714844 34 268
0.2001478672027588 36 270
0.20711326599121094 38 270
0.21554350852966309 40 269
0.22212600708007812 42 268
0.22787117958068848 43 267
0.23420143127441406 46 267
0.24291563034057617 47 269
0.24887371063232422 49 269
0.25485825538635254 50 270
0.2616410255432129 53 275
0.27011752128601074 55 276
0.27581119537353516 56 278
0.2823367118835449 59 277
0.29094624519348145 60 278
0.2964191436767578 62 280
0.3031158447265625 64 277
0.3116767406463623 66 277
0.31752991676330566 68 274
0.32384157180786133 70 272
0.3302896022796631 72 270
0.33820128440856934 74 273
0.34477996826171875 75 274
0.35105371475219727 78 280
0.360245943069458 80 279
0.3659524917602539 82 280
0.37236738204956055 83 282
0.38013124465942383 85 280
0.38584327697753906 87 278
0.3922858238220215 88 276
0.39792871475219727 90 274
0.4042835235595703 92 275
0.41094303131103516 94 273
0.4164164066314697 95 272
0.4230926036834717 98 272
0.43026208877563477 99 277
0.4359619617462158 101 278
0.4427146911621094 102 279
0.44813966751098633 104 279
0.45444369316101074 106 281
0.46097278594970703 108 283
0.46640515327453613 109 279
0.4730803966522217 111 276
0.48031163215637207 113 274
0.4860036373138428 115 274
0.49242234230041504 116 272
0.49817633628845215 118 271
0.5044503211975098 120 272
0.5110304355621338 121 274
0.5164742469787598 123 278
0.523155689239502 124 277
0.530299186706543 127 278
0.5359752178192139 128 281
0.5427439212799072 130 282
0.5481061935424805 132 281
0.5544121265411377 134 279
0.5610716342926025 135 278
0.5669350624084473 137 279
0.5731863975524902 138 274
0.5803160667419434 142 272
0.5913434028625488 144 273
0.598151445388794 146 273
0.6057782173156738 148 275
0.6130998134613037 150 276
0.619741678237915 152 280
0.6254310607910156 154 281
0.633054256439209 155 280
0.6395447254180908 157 281
0.6451756954193115 158 277
0.6516380310058594 160 279
0.6573843955993652 162 272
0.6637296676635742 163 270
0.6701498031616211 166 272
0.6758239269256592 167 272
0.6834564208984375 169 274
0.6898384094238281 171 274
0.695544958114624 173 273
0.7019627094268799 174 279
0.7075591087341309 176 280
0.7139105796813965 178 280
0.7201821804046631 180 280
0.7258596420288086 181 280
0.7333736419677734 183 279
0.73988938331604 185 276
0.7455935478210449 187 273
0.7520124912261963 188 273
0.7576518058776855 190 272
0.764012336730957 192 272
0.7702715396881104 193 274
0.7759873867034912 195 275
0.7833776473999023 196 277
0.7897758483886719 199 279
0.7954363822937012 200 280
0.8020131587982178 202 281
0.8076577186584473 204 282
0.8139910697937012 206 281
0.8202502727508545 207 278
0.8259303569793701 209 275
0.8338623046875 211 275
0.8402378559112549 213 273
0.8459048271179199 214 271
0.85231614112854 216 272
0.8581018447875977 218 273
0.8644440174102783 219 278
0.8709440231323242 221 277
0.8764064311981201 222 279
0.8830831050872803 225 280
0.8902397155761719 226 284
0.8959617614746094 228 281
0.9023721218109131 230 278
0.9080004692077637 232 276
0.9143359661102295 233 276
0.9209833145141602 235 274
0.9264678955078125 236 274
0.9333124160766602 239 272
0.9404492378234863 240 273
0.9461278915405273 242 276
0.9528188705444336 244 276
0.9582200050354004 245 279
0.9647986888885498 247 279
0.9710910320281982 249 281
0.9770872592926025 251 281
0.9833555221557617 254 279
0.9955432415008545 256 277
1.0023207664489746 258 275
