0.012906312942504883 0 0
0.022413253784179688 0 0
0.028084754943847656 0 2
0.035935401916503906 0 2
0.04422259330749512 1 7
0.05001235008239746 2 76
0.058426856994628906 2 18
0.06481313705444336 3 58
0.07039976119995117 4 93
0.07678747177124023 5 119
0.08555793762207031 6 129
0.09204745292663574 7 142
0.09763598442077637 8 150
0.10590982437133789 9 163
0.11227607727050781 11 171
0.1201622486114502 12 173
0.12648510932922363 13 177
0.1327958106994629 14 181
0.14062047004699707 16 185
0.147216796875 17 190
0.15349888801574707 18 190
0.15891122817993164 20 189
0.168135404586792 21 188
0.17458295822143555 22 189
0.18022823333740234 23 191
0.18656563758850098 25 195
0.1953728199005127 26 195
0.20134854316711426 27 195
0.20734262466430664 29 194
0.21556925773620605 30 197
0.22212433815002441 32 198
0.22999143600463867 33 203
0.23633694648742676 34 203
0.24260616302490234 36 204
0.24828124046325684 37 205
0.2548673152923584 39 206
0.2635350227355957 40 206
0.2694096565246582 41 204
0.28229308128356934 44 204
0.2882988452911377 45 202
0.2979769706726074 47 202
0.3045830726623535 48 203
0.3103649616241455 50 201
0.31883811950683594 51 201
0.32564854621887207 52 201
0.33201098442077637 54 202
0.3400139808654785 56 206
0.34639906883239746 57 206
0.3528127670288086 58 205
0.35846805572509766 60 207
0.36719655990600586 61 206
0.3735198974609375 62 209
0.3793604373931885 64 209
0.3861682415008545 65 208
0.3925051689147949 66 206
0.39821934700012207 68 205
0.4047880172729492 69 204
0.4104006290435791 70 205
0.41787242889404297 72 202
0.4243624210357666 73 202
0.4299430847167969 74 202
0.4362657070159912 76 201
0.44255495071411133 77 203
0.44827985763549805 78 204
0.4547436237335205 79 205
0.4622020721435547 81 205
0.4687027931213379 82 206
0.47533392906188965 83 206
0.4817934036254883 84 208
0.487379789352417 86 209
0.4938633441925049 87 208
0.4996073246002197 89 207
0.5058190822601318 90 206
0.5122063159942627 91 205
0.5187015533447266 92 205
0.5255861282348633 94 203
0.5319573879241943 95 202
0.5375926494598389 96 198
0.5440552234649658 97 200
0.5497767925262451 99 201
0.5561220645904541 100 204
0.5624098777770996 101 205
0.5688905715942383 102 203
0.5756151676177979 104 204
0.5821352005004883 106 204
0.5877258777618408 106 204
0.5942516326904297 108 208
0.5998904705047607 109 208
0.6062347888946533 110 207
0.6127300262451172 112 207
0.6196706295013428 113 206
0.6260402202606201 114 207
0.632321834564209 116 208
0.638033390045166 117 205
0.6446235179901123 118 203
0.6502571105957031 119 197
0.656574010848999 120 201
0.6628615856170654 122 200
0.6685910224914551 124 203
0.6804003715515137 126 202
0.688030481338501 127 203
0.6952979564666748 128 203
0.7019155025482178 130 206
0.7075076103210449 131 207
0.7141115665435791 132 207
0.7206835746765137 134 207
0.7272834777832031 135 206
0.7336339950561523 136 208
0.7396321296691895 138 207
0.7458755970001221 139 207
0.7522294521331787 140 205
0.7579128742218018 142 203
0.7644822597503662 143 201
0.7701396942138672 144 202
0.7774810791015625 145 201
0.7839226722717285 146 201
0.7896199226379395 148 201
0.7959191799163818 149 201
0.8022689819335938 150 202
0.8079807758331299 152 204
0.8143742084503174 153 206
0.8201088905334473 154 206
0.8275339603424072 156 207
0.833946704864502 157 208
0.8396742343902588 158 207
0.8458998203277588 159 208
0.8522603511810303 161 209
0.8579859733581543 162 207
0.8643851280212402 163 205
0.8701126575469971 164 204
0.8775038719177246 166 202
0.8841185569763184 167 203
0.8898406028747559 168 203
0.8961350917816162 169 202
0.902388334274292 171 199
0.9080822467803955 172 201
0.9145467281341553 173 201
0.9201948642730713 175 204
0.9276249408721924 176 205
0.9356434345245361 178 205
0.9424083232879639 179 207
0.9480979442596436 180 206
0.9546494483947754 182 207
0.9621620178222656 183 207
0.9677512645721436 184 207
0.9753761291503906 186 206
0.9819586277008057 187 205
0.9875872135162354 188 203
0.9942367076873779 190 204
1.00006103515625 191 203
