0.014786481857299805 0 0
0.02358555793762207 0 0
0.02913045883178711 0 0
0.035565853118896484 -1 -3
0.04400181770324707 -1 -7
0.049730777740478516 -1 -18
0.0561981201171875 -2 -83
0.06426215171813965 -3 -20
0.07000064849853516 -4 -79
0.07889056205749512 -5 -99
0.0854041576385498 -6 -124
0.09116196632385254 -7 -137
0.09753084182739258 -8 -146
0.10602641105651855 -9 -152
0.11168551445007324 -10 -159
0.11803364753723145 -11 -164
0.12628459930419922 -13 -167
0.132002592086792 -13 -170
0.13836073875427246 -15 -176
0.14713597297668457 -16 -180
0.1535341739654541 -17 -183
0.1591506004333496 -19 -184
0.1674213409423828 -20 -185
0.1738123893737793 -21 -185
0.1818394660949707 -23 -188
0.18821477890014648 -24 -191
0.19483089447021484 -25 -193
0.2003023624420166 -27 -193
0.20947575569152832 -28 -193
0.21589970588684082 -29 -193
0.2215573787689209 -31 -195
0.2279493808746338 -32 -199
0.2366957664489746 -33 -198
0.24283361434936523 -35 -197
0.2488400936126709 -36 -193
0.25713109970092773 -38 -195
0.26784586906433105 -40 -197
0.27669453620910645 -41 -197
0.28427791595458984 -43 -195
0.2910606861114502 -45 -195
0.2973194122314453 -46 -197
0.30620360374450684 -47 -198
0.31199049949645996 -49 -200
0.31835269927978516 -49 -199
0.32510876655578613 -51 -197
0.33388400077819824 -53 -197
0.33959436416625977 -54 -199
0.3460867404937744 -55 -200
0.35384035110473633 -57 -201
0.359539270401001 -58 -198
0.3661367893218994 -59 -197
0.3718068599700928 -60 -195
0.3782505989074707 -61 -197
0.38488292694091797 -63 -199
0.39039182662963867 -64 -197
0.3971250057220459 -65 -196
0.4043760299682617 -67 -195
0.4100973606109619 -68 -196
0.4168074131011963 -69 -198
0.42333149909973145 -70 -198
0.42897796630859375 -71 -199
0.43546080589294434 -73 -199
0.44117093086242676 -74 -198
0.4475226402282715 -75 -198
0.4548332691192627 -77 -199
0.4603092670440674 -78 -200
0.4671518802642822 -79 -200
0.473588228225708 -81 -198
0.4792032241821289 -82 -196
0.48589015007019043 -83 -197
0.4915347099304199 -84 -196
0.4979112148284912 -85 -196
0.5053799152374268 -87 -196
0.5111243724822998 -88 -196
0.5173971652984619 -89 -196
0.5237610340118408 -91 -197
0.5294795036315918 -92 -199
0.5358998775482178 -93 -198
0.5416321754455566 -94 -199
0.5479552745819092 -95 -198
0.5554776191711426 -96 -196
0.5612027645111084 -98 -198
0.5675337314605713 -99 -199
0.573798418045044 -101 -200
0.5795378684997559 -101 -200
0.5859928131103516 -103 -199
0.5917737483978271 -104 -197
0.5981106758117676 -105 -198
0.6058592796325684 -107 -197
0.6116104125976562 -108 -199
0.6180000305175781 -109 -197
0.6243078708648682 -110 -195
0.6300203800201416 -111 -194
0.6367204189300537 -113 -195
0.6421525478363037 -114 -195
0.6487739086151123 -115 -197
0.6561374664306641 -117 -198
0.667412519454956 -119 -196
0.6754274368286133 -120 -197
0.6812775135040283 -122 -198
0.6876344680786133 -123 -199
0.6941184997558594 -124 -200
0.6998894214630127 -125 -197
0.7075746059417725 -127 -197
0.7138826847076416 -128 -197
0.7196023464202881 -129 -199
0.7263638973236084 -131 -199
0.7320623397827148 -132 -198
0.7384099960327148 -133 -195
0.7449543476104736 -134 -195
0.7504093647003174 -135 -195
0.7579824924468994 -137 -199
0.7643289566040039 -138 -197
0.7700488567352295 -139 -198
0.7767021656036377 -140 -196
0.7832040786743164 -141 -195
0.7888674736022949 -143 -197
0.7953639030456543 -144 -198
0.8011646270751953 -145 -199
0.8081998825073242 -147 -200
0.8147478103637695 -148 -198
0.8202495574951172 -149 -198
0.826972484588623 -150 -198
0.8333272933959961 -151 -199
0.8389763832092285 -153 -199
0.8455934524536133 -154 -199
0.8514723777770996 -155 -197
0.8589072227478027 -157 -195
0.8654005527496338 -158 -196
0.8711316585540771 -159 -196
0.8774056434631348 -160 -199
0.8838064670562744 -162 -198
0.8895547389984131 -163 -196
0.8959829807281494 -164 -195
0.9035084247589111 -165 -195
0.9100260734558105 -167 -198
0.9167430400848389 -168 -199
0.9221434593200684 -169 -199
0.9287726879119873 -171 -199
0.9350643157958984 -172 -198
0.9410135746002197 -173 -198
0.947312593460083 -174 -198
0.9536828994750977 -176 -200
0.960047721862793 -177 -200
0.9668934345245361 -178 -195
0.9732882976531982 -179 -193
0.9789273738861084 -181 -194
0.9855589866638184 -181 -197
0.9912848472595215 -183 -199
0.9976537227630615 -184 -199
1.0039598941802979 -185 -197
