0.01279759407043457 0 0
0.021290063858032227 0 0
0.0282285213470459 0 0
0.0345761775970459 0 -2
0.04243159294128418 -1 -15
0.04883098602294922 -2 -38
0.05516457557678223 -2 -18
0.06085920333862305 -4 -59
0.0690460205078125 -4 -127
0.07537221908569336 -6 -156
0.08442354202270508 -7 -165
0.09010910987854004 -8 -179
0.09658432006835938 -9 -187
0.10240507125854492 -11 -194
0.11099839210510254 -13 -206
0.11772036552429199 -14 -213
0.12314319610595703 -16 -221
0.1320338249206543 -18 -227
0.13835477828979492 -19 -231
0.14492082595825195 -21 -237
0.15069794654846191 -23 -241
0.15892362594604492 -24 -241
0.16521406173706055 -26 -243
0.17091894149780273 -28 -246
0.17914700508117676 -29 -251
0.1857149600982666 -30 -253
0.194366455078125 -33 -254
0.20000815391540527 -34 -256
0.20659780502319336 -36 -258
0.21480393409729004 -38 -261
0.22052240371704102 -40 -261
0.22695207595825195 -42 -263
0.23503589630126953 -44 -265
0.24077439308166504 -45 -264
0.24724793434143066 -47 -262
0.25582122802734375 -49 -260
0.26133108139038086 -50 -263
0.26816821098327637 -52 -265
0.27642130851745605 -54 -263
0.2821834087371826 -56 -263
0.2885293960571289 -58 -264
0.297074556350708 -60 -267
0.3027615547180176 -62 -266
0.30909132957458496 -64 -266
0.3173389434814453 -66 -268
0.3231191635131836 -67 -269
0.3297417163848877 -69 -266
0.3379940986633301 -71 -266
0.3444068431854248 -72 -267
0.35681796073913574 -76 -265
0.363175630569458 -78 -264
0.37105631828308105 -80 -266
0.37836503982543945 -82 -268
0.3849644660949707 -84 -267
0.39072322845458984 -85 -267
0.39728450775146484 -87 -268
0.4031553268432617 -89 -268
0.4106764793395996 -90 -268
0.4171886444091797 -92 -267
0.42284059524536133 -94 -265
0.4291956424713135 -95 -266
0.4359776973724365 -97 -266
0.44197940826416016 -99 -264
0.44832706451416016 -100 -264
0.45469117164611816 -102 -264
0.4612140655517578 -104 -267
0.46787357330322266 -105 -266
0.47421741485595703 -107 -266
0.4798920154571533 -108 -267
0.4864528179168701 -110 -268
0.4921591281890869 -112 -270
0.49840283393859863 -114 -269
0.5049188137054443 -116 -268
0.5119216442108154 -117 -266
0.5182058811187744 -119 -266
0.5246241092681885 -121 -266
0.5303423404693604 -122 -264
0.5369536876678467 -124 -265
0.542618989944458 -126 -268
0.5489540100097656 -127 -266
0.5552501678466797 -129 -265
0.562312126159668 -131 -266
0.5687038898468018 -132 -267
0.5749897956848145 -134 -269
0.5807244777679443 -136 -270
0.587181806564331 -138 -268
0.5928285121917725 -139 -268
0.5992164611816406 -141 -268
0.6057629585266113 -143 -267
0.6124966144561768 -144 -264
0.6188561916351318 -146 -263
0.625286340713501 -148 -265
0.6310222148895264 -149 -266
0.6377015113830566 -151 -267
0.6437473297119141 -152 -267
0.6498010158538818 -154 -265
0.6561980247497559 -156 -269
0.662982702255249 -158 -268
0.6693334579467773 -159 -268
0.6758823394775391 -161 -267
0.6813397407531738 -162 -266
0.6881701946258545 -164 -270
0.6945745944976807 -166 -269
0.7003483772277832 -168 -265
0.7068147659301758 -170 -263
0.7142384052276611 -171 -265
0.7199046611785889 -173 -266
0.726428747177124 -174 -266
0.7321648597717285 -176 -266
0.7385289669036865 -178 -266
0.744945764541626 -180 -269
0.7560381889343262 -183 -269
0.7641127109527588 -184 -267
0.7711422443389893 -187 -268
0.7785542011260986 -188 -267
0.7849869728088379 -190 -267
0.7907488346099854 -192 -264
0.7976517677307129 -194 -268
0.8042426109313965 -195 -268
0.8098888397216797 -197 -265
0.8172383308410645 -199 -265
0.8228769302368164 -200 -264
0.8292591571807861 -202 -270
0.8358371257781982 -204 -267
0.841331958770752 -205 -268
0.8480165004730225 -207 -268
0.8544135093688965 -208 -269
0.8600916862487793 -211 -270
0.8678600788116455 -212 -268
0.8742232322692871 -214 -265
0.8798840045928955 -216 -265
0.8863379955291748 -217 -265
0.8920741081237793 -219 -266
0.8983843326568604 -220 -267
0.9047627449035645 -222 -267
0.9105114936828613 -224 -267
0.9180076122283936 -226 -267
0.9245903491973877 -228 -266
0.9301929473876953 -229 -267
0.9367167949676514 -231 -269
0.9423859119415283 -232 -269
0.9487340450286865 -234 -269
0.9550485610961914 -236 -269
0.9607603549957275 -238 -267
0.968109130859375 -239 -268
0.9745473861694336 -241 -267
0.9801476001739502 -243 -266
0.9868760108947754 -244 -265
0.9925596714019775 -246 -267
0.9999001026153564 -248 -266
1.0064291954040527 -249 -264
