0.015326738357543945 0 0
0.021448850631713867 0 0
0.027395963668823242 0 0
0.03413701057434082 0 7
0.04277229309082031 1 17
0.04849410057067871 1 17
0.05489611625671387 2 80
0.06353592872619629 3 33
0.06896209716796875 3 67
0.07568144798278809 5 122
0.0838470458984375 6 137
0.08966946601867676 7 151
0.09594035148620605 8 165
0.10420083999633789 9 169
0.10996150970458984 11 184
0.11838436126708984 12 190
0.12490510940551758 13 194
0.13068270683288574 15 197
0.13700437545776367 16 199
0.1457674503326416 17 203
0.15217161178588867 19 208
0.15776467323303223 21 213
0.16600894927978516 22 217
0.17235803604125977 24 220
0.18017959594726562 25 227
0.1865544319152832 27 230
0.1928567886352539 29 231
0.198530912399292 30 233
0.20673012733459473 32 234
0.2132730484008789 33 236
0.2220289707183838 35 236
0.22762465476989746 36 234
0.2340707778930664 38 232
0.24462461471557617 41 232
0.25363850593566895 43 233
0.26230883598327637 45 234
0.26850032806396484 46 236
0.2769813537597656 48 240
0.2838752269744873 50 242
0.2897512912750244 51 243
0.2982301712036133 53 243
0.30484914779663086 55 242
0.31046581268310547 57 242
0.31682562828063965 59 241
0.3256185054779053 60 240
0.33197617530822754 61 238
0.33758020401000977 63 238
0.3458106517791748 65 237
0.35219359397888184 67 236
0.36004161834716797 68 237
0.36640501022338867 70 238
0.3726634979248047 71 242
0.3783726692199707 73 245
0.3857541084289551 74 243
0.39228367805480957 76 246
0.397979736328125 78 243
0.4045240879058838 79 243
0.41013002395629883 81 244
0.4174208641052246 82 241
0.42386841773986816 83 242
0.42968082427978516 85 241
0.43674755096435547 87 244
0.4430210590362549 88 240
0.4487314224243164 90 238
0.455399751663208 91 235
0.461885929107666 93 235
0.46752476692199707 94 239
0.4739725589752197 95 242
0.47973203659057617 97 243
0.4868457317352295 99 244
0.49337315559387207 101 246
0.4988384246826172 102 247
0.5054478645324707 103 246
0.5114703178405762 105 245
0.5174427032470703 106 244
0.5240356922149658 108 242
0.5297455787658691 109 241
0.5368809700012207 111 239
0.5434186458587646 113 238
0.5488748550415039 114 237
0.5555324554443359 115 238
0.5619196891784668 117 242
0.5675528049468994 118 242
0.5740504264831543 120 241
0.5798842906951904 122 243
0.5870242118835449 123 246
0.5935375690460205 125 246
0.5989723205566406 126 245
0.6056861877441406 127 246
0.6121060848236084 129 244
0.6177241802215576 131 242
0.6242194175720215 132 242
0.6300020217895508 134 239
0.6374146938323975 136 237
0.6486661434173584 139 239
0.656386137008667 140 240
0.6628379821777344 141 239
0.6685359477996826 143 241
0.6753208637237549 145 241
0.6813910007476807 147 247
0.6883585453033447 148 247
0.6947712898254395 149 246
0.7005243301391602 151 246
0.7068722248077393 152 244
0.7133996486663818 154 244
0.7188498973846436 155 242
0.7255773544311523 157 241
0.7319474220275879 158 239
0.7384457588195801 160 238
0.7448623180389404 161 239
0.7505102157592773 163 239
0.7568309307098389 164 240
0.7634954452514648 166 240
0.7689783573150635 167 241
0.7756574153900146 169 243
0.7822256088256836 171 245
0.7887613773345947 172 244
0.7954096794128418 173 245
0.8007974624633789 175 245
0.8073580265045166 177 245
0.8136956691741943 178 245
0.819709062576294 180 241
0.8259906768798828 181 240
0.8323473930358887 183 238
0.8388574123382568 184 236
0.8455851078033447 185 238
0.8519277572631836 187 238
0.8575599193572998 189 238
0.8640353679656982 190 239
0.8697612285614014 192 242
0.876021146774292 193 242
0.8825018405914307 195 243
0.8889598846435547 196 244
0.8956735134124756 198 245
0.902238130569458 200 246
0.9078295230865479 201 244
0.9145119190216064 203 241
0.9201407432556152 204 238
0.9264535903930664 205 238
0.932706356048584 207 238
0.9397053718566895 209 237
0.946014404296875 210 236
0.9523663520812988 211 237
0.9580731391906738 213 237
0.9645092487335205 215 242
0.97015380859375 216 242
0.9764747619628906 217 242
0.9827420711517334 219 244
0.9884345531463623 221 244
0.995985746383667 222 246
1.0025150775909424 224 244
