0.014150619506835938 0 0
0.020952463150024414 0 0
0.0266571044921875 0 0
0.03299522399902344 0 0
0.03924059867858887 0 0
0.05046367645263672 0 3
0.05847883224487305 0 3
0.06549739837646484 0 3
0.07284975051879883 0 3
0.0794668197631836 0 3
0.08513021469116211 1 6
0.09193897247314453 1 6
0.09850859642028809 1 13
0.10414767265319824 2 27
0.11143279075622559 2 27
0.11707878112792969 2 27
0.12342524528503418 2 26
0.12999391555786133 2 26
0.13613033294677734 3 40
0.1423940658569336 3 43
0.14877676963806152 3 43
0.15450739860534668 4 43
0.1619410514831543 4 43
0.16794085502624512 4 45
0.17392539978027344 4 45
0.18035483360290527 5 44
0.18620920181274414 5 45
0.19244790077209473 5 47
0.19895076751708984 6 47
0.20464682579040527 6 47
0.21214962005615234 6 48
0.21854829788208008 7 50
0.22419452667236328 7 50
0.23089289665222168 7 50
0.23656678199768066 8 50
0.24292325973510742 8 50
0.24923205375671387 8 49
0.25495457649230957 9 49
0.26268863677978516 9 51
0.2689340114593506 9 51
0.2746748924255371 10 51
0.2810955047607422 10 51
0.28675103187561035 10 54
0.2930762767791748 10 53
0.29933857917785645 11 52
0.30506277084350586 11 52
0.3124241828918457 12 52
0.3189823627471924 12 52
0.3246932029724121 12 50
0.33108019828796387 12 51
0.33675360679626465 13 51
0.34308314323425293 13 51
0.3494136333465576 14 51
0.35509371757507324 14 51
0.36281776428222656 14 54
0.36913013458251953 14 53
0.3748509883880615 15 53
0.3813965320587158 15 53
0.3870666027069092 16 53
0.3934478759765625 16 53
0.4000098705291748 16 51
0.40544605255126953 16 52
0.4130070209503174 17 53
0.41928982734680176 17 53
0.4250202178955078 18 54
0.4314277172088623 18 54
0.43720054626464844 18 54
0.44352293014526367 19 52
0.4562070369720459 19 52
0.46335315704345703 20 51
0.470017671585083 20 51
0.47548365592956543 20 51
0.4823288917541504 20 51
0.4889094829559326 21 51
0.494647741317749 21 51
0.5012040138244629 22 52
0.5068564414978027 22 52
0.5142669677734375 22 52
0.5231835842132568 23 52
0.5298717021942139 23 51
0.5353376865386963 23 51
0.5421950817108154 24 49
0.5487401485443115 24 49
0.5543549060821533 24 50
0.5610196590423584 24 51
0.5684404373168945 25 52
0.5740811824798584 25 52
0.5805630683898926 26 54
0.5862941741943359 26 54
0.5926926136016846 26 51
0.5989809036254883 26 51
0.6047112941741943 27 51
0.6111400127410889 27 50
0.6187188625335693 28 50
0.6244819164276123 28 50
0.6309683322906494 28 50
0.6365883350372314 28 50
0.6429076194763184 29 53
0.6491718292236328 29 53
0.6560454368591309 30 52
0.6623713970184326 30 52
0.6698408126831055 30 52
0.6753289699554443 30 52
0.6821854114532471 31 51
0.688591718673706 31 49
0.6942346096038818 32 51
0.7007105350494385 32 51
0.7064671516418457 32 52
0.7128384113311768 32 54
0.7202322483062744 33 54
0.7261466979980469 33 54
0.7323987483978271 34 52
0.7389101982116699 34 52
0.7446537017822266 34 51
0.751251220703125 34 51
0.7568843364715576 35 49
0.7632248401641846 35 50
0.7707304954528809 36 51
0.776451587677002 36 51
0.7828056812286377 36 51
0.7890734672546387 36 51
0.7948119640350342 37 53
0.8013749122619629 37 53
0.8070046901702881 38 53
0.8133962154388428 38 53
0.8209488391876221 38 53
0.8265678882598877 38 51
0.8329164981842041 39 50
0.8392226696014404 39 51
0.8500831127166748 40 52
0.8584926128387451 40 52
0.8641011714935303 40 55
0.871788740158081 41 54
0.8784017562866211 41 52
0.8840386867523193 42 52
0.8906474113464355 42 52
0.8964107036590576 42 50
0.9027929306030273 42 50
0.90907883644104 43 51
0.9147632122039795 43 51
0.922337532043457 43 50
0.9287569522857666 44 50
0.9343588352203369 44 53
0.9409096240997314 44 53
0.9465513229370117 45 52
0.9528923034667969 45 52
0.9591894149780273 45 52
0.9648797512054443 46 52
0.9723751544952393 46 52
0.978938102722168 46 50
0.9846773147583008 47 51
0.9911231994628906 47 52
0.9968240261077881 47 53
1.0031659603118896 48 53
