0.013387441635131836 0 0
0.023607730865478516 0 0
0.03033614158630371 0 0
0.040375709533691406 -1 -2
0.048999786376953125 -1 -2
0.05474281311035156 -1 -6
0.06296777725219727 -2 -13
0.06944084167480469 -2 -25
0.08001947402954102 -2 -25
0.08550238609313965 -3 -43
0.0924227237701416 -3 -59
0.10638689994812012 -4 -65
0.11458373069763184 -5 -72
0.12670469284057617 -6 -78
0.1366891860961914 -7 -79
0.14514851570129395 -7 -80
0.15419840812683105 -8 -81
0.16122794151306152 -9 -82
0.16973042488098145 -9 -84
0.17545771598815918 -10 -86
0.18894720077514648 -11 -87
0.19682645797729492 -12 -85
0.20318984985351562 -12 -88
0.21149396896362305 -13 -90
0.22026419639587402 -14 -90
0.22916388511657715 -14 -87
0.23498749732971191 -15 -85
0.24532413482666016 -16 -85
0.2521944046020508 -18 -88
0.2716524600982666 -18 -88
0.280834436416626 -19 -88
0.28743529319763184 -20 -90
0.3007667064666748 -21 -89
0.3114299774169922 -22 -88
0.320955753326416 -23 -87
0.32967686653137207 -24 -87
0.33961915969848633 -24 -88
0.35017919540405273 -27 -88
0.37243103981018066 -27 -91
0.38296055793762207 -28 -91
0.39166760444641113 -29 -90
0.4005849361419678 -30 -88
0.4116973876953125 -31 -89
0.4212486743927002 -32 -89
0.4291820526123047 -33 -91
0.44165658950805664 -34 -91
0.4501020908355713 -34 -89
0.4556262493133545 -36 -92
0.46941137313842773 -36 -90
0.4808802604675293 -37 -88
0.4889078140258789 -38 -88
0.499035120010376 -39 -88
0.5095694065093994 -40 -88
0.5186936855316162 -40 -89
0.5296738147735596 -42 -88
0.5376317501068115 -42 -90
0.5474302768707275 -43 -90
0.554553747177124 -44 -89
0.5667986869812012 -45 -87
0.574059247970581 -46 -87
0.582331657409668 -46 -87
0.5888998508453369 -47 -90
0.596796989440918 -48 -89
0.6031711101531982 -48 -90
0.6094615459442139 -48 -88
0.617457389831543 -49 -89
0.6240522861480713 -50 -89
0.6325275897979736 -51 -92
0.6389713287353516 -51 -93
0.644683837890625 -52 -91
0.651139497756958 -52 -90
0.6567823886871338 -53 -89
0.6631114482879639 -54 -89
0.6703379154205322 -54 -89
0.676354169845581 -55 -91
0.682628870010376 -55 -91
0.6891167163848877 -56 -91
0.69484543800354 -56 -91
0.7012362480163574 -57 -90
0.7069056034088135 -58 -91
0.7132546901702881 -58 -93
0.7207238674163818 -58 -92
0.7264556884765625 -59 -90
0.7328813076019287 -60 -90
0.7391622066497803 -60 -88
0.7455933094024658 -61 -87
0.7524363994598389 -62 -87
0.7588119506835938 -62 -87
0.7644941806793213 -63 -88
0.7721381187438965 -63 -88
0.7781243324279785 -64 -88
0.7841413021087646 -64 -87
0.790543794631958 -65 -91
0.7963683605194092 -66 -92
0.8026201725006104 -66 -92
0.8091518878936768 -67 -90
0.8148784637451172 -67 -89
0.822392463684082 -68 -89
0.8288087844848633 -68 -90
0.8344428539276123 -69 -89
0.8409194946289062 -70 -90
0.8489017486572266 -70 -90
0.8545072078704834 -71 -91
0.8610677719116211 -71 -91
0.8668179512023926 -72 -89
0.8741812705993652 -72 -91
0.8805720806121826 -73 -91
0.8864247798919678 -74 -93
0.892672061920166 -74 -89
0.8990485668182373 -75 -89
0.9047434329986572 -75 -87
0.9112136363983154 -76 -87
0.9168930053710938 -76 -88
0.9270029067993164 -78 -90
0.9350714683532715 -78 -90
0.9436135292053223 -79 -89
0.9502975940704346 -79 -89
0.9557271003723145 -80 -89
0.962590217590332 -80 -91
0.9691245555877686 -81 -92
0.9756157398223877 -82 -90
0.9822943210601807 -82 -89
0.988832950592041 -83 -87
0.9944972991943359 -83 -88
1.0010528564453125 -84 -88
