0.015325784683227539 0 0
0.021678924560546875 0 0
0.030109643936157227 0 0
0.03830838203430176 0 2
0.04429364204406738 1 7
0.052776336669921875 1 17
0.06051516532897949 1 17
0.06700754165649414 2 40
0.07265233993530273 3 67
0.08090496063232422 3 76
0.08729720115661621 4 86
0.09522366523742676 4 92
0.10157442092895508 5 95
0.10814666748046875 5 93
0.1168525218963623 7 98
0.12245535850524902 7 101
0.1289074420928955 8 105
0.13466906547546387 9 110
0.1432785987854004 9 113
0.14992260932922363 10 115
0.15543723106384277 11 116
0.16422367095947266 12 120
0.17053699493408203 13 123
0.17704153060913086 14 125
0.18273472785949707 15 126
0.19097256660461426 15 126
0.19729304313659668 16 126
0.20303654670715332 17 125
0.21123290061950684 18 125
0.2174837589263916 19 126
0.22535443305969238 20 127
0.2319471836090088 21 128
0.2383711338043213 21 128
0.24665188789367676 23 127
0.2522730827331543 23 126
0.25872015953063965 24 125
0.26690196990966797 25 125
0.27251315116882324 26 126
0.2790510654449463 27 127
0.28752923011779785 28 130
0.2932393550872803 29 130
0.300051212310791 29 130
0.30544543266296387 30 130
0.31450796127319336 31 129
0.32087278366088867 32 129
0.32714390754699707 33 129
0.3349897861480713 34 129
0.34133005142211914 35 131
0.3476254940032959 36 132
0.35335350036621094 37 132
0.36638808250427246 38 131
0.3753209114074707 39 131
0.3824727535247803 40 130
0.38923192024230957 41 130
0.39710450172424316 42 131
0.4049208164215088 43 132
0.4124414920806885 44 131
0.41912031173706055 45 131
0.4260694980621338 46 129
0.4320955276489258 47 127
0.4385356903076172 47 127
0.4443354606628418 49 127
0.45058250427246094 49 127
0.45693540573120117 50 128
0.4625277519226074 51 129
0.4690670967102051 51 129
0.4766545295715332 52 129
0.4822566509246826 53 128
0.48870015144348145 54 128
0.4944465160369873 55 127
0.500805139541626 55 127
0.50705885887146 57 129
0.5127451419830322 57 129
0.519212007522583 58 131
0.5265960693359375 59 132
0.5321981906890869 59 132
0.5387859344482422 61 132
0.5446162223815918 61 131
0.5516469478607178 62 130
0.5582013130187988 63 130
0.5636622905731201 64 130
0.5703611373901367 65 131
0.5774202346801758 66 131
0.5831286907196045 67 132
0.5895595550537109 67 132
0.5952990055084229 68 131
0.6016209125518799 69 130
0.6081390380859375 69 128
0.6136016845703125 70 128
0.6210501194000244 71 127
0.6285319328308105 72 128
0.6343066692352295 73 129
0.6405725479125977 74 130
0.6469995975494385 75 128
0.6527130603790283 75 128
0.6592621803283691 76 128
0.6649022102355957 77 127
0.6712222099304199 78 127
0.6788811683654785 79 128
0.6846091747283936 79 129
0.690929651260376 80 131
0.6971642971038818 81 131
0.7028603553771973 82 131
0.7093408107757568 83 131
0.7150866985321045 83 131
0.7213935852050781 84 130
0.7287595272064209 85 130
0.7345192432403564 86 131
0.7408514022827148 87 131
0.747093915939331 88 132
0.7527961730957031 89 132
0.7634727954864502 90 131
0.7716584205627441 91 131
0.7794480323791504 92 129
0.7852146625518799 93 129
0.791581392288208 93 128
0.7981827259063721 94 127
0.8036189079284668 95 128
0.8104031085968018 96 129
0.8167614936828613 97 128
0.8224055767059326 97 129
0.8299283981323242 98 129
0.8354306221008301 99 129
0.8420023918151855 100 128
0.8482646942138672 101 128
0.8541467189788818 101 128
0.860405683517456 102 130
0.8668055534362793 103 131
0.87241530418396 104 131
0.8799915313720703 105 131
0.8853864669799805 105 131
0.8916788101196289 107 130
0.8983442783355713 107 129
0.9042084217071533 108 130
0.9104733467102051 109 130
0.9168374538421631 110 131
0.9224214553833008 111 132
0.929940938949585 111 132
0.9354615211486816 112 132
0.942070722579956 113 131
0.9483561515808105 114 130
0.9543688297271729 115 129
0.9606339931488037 115 130
0.9669969081878662 116 129
0.9727251529693604 117 129
0.9802029132843018 118 130
0.9865424633026123 119 130
0.9921615123748779 119 129
0.9986321926116943 120 128
1.0043931007385254 121 128
