0.012391805648803711 0 0
0.0219266414642334 0 0
0.028568506240844727 1 2
0.03429460525512695 1 13
0.04291820526123047 2 31
0.049627065658569336 2 97
0.05615878105163574 4 28
0.06399750709533691 5 144
0.07034659385681152 6 168
0.07685232162475586 8 185
0.08254265785217285 9 199
0.09072709083557129 10 200
0.09697580337524414 12 210
0.10265541076660156 14 225
0.11089181900024414 15 236
0.11717963218688965 17 246
0.12562131881713867 19 253
0.13161706924438477 20 261
0.13822674751281738 22 270
0.14957880973815918 26 281
0.1575627326965332 28 283
0.16620945930480957 30 291
0.1724553108215332 32 289
0.18096208572387695 35 288
0.1877307891845703 36 290
0.19316554069519043 39 292
0.2022995948791504 41 295
0.20874762535095215 43 297
0.214400053024292 45 301
0.22072458267211914 48 306
0.2294597625732422 49 309
0.23483943939208984 51 309
0.24116158485412598 54 308
0.24963831901550293 56 308
0.25615668296813965 57 307
0.26175928115844727 60 307
0.27004098892211914 62 304
0.27643489837646484 64 303
0.28427720069885254 66 304
0.29062867164611816 68 307
0.29689645767211914 70 312
0.30257344245910645 73 313
0.3117794990539551 75 315
0.318406343460083 77 313
0.32654476165771484 80 313
0.33224916458129883 82 311
0.33866167068481445 84 308
0.34703803062438965 86 307
0.3527238368988037 88 306
0.359119176864624 90 309
0.3647747039794922 92 309
0.37319517135620117 94 312
0.38005638122558594 96 314
0.38645434379577637 98 314
0.3927783966064453 100 316
0.39916491508483887 102 315
0.4047868251800537 104 315
0.41203761100769043 106 309
0.41862916946411133 108 308
0.4260687828063965 110 308
0.4316830635070801 112 307
0.43823862075805664 114 309
0.4440610408782959 116 310
0.45035529136657715 118 312
0.45659756660461426 120 313
0.4622828960418701 122 313
0.4687206745147705 124 316
0.47609877586364746 126 317
0.48175048828125 128 315
0.4882063865661621 130 312
0.49407029151916504 132 309
0.5003829002380371 133 307
0.5067305564880371 136 305
0.5124411582946777 138 308
0.5188465118408203 139 310
0.5261280536651611 141 312
0.5317351818084717 143 314
0.5381863117218018 145 315
0.5439043045043945 149 317
0.5548355579376221 151 315
0.5628175735473633 153 313
0.5696113109588623 155 309
0.5770184993743896 158 306
0.5827009677886963 159 307
0.5894291400909424 161 306
0.5948028564453125 163 309
0.6011335849761963 165 311
0.6076710224151611 167 313
0.6131405830383301 169 316
0.6199700832366943 171 317
0.6271383762359619 173 317
0.6328370571136475 175 316
0.6395168304443359 177 311
0.6449489593505859 179 311
0.6515066623687744 180 306
0.6577708721160889 182 307
0.6631841659545898 184 306
0.6698586940765381 186 310
0.6770212650299072 188 309
0.6827213764190674 190 313
0.6891286373138428 192 315
0.6947357654571533 194 316
0.7010684013366699 196 316
0.7077748775482178 198 316
0.7131943702697754 200 315
0.7198760509490967 202 310
0.7270376682281494 204 307
0.7327609062194824 206 308
0.7395412921905518 208 307
0.744936466217041 210 307
0.7514894008636475 212 309
0.7577493190765381 214 313
0.763171911239624 216 314
0.7699096202850342 218 315
0.777008056640625 220 316
0.7827036380767822 223 314
0.7939498424530029 226 311
0.8002076148986816 227 309
0.8065574169158936 229 309
0.8122832775115967 231 307
0.8186831474304199 233 307
0.824272871017456 235 307
0.8315579891204834 237 309
0.8380630016326904 238 314
0.8438589572906494 241 314
0.8501312732696533 242 315
0.8566780090332031 245 315
0.8623907566070557 247 314
0.8689365386962891 248 311
0.8745541572570801 250 310
0.8819282054901123 252 308
0.8883922100067139 255 306
0.8941020965576172 256 306
0.9004502296447754 258 307
0.9067347049713135 260 310
0.9124770164489746 262 312
0.9190411567687988 264 314
0.924635648727417 266 315
0.9320216178894043 268 316
0.9385836124420166 270 314
0.9442451000213623 274 311
0.9559171199798584 276 310
0.9630467891693115 278 306
0.9700522422790527 280 306
0.9766669273376465 282 307
0.9831452369689941 284 310
0.989912748336792 286 311
0.9963302612304688 288 313
1.00191068649292 290 315
