0.014811992645263672 0 0
0.022993087768554688 0 -2
0.029316186904907227 0 -2
0.03600454330444336 -1 -13
0.045310258865356445 -1 -29
0.05103945732116699 -3 -17
0.057445526123046875 -3 -27
0.06306815147399902 -5 -126
0.07198119163513184 -6 -160
0.07826995849609375 -7 -179
0.0848543643951416 -9 -189
0.0927588939666748 -10 -201
0.0991201400756836 -11 -212
0.10584259033203125 -13 -224
0.11443161964416504 -15 -233
0.1200723648071289 -17 -240
0.12656807899475098 -18 -250
0.13234663009643555 -21 -257
0.14076590538024902 -22 -262
0.14734888076782227 -24 -269
0.1529862880706787 -25 -272
0.16146540641784668 -28 -276
0.16817426681518555 -29 -278
0.17458605766296387 -32 -280
0.18244576454162598 -34 -279
0.1888415813446045 -36 -283
0.19518327713012695 -37 -286
0.20090723037719727 -39 -288
0.2099010944366455 -41 -289
0.21635961532592773 -43 -291
0.22217321395874023 -45 -292
0.2306528091430664 -48 -297
0.23727774620056152 -50 -297
0.2429182529449463 -51 -294
0.24929571151733398 -54 -296
0.25804829597473145 -56 -294
0.2645859718322754 -58 -294
0.27022647857666016 -59 -294
0.27694153785705566 -62 -298
0.285311222076416 -64 -296
0.2910325527191162 -66 -296
0.2974557876586914 -68 -299
0.30610203742980957 -70 -300
0.31203722953796387 -72 -300
0.3182985782623291 -75 -299
0.32704901695251465 -77 -300
0.3327147960662842 -78 -299
0.33907580375671387 -80 -297
0.3454291820526123 -83 -295
0.3531374931335449 -84 -296
0.3594677448272705 -86 -297
0.3661794662475586 -89 -297
0.37246251106262207 -90 -299
0.37883615493774414 -93 -299
0.3901996612548828 -96 -302
0.39713454246520996 -97 -302
0.4054241180419922 -100 -300
0.41111040115356445 -102 -299
0.41874170303344727 -104 -296
0.4252505302429199 -106 -297
0.43097877502441406 -108 -298
0.4377598762512207 -109 -297
0.4439084529876709 -111 -297
0.44992589950561523 -113 -299
0.45641303062438965 -115 -299
0.46215128898620605 -117 -300
0.46837806701660156 -119 -301
0.47574925422668457 -121 -302
0.4812130928039551 -123 -300
0.4879310131072998 -125 -300
0.4944596290588379 -126 -297
0.5000565052032471 -128 -296
0.506664514541626 -130 -299
0.5171430110931396 -133 -297
0.5246679782867432 -136 -298
0.5302581787109375 -137 -299
0.5367071628570557 -139 -299
0.5424156188964844 -141 -300
0.5487954616546631 -143 -302
0.5550796985626221 -145 -302
0.5608103275299072 -147 -302
0.56740403175354 -149 -299
0.57478928565979 -151 -295
0.5804929733276367 -153 -298
0.586942195892334 -155 -298
0.5925846099853516 -156 -299
0.5989441871643066 -158 -300
0.6052677631378174 -160 -299
0.6109814643859863 -162 -298
0.6177148818969727 -163 -300
0.625058650970459 -166 -301
0.6307969093322754 -168 -301
0.6373264789581299 -169 -301
0.642951250076294 -171 -301
0.6492908000946045 -173 -301
0.6558382511138916 -175 -299
0.6613097190856934 -177 -297
0.6679961681365967 -179 -296
0.6750552654266357 -181 -298
0.6807894706726074 -183 -298
0.6873583793640137 -184 -298
0.6930146217346191 -186 -299
0.699399471282959 -188 -300
0.7059392929077148 -190 -301
0.711414098739624 -191 -301
0.7181432247161865 -193 -301
0.7253422737121582 -196 -301
0.7310807704925537 -198 -300
0.737739086151123 -199 -297
0.7438347339630127 -201 -296
0.7498688697814941 -203 -298
0.7565000057220459 -205 -298
0.7622299194335938 -207 -298
0.7684988975524902 -208 -298
0.7759065628051758 -211 -299
0.7813754081726074 -214 -300
0.793123722076416 -217 -302
0.8008203506469727 -219 -302
0.8074741363525391 -221 -300
0.8138422966003418 -222 -299
0.8198840618133545 -224 -296
0.8273715972900391 -227 -298
0.8330016136169434 -228 -298
0.8393726348876953 -230 -299
0.8459432125091553 -232 -298
0.8514106273651123 -234 -300
0.8580894470214844 -235 -300
0.864668607711792 -238 -301
0.8704452514648438 -240 -302
0.8779315948486328 -241 -302
0.8844609260559082 -243 -301
0.8901021480560303 -245 -299
0.8965456485748291 -247 -298
0.9022583961486816 -249 -298
0.9086382389068604 -251 -299
0.9148857593536377 -253 -298
0.9206583499908447 -255 -299
0.9282939434051514 -257 -299
0.9347360134124756 -259 -301
0.9404444694519043 -260 -301
0.9469113349914551 -263 -302
0.952542781829834 -264 -301
0.9588572978973389 -266 -302
0.9651288986206055 -268 -301
0.9708390235900879 -270 -299
0.9782788753509521 -271 -299
0.9848430156707764 -274 -300
0.9905397891998291 -276 -300
0.9969882965087891 -277 -299
1.0027120113372803 -279 -301
