0.01648259162902832 0 0
0.022188663482666016 0 0
0.028990745544433594 0 0
0.03701925277709961 0 -2
0.04245758056640625 -1 -6
0.04940462112426758 -1 -13
0.05768251419067383 -2 -29
0.06762194633483887 -2 -84
0.0758063793182373 -4 -96
0.08156704902648926 -4 -81
0.08797907829284668 -5 -104
0.09647083282470703 -6 -104
0.10219478607177734 -7 -118
0.10905623435974121 -8 -121
0.11692357063293457 -8 -129
0.12241959571838379 -10 -134
0.12913131713867188 -11 -141
0.13785743713378906 -12 -142
0.14351439476013184 -13 -145
0.14985013008117676 -14 -146
0.15635347366333008 -15 -150
0.1667783260345459 -16 -152
0.17225074768066406 -17 -154
0.17894649505615234 -18 -155
0.1874685287475586 -19 -156
0.19323277473449707 -20 -155
0.19965815544128418 -21 -156
0.21031570434570312 -23 -158
0.21833348274230957 -24 -158
0.22710776329040527 -26 -159
0.2359158992767334 -27 -159
0.24163389205932617 -28 -161
0.2501218318939209 -30 -161
0.25682687759399414 -30 -163
0.2622969150543213 -31 -164
0.2710115909576416 -33 -162
0.27753615379333496 -34 -162
0.2834012508392334 -35 -160
0.2897772789001465 -36 -158
0.29834628105163574 -37 -161
0.3039987087249756 -38 -161
0.31038498878479004 -40 -162
0.3188817501068115 -40 -163
0.3253459930419922 -41 -162
0.33097028732299805 -43 -162
0.33921098709106445 -44 -161
0.3457682132720947 -45 -161
0.3537907600402832 -46 -162
0.36014270782470703 -47 -165
0.3664517402648926 -48 -164
0.37333178520202637 -50 -165
0.38042664527893066 -50 -163
0.3869822025299072 -52 -162
0.39244866371154785 -52 -162
0.39919519424438477 -54 -162
0.4064607620239258 -55 -164
0.4121990203857422 -56 -165
0.41887927055358887 -57 -162
0.4248647689819336 -58 -162
0.4309368133544922 -59 -160
0.437361478805542 -60 -159
0.4431753158569336 -61 -160
0.4494507312774658 -62 -163
0.4568474292755127 -63 -163
0.4623453617095947 -64 -163
0.46917176246643066 -65 -163
0.4755525588989258 -66 -162
0.481201171875 -67 -161
0.4879343509674072 -68 -161
0.49357175827026367 -69 -164
0.49990105628967285 -70 -165
0.5071859359741211 -71 -165
0.5130836963653564 -72 -164
0.5194528102874756 -73 -163
0.5259571075439453 -74 -163
0.5316715240478516 -75 -163
0.5381045341491699 -76 -164
0.5437750816345215 -77 -166
0.550137996673584 -78 -164
0.5576913356781006 -80 -164
0.563413143157959 -80 -161
0.56976318359375 -82 -160
0.5760457515716553 -82 -160
0.5817835330963135 -84 -160
0.5883545875549316 -84 -163
0.5940005779266357 -86 -164
0.6003813743591309 -86 -163
0.6104838848114014 -88 -161
0.6199812889099121 -90 -160
0.627295732498169 -90 -161
0.6332705020904541 -92 -164
0.639646053314209 -92 -165
0.6461491584777832 -94 -164
0.6518661975860596 -95 -164
0.6594038009643555 -96 -163
0.6658225059509277 -97 -162
0.6715538501739502 -98 -163
0.6779754161834717 -99 -164
0.6836562156677246 -100 -166
0.690009593963623 -101 -164
0.6963226795196533 -102 -165
0.7020337581634521 -103 -162
0.7097353935241699 -104 -160
0.7160401344299316 -105 -161
0.7217621803283691 -106 -160
0.7282838821411133 -107 -163
0.7339339256286621 -108 -163
0.740323543548584 -109 -162
0.747002363204956 -110 -162
0.7524638175964355 -111 -160
0.7600686550140381 -112 -161
0.7668042182922363 -114 -162
0.7722790241241455 -114 -164
0.7789902687072754 -116 -165
0.7853453159332275 -116 -163
0.7910032272338867 -117 -164
0.7974743843078613 -118 -162
0.8031802177429199 -120 -162
0.8102035522460938 -120 -163
0.8168859481811523 -122 -163
0.8223714828491211 -122 -167
0.8291916847229004 -124 -166
0.8356270790100098 -125 -163
0.8490841388702393 -127 -160
0.8583865165710449 -129 -162
0.8677961826324463 -130 -162
0.8764677047729492 -131 -161
0.8822362422943115 -132 -161
0.8890900611877441 -134 -161
0.8978290557861328 -135 -161
0.9036493301391602 -136 -163
0.9100480079650879 -137 -164
0.9197533130645752 -138 -164
0.926177978515625 -140 -164
0.9319219589233398 -140 -162
0.9408268928527832 -142 -162
0.9476761817932129 -143 -163
0.953416109085083 -144 -163
0.9597554206848145 -146 -165
0.9683079719543457 -146 -164
0.9763679504394531 -148 -164
0.9821858406066895 -148 -160
0.9888913631439209 -150 -160
0.9970142841339111 -151 -160
1.0030517578125 -152 -163
