0.02051997184753418 0 0
0.03797030448913574 0 0
0.046147823333740234 0 -2
0.05457925796508789 0 -7
0.06056666374206543 -1 -45
0.06719088554382324 -2 -19
0.07584428787231445 -4 -69
0.08158755302429199 -4 -155
0.08804035186767578 -6 -180
0.0972585678100586 -8 -198
0.10296893119812012 -9 -215
0.111419677734375 -11 -227
0.11786246299743652 -13 -237
0.12349653244018555 -14 -248
0.12984848022460938 -16 -260
0.13858890533447266 -18 -268
0.14458227157592773 -20 -274
0.15064167976379395 -22 -285
0.15887808799743652 -24 -290
0.16528964042663574 -27 -294
0.1732492446899414 -29 -299
0.17960786819458008 -30 -304
0.18587708473205566 -32 -309
0.19376826286315918 -35 -313
0.2001323699951172 -37 -315
0.20687317848205566 -39 -316
0.21290326118469238 -41 -316
0.22157597541809082 -44 -317
0.2280561923980713 -46 -319
0.23372912406921387 -48 -319
0.24009084701538086 -50 -324
0.2488691806793213 -52 -325
0.25528478622436523 -54 -326
0.26089930534362793 -58 -329
0.2691764831542969 -59 -331
0.27567458152770996 -62 -328
0.28359436988830566 -64 -327
0.28998661041259766 -66 -327
0.29656457901000977 -68 -327
0.30203747749328613 -70 -327
0.31081438064575195 -73 -328
0.3172760009765625 -75 -329
0.32302308082580566 -77 -329
0.3314981460571289 -80 -331
0.33809351921081543 -82 -333
0.3437535762786865 -84 -333
0.3501286506652832 -86 -331
0.35842204093933105 -88 -331
0.3638298511505127 -90 -330
0.37016844749450684 -92 -328
0.37683629989624023 -94 -330
0.3827042579650879 -96 -330
0.389005184173584 -98 -331
0.3955225944519043 -101 -333
0.40125346183776855 -103 -333
0.40873193740844727 -105 -334
0.4151308536529541 -107 -333
0.42078304290771484 -109 -332
0.4298849105834961 -113 -331
0.437938928604126 -115 -330
0.4472217559814453 -118 -331
0.4538559913635254 -120 -329
0.4604346752166748 -122 -330
0.46713876724243164 -124 -332
0.47302722930908203 -127 -333
0.479353666305542 -128 -335
0.4856126308441162 -131 -335
0.49132299423217773 -133 -334
0.4977431297302246 -135 -333
0.5051522254943848 -137 -330
0.5107808113098145 -139 -330
0.5173835754394531 -141 -330
0.5231838226318359 -144 -328
0.5295488834381104 -146 -332
0.5358846187591553 -148 -331
0.5415799617767334 -150 -333
0.5480556488037109 -152 -335
0.5536768436431885 -154 -336
0.5611786842346191 -156 -334
0.5676438808441162 -158 -334
0.5735268592834473 -160 -332
0.579845666885376 -162 -328
0.5861570835113525 -165 -331
0.5933022499084473 -167 -331
0.5996849536895752 -169 -331
0.6071670055389404 -171 -331
0.6129224300384521 -174 -332
0.6193161010742188 -175 -332
0.625603199005127 -178 -334
0.6313822269439697 -180 -333
0.6380071640014648 -182 -333
0.6436557769775391 -184 -330
0.6500527858734131 -186 -330
0.6576845645904541 -188 -330
0.6633358001708984 -190 -327
0.6696915626525879 -192 -331
0.6759984493255615 -194 -331
0.6817269325256348 -196 -332
0.6881890296936035 -198 -333
0.6939666271209717 -200 -332
0.7005553245544434 -202 -333
0.7068462371826172 -205 -333
0.713545560836792 -207 -331
0.7199060916900635 -209 -330
0.7265820503234863 -211 -330
0.732062816619873 -213 -328
0.7387611865997314 -215 -329
0.7451753616333008 -217 -331
0.7507762908935547 -219 -331
0.757392168045044 -221 -334
0.7639226913452148 -223 -334
0.7705323696136475 -226 -334
0.776832103729248 -228 -335
0.78273606300354 -229 -332
0.7890439033508301 -231 -332
0.7954332828521729 -234 -330
0.8011679649353027 -236 -329
0.8076281547546387 -238 -330
0.8152039051055908 -240 -331
0.8208651542663574 -242 -332
0.8319551944732666 -246 -333
0.8380734920501709 -248 -334
0.8466854095458984 -250 -334
0.8533518314361572 -253 -333
0.8607361316680908 -255 -330
0.8673415184020996 -257 -332
0.8732764720916748 -260 -330
0.8796539306640625 -262 -331
0.8859508037567139 -264 -331
0.8916933536529541 -266 -329
0.8981032371520996 -268 -329
0.9037566184997559 -270 -330
0.9112486839294434 -272 -332
0.9177217483520508 -274 -333
0.9234838485717773 -276 -333
0.9298388957977295 -278 -330
0.9365379810333252 -280 -329
0.9420268535614014 -282 -328
0.9487428665161133 -284 -329
0.955103874206543 -286 -330
0.9615991115570068 -289 -330
0.9680769443511963 -291 -331
0.9737164974212646 -293 -330
0.9801056385040283 -295 -331
0.9868099689483643 -297 -333
0.9928326606750488 -300 -335
0.9990963935852051 -301 -334
1.0054914951324463 -304 -331
