00
0.00028133392333984375 0
0.022710800170898438 0
0.030412673950195312 2
0.042389631271362305 4
0.050667762756347656 8
0.06046319007873535 11
0.06960368156433105 15
0.07635092735290527 18
0.08354306221008301 25
0.09455752372741699 29
0.10056042671203613 33
0.10756397247314453 40
0.11791276931762695 47
0.12742137908935547 51
0.13393163681030273 57
0.1426236629486084 64
0.15069913864135742 69
0.15966391563415527 77
0.1664259433746338 83
0.1746666431427002 88
0.18056821823120117 96
0.192612886428833 102
0.19863176345825195 106
0.20565199851989746 114
0.21462655067443848 119
0.2235097885131836 124
0.22949481010437012 129
0.2379438877105713 140
0.25360107421875 144
0.25958871841430664 152
0.268735408782959 157
0.2776474952697754 161
0.2842123508453369 164
0.2935776710510254 173
0.3035740852355957 176
0.3102259635925293 181
0.31792402267456055 187
0.32698845863342285 190
0.3339993953704834 196
0.3428809642791748 199
0.3489060401916504 202
0.3558988571166992 207
0.36474061012268066 210
0.37067127227783203 213
0.3775954246520996 217
0.3861236572265625 220
0.3928542137145996 223
0.39886927604675293 226
0.40798091888427734 230
0.41492176055908203 233
0.4208335876464844 236
0.4299294948577881 240
0.43653345108032227 242
0.44367170333862305 244
0.45245862007141113 248
0.45839786529541016 251
0.4650299549102783 254
0.47402119636535645 256
0.4800710678100586 259
0.48661160469055176 262
0.4956803321838379 264
0.5024926662445068 266
0.5084271430969238 268
0.5175595283508301 271
0.5242304801940918 274
0.530250072479248 276
0.539334774017334 278
0.5459141731262207 280
0.5526175498962402 283
0.5607047080993652 284
0.5676090717315674 287
0.5744001865386963 289
0.5830204486846924 291
0.5899989604949951 293
0.596724271774292 294
0.6038224697113037 296
0.6126642227172852 298
0.618694543838501 300
0.6255292892456055 302
0.6343090534210205 304
0.6403045654296875 306
0.6505792140960693 308
0.6599664688110352 310
0.6667158603668213 311
0.6738371849060059 312
0.6825764179229736 314
0.6885254383087158 316
0.6954538822174072 318
0.7044270038604736 319
0.7103278636932373 320
0.7173793315887451 322
0.725975751876831 322
0.7326629161834717 324
0.7386665344238281 325
0.7459919452667236 326
0.7527284622192383 328
0.7587623596191406 328
0.7655637264251709 330
0.7730069160461426 331
0.7790610790252686 332
0.7869317531585693 333
0.7939329147338867 334
0.7999060153961182 336
0.8065998554229736 336
0.8135528564453125 337
0.8194835186004639 338
0.8269405364990234 339
0.8339769840240479 340
0.8399777412414551 341
0.846519947052002 342
0.8534455299377441 343
0.8594307899475098 344
0.865973949432373 344
0.8726680278778076 345
0.8797292709350586 346
0.8863322734832764 347
0.8933775424957275 348
0.8993585109710693 348
0.9059624671936035 349
0.9126293659210205 350
0.9185440540313721 351
0.9263532161712646 352
0.933081865310669 352
0.9390754699707031 353
0.9458751678466797 354
0.9527034759521484 354
0.9587609767913818 355
0.9657835960388184 356
0.9724936485290527 356
0.9795475006103516 357
0.9861643314361572 358
0.9928328990936279 358
0.9988436698913574 359
1.0056087970733643 360
1.012472152709961 360
1.0184454917907715 361
1.0250484943389893 361
1.0328307151794434 362
1.0388216972351074 362
1.0483577251434326 363
1.0561201572418213 364
1.062974452972412 364
1.068985939025879 365
1.0760138034820557 366
1.0837852954864502 366
1.0898256301879883 366
1.096540927886963 367
1.103498935699463 368
1.1094913482666016 368
1.1160261631011963 368
1.1226811408996582 369
1.1297063827514648 370
1.1364691257476807 370
1.14339017868042 370
1.1493356227874756 370
1.1559088230133057 371
1.1625854969024658 371
1.1685233116149902 372
1.1754484176635742 372
1.1829502582550049 372
1.1889519691467285 373
1.1959006786346436 373
1.202566146850586 374
1.2084894180297852 374
1.2154240608215332 374
1.221513032913208 374
1.228057622909546 375
1.2356939315795898 376
1.2424283027648926 376
1.2483758926391602 376
1.2554311752319336 376
1.2620227336883545 377
1.2679588794708252 377
1.274730920791626 378
1.282341718673706 378
1.288275957107544 378
1.294938564300537 378
1.300844669342041 379
1.3077771663665771 379
1.3146724700927734 380
1.3205833435058594 380
1.327502727508545 380
1.3349628448486328 380
1.340848445892334 380
1.3477826118469238 381
1.3546414375305176 381
1.3606040477752686 381
1.3675081729888916 382
1.3742084503173828 382
1.3802261352539062 382
1.38804030418396 382
1.3955185413360596 382
1.4021167755126953 382
1.4080471992492676 383
1.4147119522094727 383
1.4206740856170654 383
1.427560806274414 384
1.4349019527435303 384
1.4408321380615234 384
1.4506700038909912 384
1.4583842754364014 384
1.4653465747833252 384
1.471473217010498 385
1.47808837890625 385
1.4860014915466309 385
1.4927833080291748 385
1.498746633529663 386
1.505500316619873 386
1.5121724605560303 386
1.5180692672729492 386
1.5246949195861816 386
1.5306096076965332 386
1.538259506225586 386
1.5448520183563232 387
1.5507071018218994 387
1.5579075813293457 387
1.5645711421966553 387
1.5704386234283447 387
1.57696533203125 387
1.58547043800354 387
1.592156171798706 388
1.598052978515625 388
1.6048698425292969 388
1.6107494831085205 388
1.6178910732269287 388
1.6245357990264893 388
1.6303915977478027 388
1.6379477977752686 388
1.6446013450622559 388
1.650442123413086 388
1.656989336013794 388
1.6637871265411377 388
1.6697726249694824 388
1.6765270233154297 388
1.6834328174591064 389
1.6903913021087646 389
1.696955680847168 389
1.7037527561187744 389
1.7097578048706055 389
1.7163193225860596 389
1.7229182720184326 389
1.728865623474121 390
1.7358317375183105 390
1.743764877319336 390
1.7497968673706055 390
1.7563533782958984 390
1.7629740238189697 390
1.7688953876495361 390
1.7756669521331787 390
1.7833163738250732 390
1.7902162075042725 390
1.7969837188720703 390
1.8039555549621582 390
1.8103265762329102 390
1.8179147243499756 390
1.8245041370391846 390
1.8303565979003906 390
1.8367550373077393 390
1.8447155952453613 390
1.8554730415344238 390
1.8621892929077148 390
1.8681330680847168 390
1.8750319480895996 390
1.8809056282043457 390
1.8879334926605225 390
1.8955612182617188 390
1.9021570682525635 390
1.908046007156372 390
1.9148032665252686 390
1.9207227230072021 390
1.9276604652404785 390
1.9341318607330322 390
1.9408795833587646 390
1.9478576183319092 390
1.9545297622680664 390
1.9603726863861084 390
1.966883897781372 390
1.9738290309906006 390
1.9798243045806885 390
1.9863734245300293 390
1.9939706325531006 390
1.999908447265625 390
2.0082833766937256 390
2.0148723125457764 390
2.0207111835479736 390
2.0275797843933105 390
2.034285068511963 390
2.040250539779663 390
2.047860622406006 390
2.054490566253662 390
2.060344696044922 390
2.0667049884796143 390
2.07358980178833 390
2.0794928073883057 390
2.0859572887420654 390
2.0937466621398926 390
2.0998270511627197 390
2.1063458919525146 390
2.112962245941162 390
2.1188902854919434 390
2.1256446838378906 390
2.1324303150177 390
2.138277769088745 390
2.1457860469818115 390
2.152611255645752 390
2.158456802368164 390
2.1650328636169434 390
2.1708428859710693 390
2.1777775287628174 390
2.184441566467285 390
2.190274715423584 390
2.1979639530181885 390
2.2045700550079346 390
2.2105209827423096 390
2.2175464630126953 390
2.2239420413970947 390
2.2298409938812256 390
2.236359119415283 390
2.242978811264038 390
2.2546796798706055 390
2.2605271339416504 390
2.26772141456604 390
2.274613857269287 390
2.2805867195129395 390
2.287565231323242 390
2.293938159942627 390
2.300795078277588 390
2.3077094554901123 390
2.314237117767334 390
2.3200669288635254 390
2.3266026973724365 390
2.3336381912231445 390
2.339595079421997 390
2.3469600677490234 390
2.3538706302642822 390
2.359827756881714 390
2.3663265705108643 390
2.372917413711548 390
2.3788580894470215 390
2.385599374771118 390
2.3923654556274414 390
2.399080276489258 390
2.405860185623169 390
2.412515163421631 390
2.4183900356292725 390
2.4249868392944336 390
2.4308342933654785 390
2.4377431869506836 390
2.4443085193634033 390
2.452176809310913 390
2.458085775375366 390
2.4646966457366943 390
2.470579147338867 390
2.477419137954712 390
2.4839069843292236 390
2.489851951599121 390
2.4963724613189697 390
2.504163980484009 390
2.5099992752075195 390
2.5166525840759277 390
