00
0.00011038780212402344 0
0.012537717819213867 0
0.021188974380493164 1
0.02805185317993164 2
0.03549051284790039 4
0.044341087341308594 6
0.050383567810058594 9
0.05724358558654785 12
0.06525993347167969 18
0.07399773597717285 21
0.0800473690032959 25
0.08696603775024414 30
0.0947115421295166 36
0.10385274887084961 40
0.10993051528930664 46
0.11650991439819336 52
0.12440204620361328 58
0.13359880447387695 64
0.13973021507263184 70
0.14653229713439941 76
0.15453743934631348 82
0.1606121063232422 89
0.16845011711120605 96
0.17744851112365723 103
0.1843581199645996 108
0.19047212600708008 115
0.19824743270874023 122
0.2072436809539795 130
0.2143247127532959 136
0.22039151191711426 143
0.22817683219909668 150
0.23716115951538086 158
0.24413681030273438 163
0.2502150535583496 171
0.2577986717224121 178
0.26701951026916504 184
0.27414584159851074 192
0.2802412509918213 197
0.2896559238433838 207
0.2963523864746094 212
0.30358290672302246 220
0.31154823303222656 228
0.3183867931365967 234
0.32543516159057617 245
0.3374147415161133 252
0.3444664478302002 260
0.35356831550598145 266
0.3596940040588379 274
0.3663043975830078 280
0.3734259605407715 285
0.37955284118652344 293
0.3862495422363281 299
0.3934907913208008 304
0.3996245861053467 312
0.407454252243042 320
0.41436147689819336 326
0.420407772064209 332
0.42723631858825684 339
0.4341435432434082 345
0.4401814937591553 351
0.4470970630645752 358
0.45523619651794434 364
0.461198091506958 372
0.4680020809173584 378
0.4752085208892822 384
0.48119640350341797 391
0.48798465728759766 396
0.4951322078704834 402
0.501115083694458 408
0.5086381435394287 415
0.5159430503845215 422
0.5240030288696289 426
0.5301401615142822 430
0.5372633934020996 436
0.5442345142364502 440
0.5504121780395508 444
0.5583240985870361 448
0.5654211044311523 451
0.5714266300201416 455
0.5784127712249756 458
0.5858068466186523 461
0.5925371646881104 463
0.5986371040344238 465
0.606541633605957 467
0.6137776374816895 468
0.6199021339416504 470
0.6264903545379639 471
0.6338338851928711 472
0.6399908065795898 472
0.6466367244720459 473
0.6537792682647705 474
0.6606075763702393 474
0.6677570343017578 474
0.6746139526367188 473
0.6806633472442627 473
0.6876003742218018 472
0.6946947574615479 472
0.7010717391967773 472
0.7086987495422363 471
0.7158463001251221 470
0.7225644588470459 469
0.7286224365234375 468
0.7396731376647949 467
0.746525764465332 466
0.7539470195770264 465
0.7610664367675781 464
0.7680201530456543 463
0.7760002613067627 462
0.7829592227935791 462
0.7891356945037842 460
0.7961046695709229 460
0.8033883571624756 458
0.8113806247711182 458
0.8184611797332764 457
0.8256978988647461 456
0.8324606418609619 456
0.8387303352355957 455
0.845839262008667 454
0.8527224063873291 454
0.8600234985351562 453
0.8666477203369141 452
0.8739559650421143 452
0.8800492286682129 452
0.8869574069976807 451
0.8938429355621338 451
0.8999319076538086 450
0.9065618515014648 450
0.9144992828369141 450
0.9205350875854492 449
0.9276735782623291 449
0.9350223541259766 449
0.9410524368286133 448
0.9477725028991699 448
0.9546868801116943 448
0.9625880718231201 448
0.9686727523803711 448
0.9757795333862305 448
0.982048511505127 447
0.9884934425354004 447
0.9957497119903564 447
1.0024454593658447 447
1.0085935592651367 447
1.016449213027954 446
1.0236575603485107 446
1.0297658443450928 446
1.0364015102386475 446
1.0435631275177002 446
1.0496766567230225 446
1.056532859802246 446
1.0644657611846924 446
1.0704960823059082 446
1.0774149894714355 446
1.0843327045440674 446
1.090369701385498 446
1.0972380638122559 445
1.1041667461395264 445
1.1102485656738281 445
1.118267297744751 445
1.1253235340118408 445
1.131251335144043 444
1.1425073146820068 444
1.148984432220459 444
1.1559689044952393 444
1.162731409072876 444
1.1701323986053467 444
1.1772189140319824 444
1.184300422668457 444
1.190331220626831 444
1.197209358215332 443
1.204087257385254 443
1.2101383209228516 443
1.2178492546081543 443
1.2251601219177246 443
1.2311198711395264 442
1.2380461692810059 442
1.245279312133789 442
1.2512211799621582 442
1.2580235004425049 442
1.2656996250152588 442
1.2725436687469482 442
1.278686285018921 442
1.2857787609100342 441
1.2924540042877197 441
1.2987267971038818 441
1.3094654083251953 440
1.3226888179779053 440
1.3289947509765625 440
1.33585786819458 440
1.3425359725952148 440
1.3485991954803467 440
1.355851173400879 440
1.3625869750976562 440
1.3699064254760742 440
1.3765661716461182 439
1.3837478160858154 439
1.3898134231567383 439
1.3964321613311768 439
1.4036002159118652 439
1.4097039699554443 439
1.4165115356445312 438
1.4244320392608643 438
1.430497407913208 438
1.4374041557312012 438
1.4444897174835205 438
1.4505283832550049 438
1.4574413299560547 438
1.4643595218658447 438
1.4715220928192139 438
1.4785103797912598 438
1.4856297969818115 437
1.4919307231903076 437
1.4984161853790283 437
1.5055251121520996 437
1.5114827156066895 436
1.5183403491973877 436
1.526261806488037 436
1.533541202545166 436
1.5441482067108154 436
1.5501961708068848 436
1.5574371814727783 436
1.564488410949707 436
1.571483850479126 436
1.5784475803375244 436
1.5855708122253418 435
1.5915381908416748 435
1.598541259765625 435
1.605595588684082 435
1.6115717887878418 435
1.6184170246124268 434
1.6263413429260254 434
1.6335690021514893 434
1.6396543979644775 434
1.6462855339050293 434
1.653592824935913 434
1.6596949100494385 434
1.6663634777069092 434
1.6741917133331299 434
1.680243730545044 434
1.6870763301849365 434
1.6939656734466553 433
1.7000133991241455 433
1.7070207595825195 433
1.7140965461730957 433
1.7201459407806396 433
1.727764368057251 433
1.7346537113189697 433
1.7409553527832031 433
1.7476251125335693 432
1.754544734954834 432
1.7606229782104492 432
1.7675092220306396 432
1.7801175117492676 432
1.7925801277160645 432
1.801015853881836 432
1.8130016326904297 432
1.8193130493164062 432
1.8272883892059326 431
1.8351361751556396 431
1.844118595123291 431
1.8501858711242676 431
1.8572533130645752 430
1.8664381504058838 430
1.8737468719482422 430
1.8806185722351074 430
1.8886218070983887 430
1.8965368270874023 430
1.9057812690734863 430
1.912491798400879 430
1.9186100959777832 430
1.9274744987487793 429
1.9403419494628906 429
1.947422742843628 429
1.9545950889587402 429
1.9656362533569336 429
1.9719760417938232 429
1.9824891090393066 428
1.9901437759399414 428
2.001007556915283 428
2.00767183303833 428
2.015028953552246 428
2.026059150695801 428
2.0340206623077393 428
2.04005765914917 428
2.047626495361328 428
2.0565569400787354 428
2.063772678375244 428
2.0698065757751465 428
2.077571153640747 427
2.086575746536255 427
2.094081401824951 427
2.10333251953125 427
2.1114583015441895 427
2.118297576904297 426
2.125439167022705 426
2.1355950832366943 426
2.141937017440796 426
2.148395299911499 426
2.1604788303375244 426
2.1700031757354736 426
2.17700457572937 426
2.185161828994751 426
2.2011878490448 426
2.207853078842163 426
2.215954303741455 426
2.226332902908325 426
2.234633445739746 425
2.2440848350524902 425
2.2544853687286377 425
2.263808012008667 425
2.2702181339263916 425
2.2782111167907715 425
2.290438652038574 425
2.2974801063537598 425
2.3045737743377686 425
2.3146538734436035 425
2.323824882507324 424
2.3356356620788574 424
2.346283197402954 424
2.354051351547241 424
2.3635313510894775 424
2.3697800636291504 424
2.3765299320220947 424
2.383725881576538 424
2.3906219005584717 424
2.3975133895874023 424
2.4044342041015625 424
2.410480499267578 423
2.417407751083374 423
2.424318790435791 423
2.4303348064422607 423
2.4383771419525146 423
2.4454219341278076 423
2.451383590698242 422
2.4581968784332275 422
2.46529483795166 422
2.471220016479492 422
2.4778387546539307 422
2.4852306842803955 422
2.492997169494629 422
2.4992828369140625 422
2.5061161518096924 422
2.5130507946014404 422
2.519193410873413 422
2.5259652137756348 422
2.5329461097717285 422
2.5400123596191406 422
2.5466015338897705 422
2.5539212226867676 422
2.5599899291992188 422
2.5666379928588867 422
2.573798656463623 422
2.579906463623047 422
2.586503744125366 422
2.5944390296936035 422
2.600503444671631 422
2.6074352264404297 422
2.6145620346069336 422
2.6206235885620117 422
2.6275415420532227 422
2.634465456008911 422
2.648087501525879 422
2.655273675918579 422
2.6612155437469482 422
2.6678273677825928 421
2.6752679347991943 421
2.683779716491699 421
2.690654754638672 421
2.697619676589966 421
2.7045812606811523 420
2.7106997966766357 420
2.7176356315612793 420
2.729492664337158 420
2.736377716064453 420
2.747999429702759 420
2.7553038597106934 420
2.7612266540527344 419
2.7682225704193115 419
2.7761874198913574 419
2.7834126949310303 419
2.789963722229004 419
2.797750473022461 419
2.804672956466675 418
2.812556028366089 418
2.818988561630249 418
2.825961112976074 418
2.832939863204956 418
2.839289426803589 418
2.847003221511841 418
2.860591411590576 418
2.8675551414489746 418
2.875697135925293 418
2.8839805126190186 418
2.8900773525238037 418
2.898475408554077 418
2.9070773124694824 418
2.9171526432037354 418
2.924133062362671 418
2.9302308559417725 418
2.938689708709717 418
2.946610689163208 418
2.957364082336426 418
2.964289665222168 418
2.9703421592712402 418
2.9777841567993164 418
2.9847092628479004 418
2.9909913539886475 418
2.998962163925171 418
3.0060012340545654 418
3.0136148929595947 418
3.0197384357452393 418
3.0310299396514893 418
3.038344383239746 418
3.045407295227051 418
3.0533957481384277 418
3.0594677925109863 418
3.066133499145508 418
3.073046922683716 418
3.079213857650757 418
3.0859477519989014 418
3.0926215648651123 417
3.1001369953155518 417
3.107053756713867 417
3.1139607429504395 417
3.1200051307678223 417
3.126587390899658 416
3.1339399814605713 416
3.144291639328003 416
3.151431083679199 416
3.158517837524414 416
3.165759801864624 416
3.172032594680786 416
3.1784677505493164 416
3.1855907440185547 416
3.1919503211975098 415
3.1996564865112305 415
3.20634126663208 415
3.213728427886963 415
3.219783306121826 415
3.22651743888855 415
3.2336971759796143 414
3.2397682666778564 414
3.2464234828948975 414
3.2543532848358154 414
3.260416269302368 414
3.267490863800049 414
3.2745625972747803 414
3.280634641647339 414
3.287527084350586 414
3.294429302215576 414
3.3015644550323486 414
3.3084280490875244 414
3.31553316116333 414
3.3215057849884033 414
3.328369140625 414
3.3355915546417236 414
3.341566324234009 414
3.3484201431274414 414
3.3563597202301025 414
3.3635413646698 414
3.369666337966919 414
3.376309871673584 414
3.3834729194641113 414
3.3895955085754395 414
3.3964359760284424 414
3.4043221473693848 414
3.410390615463257 414
3.417300224304199 414
3.4242520332336426 414
3.4302971363067627 414
3.4371373653411865 414
3.4440712928771973 414
3.4501349925994873 414
3.4579691886901855 414
3.464731454849243 414
3.4710564613342285 414
3.4777112007141113 414
3.4845991134643555 414
3.4906227588653564 414
3.4975104331970215 414
3.505568504333496 414
3.511526584625244 414
3.5185139179229736 414
3.5257415771484375 414
3.532043218612671 414
3.538454532623291 414
3.549268960952759 414
3.5572288036346436 414
3.564352035522461 414
3.570402145385742 414
3.5776379108428955 414
3.5845696926116943 414
3.5906271934509277 414
3.597529411315918 414
3.604464530944824 414
3.6114871501922607 414
3.618319272994995 414
3.625392436981201 414
3.6313514709472656 414
3.6383907794952393 414
3.645463466644287 414
3.651435613632202 414
3.659681797027588 414
3.6663594245910645 414
3.6735599040985107 414
3.6796934604644775 414
3.686335563659668 414
3.6936817169189453 414
3.6997830867767334 414
3.707399368286133 414
3.7144155502319336 414
3.720494270324707 414
3.7273988723754883 414
3.7343175411224365 414
3.7403955459594727 414
3.7472896575927734 414
3.754376173019409 414
3.761463165283203 414
3.768232822418213 414
3.7759804725646973 414
3.7829678058624268 414
3.7893102169036865 414
3.796124219894409 414
3.806417942047119 414
3.815113067626953 414
3.8210597038269043 414
3.8280205726623535 414
3.83541202545166 414
3.841369390487671 414
3.8481132984161377 413
3.855255603790283 413
3.8630740642547607 413
3.8692245483398438 412
3.8761937618255615 412
3.883413791656494 412
3.8895225524902344 412
3.89623761177063 412
3.9033727645874023 411
3.909397840499878 411
3.917395830154419 411
3.924328565597534 410
3.930353879928589 410
3.937434196472168 410
3.9481961727142334 410
3.9554712772369385 410
3.96355938911438 410
3.969702959060669 410
3.976457357406616 410
3.983630895614624 409
3.989703416824341 409
3.9965109825134277 409
4.003679990768433 409
4.009737253189087 409
4.017235517501831 409
4.02418851852417 409
4.030250310897827 409
4.037158966064453 409
4.044234991073608 409
4.050304412841797 409
4.0573410987854 409
4.065356492996216 409
4.071314573287964 409
4.078076362609863 409
4.085248947143555 409
4.091184139251709 409
4.097821235656738 410
4.104673147201538 410
4.110994100570679 410
4.118620872497559 410
4.125675201416016 410
4.131962060928345 410
4.138445615768433 410
4.145504951477051 410
4.151484727859497 410
4.158269882202148 410
4.166141986846924 410
4.173082113265991 410
4.179570198059082 410
4.186239719390869 410
4.193394660949707 410
4.199415922164917 410
4.206125259399414 410
4.213026523590088 410
4.22019100189209 410
4.227125644683838 410
4.2341296672821045 410
4.240200757980347 410
4.247105121612549 409
4.253978252410889 409
4.260075807571411 409
4.267782688140869 409
4.274703741073608 409
4.281019449234009 409
4.287688970565796 409
4.295015096664429 409
4.301048278808594 409
4.307976007461548 409
4.314718723297119 409
4.3226189613342285 409
4.334248065948486 409
4.340322017669678 409
4.350672245025635 409
4.358070135116577 409
4.3653881549835205 409
4.3739447593688965 409
4.380037546157837 409
4.386726140975952 409
4.39385199546814 409
4.399920463562012 409
4.406519412994385 409
4.413886070251465 409
4.420974016189575 409
4.427620887756348 409
4.434685230255127 409
4.440959930419922 409
4.447667360305786 409
4.454566717147827 409
4.460627794265747 409
4.467602729797363 409
4.475776195526123 409
4.482473850250244 409
4.48859715461731 409
4.495668172836304 409
4.501998424530029 409
4.508471250534058 409
4.51554012298584 409
4.5234596729278564 409
4.5295679569244385 409
4.536365985870361 409
4.543542146682739 409
4.549618482589722 409
4.556371450424194 409
4.563693046569824 409
4.5704874992370605 409
4.577479362487793 409
4.584421396255493 409
4.590461730957031 409
4.597563982009888 409
4.60444188117981 409
4.6105005741119385 409
4.617406368255615 409
4.625532388687134 409
4.631497383117676 409
4.638337850570679 409
4.645378112792969 409
4.653945207595825 409
4.660013198852539 409
4.66661810874939 409
4.674434661865234 409
4.680447101593018 409
4.687294960021973 409
4.69441294670105 409
4.700446367263794 409
4.707360506057739 409
4.714458227157593 409
4.7205235958099365 409
4.728316068649292 409
4.735435247421265 409
4.741422414779663 409
4.753570556640625 408
4.759691953659058 408
4.766503810882568 408
4.775789499282837 408
4.782515525817871 408
4.788632154464722 408
4.795726776123047 407
4.80244517326355 407
4.808574438095093 407
4.815672874450684 407
4.8236329555511475 406
4.830622434616089 406
4.837830305099487 406
4.845245361328125 406
4.851142168045044 406
4.8578057289123535 406
4.864686012268066 406
4.87072491645813 406
4.878634214401245 406
4.885767936706543 405
4.892472982406616 405
4.898731470108032 405
4.905827045440674 405
4.912496566772461 405
4.9185826778411865 405
4.925680875778198 405
4.933655023574829 405
4.939738035202026 405
4.946335315704346 405
4.953614234924316 405
4.9596943855285645 405
4.96633243560791 405
4.973535537719727 405
4.980419874191284 405
4.987253189086914 405
4.994178056716919 405
5.000285863876343 405
5.007119178771973 405
5.014126300811768 405
5.020188570022583 405
5.028531312942505 405
5.03572416305542 405
5.041994333267212 405
5.04845666885376 404
5.055586576461792 404
5.061530590057373 404
5.0685365200042725 404
5.075727701187134 404
5.083725452423096 404
5.089781761169434 404
5.0963661670684814 404
5.103443622589111 404
5.109557628631592 404
5.116188287734985 405
5.12328839302063 405
5.13004732131958 405
5.137139558792114 404
5.144047737121582 404
5.154587984085083 404
5.160607576370239 404
5.167651891708374 404
5.174656391143799 404
5.182519197463989 404
5.188626050949097 404
5.195850610733032 404
5.202514410018921 404
5.2085700035095215 404
5.21585750579834 404
5.222507953643799 404
5.228563547134399 404
5.236417770385742 404
5.24864387512207 404
5.255919933319092 404
5.262583017349243 404
5.268614292144775 404
5.275700569152832 404
5.283594608306885 404
5.289716005325317 404
5.296304941177368 404
5.30344033241272 404
5.309516668319702 404
5.316315412521362 404
5.323439121246338 404
5.329548358917236 404
5.337148904800415 404
5.34415602684021 404
5.350199460983276 404
5.357112169265747 404
5.364011287689209 404
5.370038270950317 404
5.376967906951904 404
5.384655237197876 404
5.390700340270996 404
5.39759373664856 404
5.404496669769287 404
5.410494327545166 404
5.4174017906188965 404
5.424370527267456 404
5.430408954620361 404
5.438380002975464 404
5.445440292358398 404
5.451380014419556 404
5.458106756210327 404
5.465200901031494 404
5.471122980117798 404
5.477987766265869 404
5.48466944694519 404
5.49247407913208 404
5.498971939086914 404
5.505836725234985 404
5.512461185455322 404
5.518514394760132 404
5.525577783584595 404
5.531522512435913 404
5.540242910385132 404
5.549987077713013 404
5.557824373245239 404
5.565173149108887 404
5.571120500564575 404
5.578044414520264 404
5.585249662399292 404
5.592956066131592 404
5.598973274230957 404
5.6059730052948 404
5.612646579742432 404
5.619140148162842 404
5.627593517303467 404
5.6419596672058105 404
5.648405313491821 404
5.655903339385986 404
5.663698434829712 404
5.6700217723846436 404
5.676729917526245 404
5.6838743686676025 404
5.690694332122803 404
5.6975603103637695 404
5.704445838928223 404
5.7104761600494385 404
5.717305660247803 404
5.724191188812256 404
5.73022198677063 404
5.737338304519653 404
5.745357036590576 404
5.751253604888916 404
5.75802206993103 404
5.765038013458252 404
5.771001100540161 404
5.77851939201355 404
5.785598278045654 404
5.793712139129639 404
5.799736499786377 404
5.806357383728027 404
5.813514471054077 404
5.819617033004761 404
5.827204942703247 404
5.834215402603149 404
5.841282367706299 404
5.8483123779296875 404
5.855517148971558 404
5.861440181732178 404
5.868429899215698 404
5.875524282455444 404
5.881450891494751 404
5.888205289840698 404
5.896011829376221 404
5.90295934677124 404
5.908993721008301 404
5.915944337844849 404
5.92262077331543 404
5.928627252578735 404
5.935686826705933 404
5.941564321517944 404
5.954086065292358 404
5.9603493213653564 404
5.967389106750488 404
5.984012842178345 404
5.994218587875366 404
6.000584602355957 404
6.007506370544434 404
6.01639723777771 404
6.024129629135132 404
6.030202627182007 404
6.0382080078125 404
6.048111438751221 404
6.055245637893677 404
6.06110954284668 404
6.0702149868011475 404
6.077091932296753 404
6.0839457511901855 404
6.097441673278809 404
6.104342460632324 404
6.113652944564819 404
6.119765758514404 404
6.1274800300598145 404
6.1356377601623535 404
6.142983913421631 404
6.150044918060303 404
6.157069683074951 404
6.164020538330078 404
6.170046806335449 404
6.176690340042114 404
6.1843109130859375 404
6.190334320068359 404
6.197818994522095 404
6.205132007598877 404
6.211060047149658 404
6.21780800819397 404
6.2247154712677 404
6.231024742126465 404
6.237615346908569 404
6.244507074356079 404
6.251572608947754 404
6.2585670948028564 404
6.265638589859009 404
6.271540880203247 404
6.278493881225586 404
6.285611152648926 404
6.291531562805176 404
6.299529790878296 404
6.306248664855957 404
6.3134071826934814 404
6.3194663524627686 404
6.326100826263428 404
6.332995653152466 404
6.33927321434021 404
6.3460471630096436 404
6.357539176940918 404
6.364544868469238 404
6.370613098144531 404
6.377644062042236 404
6.385129690170288 404
6.3909995555877686 404
6.397828102111816 404
6.405849933624268 404
6.412536382675171 404
6.418615341186523 404
6.425689935684204 404
6.431936740875244 404
6.4384143352508545 404
6.4455037117004395 404
6.453537225723267 404
6.459641695022583 404
6.466264963150024 404
6.473379373550415 404
6.4793078899383545 404
6.486123323440552 404
6.4929893016815186 404
6.499039888381958 404
6.506584882736206 404
6.513937473297119 404
6.519998788833618 404
6.526595830917358 404
6.533751487731934 404
6.539777517318726 404
6.546340227127075 404
6.554090976715088 404
6.560131311416626 404
6.566997289657593 404
6.574047565460205 404
6.5801005363464355 404
6.586730480194092 404
6.59383749961853 404
6.599897146224976 404
6.607510089874268 404
6.614387035369873 404
6.620445251464844 404
6.627346992492676 404
6.634379625320435 404
6.640402793884277 404
6.647439002990723 404
6.6555016040802 404
6.661545753479004 404
6.668366193771362 404
6.6754724979400635 404
6.681455612182617 404
6.688229322433472 404
6.695448160171509 404
6.70139217376709 404
6.7093353271484375 404
6.716100454330444 404
6.723021984100342 404
6.729157209396362 404
6.735946178436279 404
6.742596626281738 404
6.748631954193115 404
6.760526180267334 404
6.767575025558472 404
6.77575159072876 404
6.782065153121948 404
6.788635015487671 404
6.795664310455322 404
6.80194616317749 404
6.8096277713775635 404
6.8163979053497314 404
6.823535442352295 404
6.829612970352173 404
6.836244583129883 404
6.848647117614746 404
6.855853796005249 404
6.863938331604004 404
6.8699915409088135 404
6.876995086669922 404
6.884465456008911 404
6.8905065059661865 404
6.897408723831177 404
6.904504299163818 404
6.9115376472473145 404
6.918337345123291 404
6.9254186153411865 404
6.931372880935669 404
6.9383416175842285 404
6.945408344268799 404
6.95137095451355 404
6.958226442337036 404
6.965980052947998 404
6.97261118888855 404
6.978640556335449 404
6.985711097717285 404
6.991941928863525 404
6.998547792434692 404
7.0056211948394775 404
7.013551473617554 404
7.019623517990112 404
7.026228666305542 404
7.033529996871948 404
7.039653539657593 404
7.0462257862091064 404
7.053527593612671 404
7.059635162353516 404
7.067368745803833 404
7.074246883392334 404
7.0802576541900635 404
7.087128400802612 404
7.094000816345215 404
7.100033760070801 404
7.106632947921753 404
7.114656448364258 404
7.120706081390381 404
7.127604961395264 404
7.134478569030762 404
7.140480041503906 404
7.147424221038818 404
7.1577842235565186 404
7.166094064712524 404
7.173009157180786 404
7.179556846618652 404
7.186358213424683 404
7.193511486053467 404
7.199631929397583 404
7.20623254776001 404
7.213344573974609 404
7.220233917236328 404
7.227112054824829 404
7.234104871749878 404
7.240108013153076 404
7.2467310428619385 404
7.255528688430786 404
7.2614850997924805 404
7.269489288330078 404
7.276115417480469 404
7.2830116748809814 404
7.289127588272095 404
7.296056509017944 404
7.302967309951782 404
7.309020280838013 404
7.316663503646851 404
7.323829889297485 404
7.3298890590667725 404
7.33648419380188 404
7.343660831451416 404
7.349733829498291 404
7.356483697891235 404
7.363584041595459 404
7.370441675186157 404
7.377249717712402 404
7.384168386459351 404
7.390223503112793 404
7.3971030712127686 404
7.403960227966309 404
7.410017251968384 404
7.41763710975647 404
7.425184488296509 404
7.431113958358765 404
7.437722444534302 404
7.444594383239746 404
7.450616836547852 404
7.4575159549713135 404
7.4644129276275635 404
7.471540927886963 404
7.47858190536499 404
7.4856860637664795 404
7.491957902908325 404
7.498408555984497 404
7.505435943603516 403
7.511450529098511 403
7.518245458602905 403
7.526147365570068 402
7.5330891609191895 402
7.539597034454346 402
7.546223163604736 402
7.5535407066345215 402
7.564219236373901 401
7.571382999420166 401
7.578406810760498 401
7.5856170654296875 400
7.591575860977173 400
7.598572731018066 400
7.6056225299835205 400
7.6115429401397705 400
7.619693279266357 400
7.627490282058716 400
7.634509801864624 400
7.640535831451416 399
7.647727727890015 399
7.655118703842163 399
7.661060333251953 399
7.667649984359741 399
7.6757142543792725 399
7.681978940963745 399
7.688598155975342 400
7.695679187774658 400
7.701965093612671 400
7.708388090133667 400
7.715586185455322 400
7.723417043685913 400
7.729510545730591 400
7.736135721206665 400
7.7430260181427 400
7.749144554138184 400
7.755881071090698 400
7.762545347213745 400
7.768575429916382 400
7.777321815490723 400
7.784204006195068 400
7.790306568145752 400
7.79712176322937 400
7.803939580917358 400
7.809976816177368 400
7.816690921783447 400
7.824528932571411 400
7.830612897872925 400
7.837615489959717 400
7.844517946243286 400
7.873467445373535 400
7.8803675174713135 400
7.887418508529663 400
7.894486665725708 400
7.900461912155151 400
7.9073097705841064 400
7.91417932510376 400
7.920225381851196 400
7.927833080291748 400
7.93470573425293 400
7.940703868865967 400
7.947728157043457 400
7.95842981338501 400
7.965719223022461 400
7.971570253372192 400
7.979777574539185 400
7.986501455307007 400
7.9936113357543945 400
7.99968957901001 400
8.00626254081726 400
8.013533115386963 400
8.019635200500488 400
8.030651092529297 400
8.037536382675171 400
8.04541563987732 400
8.051329612731934 400
8.058047533035278 400
8.065150260925293 400
8.071045160293579 400
8.079044103622437 400
8.085860013961792 400
8.092459917068481 400
8.098494052886963 400
8.105566263198853 400
8.111449480056763 400
8.118109703063965 400
8.12524700164795 400
8.132972240447998 400
8.13920783996582 400
8.145920753479004 400
8.15258002281189 400
8.15857982635498 400
8.165631771087646 400
8.17152714729309 400
8.178276538848877 400
8.18607234954834 400
8.192968130111694 400
8.199254989624023 400
8.206119537353516 400
8.212965488433838 400
8.218994379043579 400
8.225813388824463 400
8.233668088912964 400
8.239667415618896 400
8.246256351470947 400
8.253482818603516 400
8.259576559066772 400
8.266154766082764 400
8.273086786270142 400
8.279174327850342 400
8.28662371635437 400
8.293749332427979 400
8.29971718788147 400
8.306306600570679 400
8.313539505004883 400
8.319626331329346 400
8.326239585876465 400
8.334204912185669 400
8.340214252471924 400
8.347047567367554 400
8.353938817977905 400
8.364272117614746 400
8.370262861251831 400
8.377392292022705 400
8.385482549667358 400
8.391433954238892 400
8.39816689491272 400
8.40516185760498 400
8.41108751296997 400
8.417636156082153 400
8.424485683441162 400
8.4304518699646 400
8.438427209854126 400
8.445477724075317 400
8.451406478881836 400
8.458106756210327 400
8.465376853942871 400
8.471250772476196 400
8.477824449539185 400
8.485855102539062 400
8.492574453353882 400
8.498950481414795 400
8.505762338638306 400
8.511979818344116 400
8.518391609191895 400
8.525440216064453 400
8.53130578994751 400
8.539194583892822 400
8.545907258987427 400
8.552578210830688 400
8.558952808380127 400
8.565757989883423 400
8.571938276290894 400
8.578389167785645 400
8.585401773452759 400
8.593449831008911 400
8.599522113800049 400
8.606144189834595 400
8.613070249557495 400
8.619517803192139 400
8.62610125541687 400
8.632970333099365 400
8.639970541000366 400
8.646514654159546 400
8.653585433959961 400
8.659645795822144 400
8.666269063949585 400
8.673482179641724 400
8.67957329750061 400
8.686187267303467 400
8.694104194641113 400
8.700091361999512 400
8.706630229949951 400
8.713720083236694 400
8.719721794128418 400
8.726463794708252 400
8.733701944351196 400
8.740504264831543 400
8.747345685958862 400
8.754281520843506 400
8.765148162841797 400
8.771016597747803 400
8.78576374053955 400
8.798452854156494 400
8.8057382106781 400
8.814451217651367 400
8.820430994033813 400
8.82818055152893 400
8.837158203125 400
8.845220804214478 400
8.852508068084717 400
8.860124111175537 400
8.867846488952637 400
8.875969648361206 400
8.885268449783325 400
8.89295744895935 400
8.899210929870605 400
8.906560897827148 400
8.914534330368042 400
8.923720598220825 400
8.929736852645874 400
8.93629503250122 400
8.944536685943604 400
8.953677892684937 400
8.959693431854248 400
8.966264247894287 400
8.975946187973022 400
8.986143112182617 400
8.995938539505005 400
9.002625465393066 400
9.008609294891357 400
9.01632833480835 400
9.027145862579346 400
9.03419303894043 400
9.043092250823975 400
9.050132274627686 400
9.056977272033691 400
9.065872192382812 400
9.072504758834839 400
9.078583240509033 400
9.086317300796509 400
9.09666109085083 400
9.105846405029297 400
9.11255407333374 400
9.11896824836731 400
9.126487255096436 400
9.134312629699707 400
9.147364377975464 400
9.154628992080688 400
9.165741920471191 400
9.174654483795166 400
9.180684328079224 400
9.197636127471924 400
9.20565414428711 400
9.213656902313232 400
9.223724365234375 400
9.231969833374023 400
9.238595485687256 400
9.247605562210083 400
9.259754419326782 400
9.266490936279297 400
9.274525880813599 400
9.28449559211731 400
9.293553113937378 400
9.300400733947754 400
9.307817459106445 400
9.316715002059937 400
9.323819637298584 400
9.32984972000122 400
9.337600469589233 400
9.347616910934448 400
9.35739541053772 400
9.364336013793945 400
9.370343685150146 400
9.377321720123291 400
9.384165287017822 400
9.390209913253784 400
9.397216796875 400
9.405158519744873 400
9.41101336479187 400
9.417623043060303 400
9.424485683441162 400
9.430472612380981 400
9.437233209609985 400
9.444101333618164 400
9.451189517974854 400
9.458096265792847 400
9.46518850326538 400
9.471080780029297 400
9.477648973464966 400
9.48455023765564 400
9.490557670593262 400
9.497423648834229 400
9.505655765533447 400
9.511525630950928 400
9.518490552902222 400
9.525546073913574 400
9.531471490859985 400
9.538196563720703 400
9.545258283615112 400
9.551112174987793 400
9.558682680130005 400
9.569671630859375 400
9.576465606689453 400
9.583740234375 400
9.589763164520264 400
9.596466302871704 400
9.60429859161377 400
9.610290288925171 400
9.61708688735962 400
9.623945713043213 400
9.629958629608154 400
9.636696577072144 400
9.643818378448486 400
9.649878740310669 400
9.657471895217896 400
9.66434645652771 400
9.670377016067505 400
9.677188396453857 400
9.685807466506958 400
9.692068576812744 400
9.698645830154419 400
9.70644760131836 400
9.713564395904541 400
9.719601392745972 400
9.726264238357544 400
9.733348608016968 400
9.739251375198364 400
9.745964765548706 400
9.752613306045532 400
9.759906768798828 400
9.766638994216919 400
9.773774147033691 400
9.780483961105347 400
9.787310361862183 400
9.794190645217896 400
9.800198316574097 400
9.807998895645142 400
9.81525182723999 400
9.821117401123047 400
9.827792882919312 400
9.834642171859741 400
9.840674877166748 400
9.847534894943237 400
9.85438871383667 400
9.863508701324463 400
9.869608163833618 400
9.87805438041687 400
9.88529658317566 400
9.891184329986572 400
9.89808177947998 400
9.90516710281372 400
9.912628173828125 400
9.918601751327515 400
9.925667524337769 400
9.931541204452515 400
9.938473463058472 400
9.945528030395508 400
9.95145869255066 400
9.95822548866272 400
9.96989917755127 400
9.976625442504883 400
9.983904361724854 400
9.989969968795776 400
9.997042655944824 400
10.003921031951904 400
10.010688781738281 400
10.017598390579224 400
10.024597644805908 400
10.030622720718384 400
10.037562370300293 400
10.044377088546753 400
10.050418376922607 400
10.057440042495728 400
10.065537214279175 400
10.071471691131592 400
10.07817792892456 400
10.085299491882324 400
10.09120512008667 400
10.097793340682983 400
10.10467791557312 400
10.112070322036743 400
10.118687391281128 400
10.12569808959961 400
10.131950378417969 400
10.138379335403442 400
10.145410776138306 400
10.151311874389648 400
10.158203125 400
10.166006803512573 400
10.172715187072754 400
10.179184198379517 400
10.18592619895935 400
10.192540645599365 400
10.198601484298706 400
10.205677270889282 400
10.211574792861938 400
10.219482183456421 400
10.226109743118286 400
10.23297381401062 400
10.239224195480347 400
10.245920181274414 400
10.252599716186523 400
10.258599758148193 400
10.266435861587524 400
10.273520231246948 400
10.279567241668701 400
10.286344289779663 400
10.293587923049927 400
10.299678802490234 400
10.306249380111694 400
10.313342571258545 400
10.320176601409912 400
10.326987743377686 400
10.33383822441101 400
10.339895486831665 400
10.346455335617065 400
10.35369610786438 400
10.35973072052002 400
10.371297597885132 400
10.378180027008057 400
10.38536787033081 400
10.391262531280518 400
10.398253679275513 400
10.405275583267212 400
10.4111487865448 400
10.4192373752594 400
10.42596983909607 400
10.43259048461914 400
10.438576459884644 400
10.44565749168396 400
10.45154333114624 400
10.458338975906372 400
10.465360641479492 400
10.47344422340393 400
10.47951626777649 400
10.486104726791382 400
10.49297571182251 400
10.498974323272705 400
10.50578260421753 400
10.51200532913208 400
10.519633054733276 400
10.526254653930664 400
10.53858232498169 400
10.546180009841919 400
10.553791522979736 400
10.559812545776367 400
10.566387414932251 400
10.57431173324585 400
10.580325841903687 400
10.587198972702026 400
10.59420657157898 400
10.600212812423706 400
10.607067108154297 400
10.613951683044434 400
10.620681285858154 400
10.627596855163574 400
10.63447642326355 400
10.640475511550903 400
10.647310495376587 400
10.654344320297241 400
10.66038990020752 400
10.667474746704102 400
10.675711393356323 400
10.681930780410767 400
10.688405752182007 400
10.695457220077515 400
10.701348781585693 400
10.708087682723999 400
10.715399503707886 400
10.723310232162476 400
10.729204654693604 400
10.735923528671265 400
10.742573261260986 400
10.748574018478394 400
10.755647897720337 400
10.761534929275513 400
10.774110317230225 400
10.780998229980469 400
10.787809610366821 400
10.795186996459961 400
10.801067113876343 400
10.80782961845398 400
10.814670324325562 400
10.820704936981201 400
10.828407049179077 400
10.835591077804565 400
10.841509819030762 400
10.848321199417114 400
10.855326890945435 400
10.863056421279907 400
10.869328737258911 400
10.877153635025024 400
10.884103775024414 400
10.890123128890991 400
10.89710807800293 400
10.903954267501831 400
10.909954309463501 400
10.916544437408447 400
10.923672437667847 400
10.930476665496826 400
10.937448978424072 400
10.944348573684692 400
10.950403690338135 400
10.957399368286133 400
10.964293003082275 400
10.97031021118164 400
10.977987051010132 400
10.984678506851196 400
10.990723848342896 400
10.997579336166382 400
11.00444746017456 400
11.010436058044434 400
11.017422199249268 400
11.024295806884766 400
11.031445503234863 400
11.038314819335938 400
11.04537558555603 400
11.05126690864563 400
11.057841777801514 400
11.065241813659668 400
11.071121215820312 400
11.079152584075928 400
11.085947513580322 400
11.092588663101196 400
11.098581314086914 400
11.105623245239258 400
11.111551761627197 400
11.118334531784058 400
11.125365972518921 400
11.133006811141968 400
11.139291286468506 400
11.1460440158844 400
11.152945518493652 400
11.158711194992065 400
11.16575312614441 400
11.176183223724365 400
11.18429183959961 400
11.190305709838867 400
11.197423934936523 400
11.204297542572021 400
11.210284233093262 400
11.21707034111023 400
11.223948240280151 400
11.230690956115723 400
11.23753833770752 400
11.244389772415161 400
11.25042724609375 400
11.257377624511719 400
11.26430630683899 400
11.270319938659668 400
11.277108669281006 400
11.28472089767456 400
11.2907235622406 400
11.297591924667358 400
11.30448865890503 400
11.310478687286377 400
11.317459344863892 400
11.324501991271973 400
11.331556558609009 400
11.33837366104126 400
11.345417499542236 400
11.351302146911621 400
11.35800290107727 400
11.365108489990234 400
11.370996713638306 400
11.377779960632324 400
11.38569688796997 400
11.391943216323853 400
11.398365497589111 400
11.405438661575317 400
11.411326885223389 400
11.418023586273193 400
11.424709558486938 400
11.430726528167725 400
11.438632011413574 400
11.44572377204895 400
11.451570272445679 400
11.458544969558716 400
11.465617418289185 400
11.471518516540527 400
11.478372812271118 400
11.486112117767334 400
11.492940187454224 400
11.499189853668213 400
11.505947351455688 400
11.512600898742676 400
11.518584966659546 400
11.525615453720093 400
11.531550168991089 400
11.539609670639038 400
11.546228885650635 400
11.553505420684814 400
11.559630870819092 400
11.566251516342163 400
11.576717376708984 400
11.584091901779175 400
11.591206073760986 400
11.598078966140747 400
11.605112314224243 400
11.611025094985962 400
11.617799520492554 400
11.624638795852661 400
11.630663871765137 400
11.638540029525757 400
11.645591735839844 400
11.651528120040894 400
11.658309936523438 400
11.665307760238647 400
11.671195030212402 400
11.678076982498169 400
11.685163974761963 400
11.692595958709717 400
11.698609352111816 400
11.705649375915527 400
11.71153450012207 400
11.718466758728027 400
11.725569248199463 400
11.731498003005981 400
11.739688634872437 400
11.746273279190063 400
11.7533860206604 400
11.759281635284424 400
11.766007900238037 400
11.772701740264893 400
11.786534070968628 400
11.79973816871643 400
11.808690309524536 400
11.815746068954468 400
11.822014093399048 400
11.830466747283936 400
11.837499856948853 400
11.845844268798828 400
11.855236768722534 400
11.861091375350952 400
11.86784553527832 400
11.875965595245361 400
11.88463807106018 400
11.892606973648071 400
11.90116810798645 400
11.908033847808838 400
11.915231704711914 400
11.923962593078613 400
11.929970264434814 400
11.936526536941528 400
11.948337078094482 400
11.95546841621399 400
11.964146137237549 400
11.974665641784668 400
11.98310899734497 400
11.993038654327393 400
11.999416589736938 400
12.006096601486206 400
12.015209674835205 400
12.02109670639038 400
12.027708530426025 400
12.037992000579834 400
12.047717094421387 400
12.054606676101685 400
12.0606107711792 400
12.069947957992554 400
12.076535940170288 400
12.083738088607788 400
12.094146251678467 400
12.103107452392578 400
12.109517574310303 400
12.116176128387451 400
12.123964786529541 400
12.132673740386963 400
12.138705253601074 400
12.146580696105957 400
12.157790899276733 400
12.16713833808899 400
12.174113512039185 400
12.180121660232544 400
12.187852144241333 400
12.205210208892822 400
12.213855028152466 400
12.223068237304688 400
12.231431722640991 400
12.238471746444702 400
12.248416423797607 400
12.256309509277344 400
12.2673499584198 400
12.27562689781189 400
12.284541845321655 400
12.292618751525879 400
12.30003547668457 400
12.309491157531738 400
12.316138505935669 400
12.323038339614868 400
12.331104040145874 400
12.338091611862183 400
12.345255851745605 400
12.357008457183838 400
12.364086866378784 400
12.370104312896729 400
12.380542993545532 400
12.387572050094604 400
12.394709587097168 400
12.402594804763794 400
12.408979415893555 400
12.415825843811035 400
12.42249870300293 400
12.428570747375488 400
12.43562650680542 400
12.441510915756226 400
12.449544668197632 400
12.45637559890747 400
12.46355390548706 400
12.469626188278198 400
12.476231813430786 400
12.483325004577637 400
12.489296674728394 400
12.496179103851318 400
12.504053831100464 400
12.510049819946289 400
12.517003059387207 400
12.52383804321289 400
12.529856204986572 400
12.5364351272583 400
12.544622659683228 400
12.552063226699829 400
12.558443069458008 400
12.56553053855896 400
12.571445226669312 400
12.578336000442505 400
12.585371255874634 400
12.591278314590454 400
12.598019361495972 400
12.605853080749512 400
12.61251950263977 400
12.618611335754395 400
12.625862836837769 400
12.632526874542236 400
12.63869571685791 400
12.64574122428894 400
12.653558254241943 400
12.659647941589355 400
12.666230916976929 400
12.673327207565308 400
12.679275512695312 400
12.687605142593384 400
12.694648504257202 400
12.700656652450562 400
12.708383083343506 400
12.715417385101318 400
12.721349954605103 400
12.72802209854126 400
12.7350172996521 400
12.740973711013794 400
12.747599601745605 400
12.755808591842651 400
12.762531995773315 400
12.768598079681396 400
12.779972553253174 400
12.786663293838501 400
12.79393196105957 400
12.799950361251831 400
12.807766437530518 400
12.815127849578857 400
12.820997476577759 400
12.8276207447052 400
12.834477663040161 400
12.840500831604004 400
12.847344160079956 400
12.854207277297974 400
12.861223936080933 400
12.867841243743896 400
12.87521767616272 400
12.882709980010986 400
12.889327049255371 400
12.896233320236206 400
12.903456687927246 400
12.910383224487305 400
12.917264938354492 400
12.924174070358276 400
12.93018126487732 400
12.937209844589233 400
12.944050788879395 400
12.950095415115356 400
12.957633256912231 400
12.964550733566284 400
12.970559358596802 400
12.977470397949219 400
12.984322309494019 400
12.990341663360596 400
12.997330665588379 400
13.004253625869751 400
13.011379718780518 400
13.018346309661865 400
13.029330253601074 400
13.036102294921875 400
13.042961359024048 400
13.050033330917358 400
13.05703067779541 400
13.064618587493896 400
13.070614099502563 400
13.07751202583313 400
13.084346294403076 400
13.090335845947266 400
13.097146034240723 400
13.103961706161499 400
13.125343084335327 400
13.131274223327637 400
13.137986183166504 400
13.145212173461914 400
13.151082038879395 400
13.157711029052734 400
13.16573691368103 400
13.172003269195557 400
13.183609008789062 400
13.189720869064331 400
13.19648265838623 400
13.203720569610596 400
13.209719896316528 400
13.217242956161499 400
13.224106311798096 400
13.230108976364136 400
13.23711633682251 400
13.244008541107178 400
13.250025987625122 400
13.256597757339478 400
13.264357805252075 400
13.270397663116455 400
13.277415990829468 400
13.284317255020142 400
13.290294170379639 400
13.297263860702515 400
13.304213047027588 400
13.31022596359253 400
13.318050622940063 400
13.325123310089111 400
13.331028938293457 400
13.337617874145508 400
13.344481468200684 400
13.350459814071655 400
13.35745120048523 400
13.36543345451355 400
13.371479988098145 400
13.378222227096558 400
13.385273218154907 400
13.39112138748169 400
13.39765191078186 400
13.404666423797607 400
13.410722732543945 400
13.419001579284668 400
13.425775051116943 400
13.432031631469727 400
13.438436031341553 400
13.445516586303711 400
13.451419591903687 400
13.458198547363281 400
13.465196132659912 400
13.472672462463379 400
13.479174613952637 400
13.485867500305176 400
13.492531061172485 400
13.498589038848877 400
13.505687236785889 400
13.511560201644897 400
13.519578218460083 400
13.526230335235596 400
13.533519983291626 400
13.539612770080566 400
13.546205520629883 400
13.553097486495972 400
13.559229135513306 400
13.565934419631958 400
13.573835849761963 400
13.584481000900269 400
13.590494871139526 400
13.597581148147583 400
13.604537010192871 400
13.610584497451782 400
13.617454290390015 400
13.625563144683838 400
13.63148307800293 400
13.638236999511719 400
13.64525055885315 400
13.651123046875 400
13.658021450042725 400
13.665277481079102 400
13.672654151916504 400
13.6786367893219 400
13.685654878616333 400
13.691553831100464 400
13.698411703109741 400
13.70539903640747 400
13.71128249168396 400
13.718186378479004 400
13.726101875305176 400
13.733011722564697 400
13.739036321640015 400
13.745838403701782 400
13.752522230148315 400
13.758556842803955 400
13.765607833862305 400
13.773687839508057 400
13.780423164367676 400
13.787207841873169 400
13.794210195541382 400
13.80029559135437 400
13.80711030960083 400
13.813945055007935 400
13.819964408874512 400
13.82759404182434 400
13.834646701812744 400
13.840676069259644 400
13.847505569458008 400
13.854369878768921 400
13.860460042953491 400
13.86723518371582 400
13.875036001205444 400
13.882578372955322 400
13.888729572296143 400
13.89606761932373 400
13.902706861495972 400
13.909164428710938 400
13.915887355804443 400
13.922532558441162 400
13.929944276809692 400
13.936499834060669 400
13.94362735748291 400
13.949674844741821 400
13.956410884857178 400
13.963541269302368 400
13.969610452651978 400
13.980165004730225 400
13.987833261489868 400
13.995259523391724 400
14.001128911972046 400
14.007988452911377 400
14.015228271484375 400
14.021090030670166 400
14.028702020645142 400
14.035768032073975 400
14.042001247406006 400
14.048405885696411 400
14.055618286132812 400
14.061538696289062 400
14.06831669807434 400
14.075483560562134 400
14.083400011062622 400
14.089321851730347 400
14.096073865890503 400
14.102725267410278 400
14.108954906463623 400
14.115773916244507 400
14.121986627578735 400
14.129700899124146 400
14.1364266872406 400
14.143601417541504 400
14.149671792984009 400
14.156250476837158 400
14.163378238677979 400
14.169304370880127 400
14.176029682159424 400
14.184050798416138 400
14.190068483352661 400
14.197070121765137 400
14.203966856002808 400
14.209972858428955 400
14.216543674468994 400
14.223702669143677 400
14.230449676513672 400
14.237234592437744 400
14.244093418121338 400
14.2501540184021 400
14.257123708724976 400
14.263958215713501 400
14.269971132278442 400
14.276540040969849 400
14.28447699546814 400
14.290475130081177 400
14.297308206558228 400
14.304208993911743 400
14.31023120880127 400
14.317244291305542 400
14.324086666107178 400
14.331125259399414 400
14.33776330947876 400
14.344634532928467 400
14.350628852844238 400
14.357498407363892 400
14.364355564117432 400
14.37036943435669 400
14.377342462539673 400
14.389216661453247 400
14.396093845367432 400
14.402945041656494 400
14.409197092056274 400
14.416081190109253 400
14.42295241355896 400
14.42898178100586 400
14.436675548553467 400
14.443961143493652 400
14.449994087219238 400
14.456552743911743 400
14.46370005607605 400
14.469730854034424 400
14.476321458816528 400
14.48418378829956 400
14.490300178527832 400
14.497296810150146 400
14.5041983127594 400
14.510268211364746 400
14.517076969146729 400
14.523964643478394 400
14.529980659484863 400
14.537609100341797 400
14.544431447982788 400
14.550432682037354 400
14.557438135147095 400
14.564310550689697 400
14.570297479629517 400
14.577260732650757 400
14.584160566329956 400
14.591248989105225 400
14.597821235656738 400
14.604679822921753 400
14.610974311828613 400
14.617775440216064 400
14.624624729156494 400
14.630630493164062 400
14.638520002365112 400
14.645567655563354 400
14.651477098464966 400
14.658184289932251 400
14.665230989456177 400
14.671109437942505 400
14.677850246429443 400
14.684690475463867 400
14.692601203918457 400
14.69858980178833 400
14.705758094787598 400
14.711962461471558 400
14.718394041061401 400
14.725444555282593 400
14.731351852416992 400
14.739547967910767 400
14.746169805526733 400
14.753288507461548 400
14.759175539016724 400
14.765869140625 400
14.772581338882446 400
14.784000635147095 400
14.791086673736572 400
14.798043727874756 400
14.805344104766846 400
14.81120753288269 400
14.818065166473389 400
14.825160264968872 400
14.831089735031128 400
14.837831020355225 400
14.845827341079712 400
14.85246729850769 400
14.8586585521698 400
14.865711212158203 400
14.87197494506836 400
14.878400325775146 400
14.886265754699707 400
14.894210577011108 400
14.900203227996826 400
14.907218217849731 400
14.914262771606445 400
14.920252561569214 400
14.927084922790527 400
14.933940887451172 400
14.940972566604614 400
14.947613000869751 400
14.954465389251709 400
14.96049427986145 400
14.967549324035645 400
14.974604606628418 400
14.980611324310303 400
14.987478256225586 400
14.995555639266968 400
15.001456260681152 400
15.00823712348938 400
15.015244483947754 400
15.021086931228638 400
15.027779340744019 400
15.035217761993408 400
15.042562484741211 400
15.048691749572754 400
15.055727481842041 400
15.061939239501953 400
15.068391561508179 400
15.075431108474731 400
15.081336498260498 400
15.088038444519043 400
15.096206903457642 400
15.103114128112793 400
15.109280586242676 400
15.116034746170044 400
15.122708559036255 400
15.130354404449463 400
15.137133121490479 400
15.144726753234863 400
15.150994539260864 400
15.157828092575073 400
15.164701461791992 400
15.170715570449829 400
15.177601099014282 400
15.188387155532837 400
15.19629716873169 400
15.203547954559326 400
15.209619998931885 400
15.216500997543335 400
15.223747730255127 400
15.22974443435669 400
15.236336946487427 400
15.24345850944519 400
15.250170946121216 400
15.257061243057251 400
15.26394534111023 400
15.269972085952759 400
15.276710987091064 400
15.283801555633545 400
15.289808988571167 400
15.297446489334106 400
15.304328203201294 400
15.310342788696289 400
15.317195653915405 400
15.324062824249268 400
15.330103874206543 400
15.337117671966553 400
15.343958616256714 400
15.35100793838501 400
15.35781455039978 400
15.364662885665894 400
15.370659828186035 400
15.377537727355957 400
15.384361267089844 400
15.390412092208862 400
15.398335933685303 400
15.405420780181885 400
15.411317110061646 400
15.418048858642578 400
15.425137519836426 400
15.430996179580688 400
15.437625885009766 400
15.444489240646362 400
15.451956033706665 400
15.458501815795898 400
15.465571165084839 400
15.471508026123047 400
15.47833514213562 400
15.485562801361084 400
15.491465091705322 400
15.49817705154419 400
15.506041288375854 400
15.512714385986328 400
15.519181728363037 400
15.525910139083862 400
15.532584190368652 400
15.538609504699707 400
15.545654296875 400
15.55390191078186 400
15.560429811477661 400
15.567212343215942 400
15.579754829406738 400
15.590187549591064 400
15.597257137298584 400
15.605409383773804 400
15.611284017562866 400
15.618377685546875 400
15.625436067581177 400
15.631347179412842 400
15.638300657272339 400
15.645358324050903 400
15.65121841430664 400
15.658703088760376 400
15.665760278701782 400
15.671998262405396 400
15.678401708602905 400
15.685419082641602 400
15.6913583278656 400
15.698272705078125 400
15.70628833770752 400
15.71334195137024 400
15.719251871109009 400
15.72595477104187 400
15.73258900642395 400
15.738597393035889 400
15.745861768722534 400
15.752483606338501 400
15.759944200515747 400
15.766499042510986 400
15.773664951324463 400
15.780348777770996 400
15.787163972854614 400
15.793968439102173 400
15.80002474784851 400
15.807525396347046 400
15.814523458480835 400
15.820543050765991 400
15.827410221099854 400
15.834307432174683 400
15.840322256088257 400
15.847097396850586 400
15.853940486907959 400
15.86073088645935 400
15.867616891860962 400
15.874615669250488 400
15.880620002746582 400
15.88846230506897 400
15.895631790161133 400
15.901560544967651 400
15.9098219871521 400
15.916548728942871 400
15.92366909980774 400
15.929689168930054 400
15.936410903930664 400
15.943578720092773 400
15.94964337348938 400
15.956230640411377 400
15.964090347290039 400
15.970123291015625 400
15.976725816726685 400
15.987394332885742 400
15.994567155838013 400
16.000554084777832 400
16.007643938064575 400
16.015868425369263 400
16.022552490234375 400
16.028575897216797 400
16.03566861152649 400
16.041563749313354 400
16.048441648483276 400
16.055596828460693 400
16.063529014587402 400
16.069600582122803 400
16.0762300491333 400
16.08336901664734 400
16.08927893638611 400
16.096020221710205 400
16.102640628814697 400
16.10870122909546 400
16.11664605140686 400
16.123929977416992 400
16.129958868026733 400
16.136691570281982 400
16.14380669593811 400
16.149816274642944 400
16.156386375427246 400
16.16431736946106 400
16.170317888259888 400
16.1773464679718 400
16.184201955795288 400
16.190261363983154 400
16.197105169296265 400
16.203986406326294 400
16.209990739822388 400
16.217514514923096 400
16.224365711212158 400
16.2303626537323 400
16.237334966659546 400
16.244216203689575 400
16.250237703323364 400
16.25706458091736 400
16.265120267868042 400
16.271016836166382 400
16.277611017227173 400
16.284427642822266 400
16.290440797805786 400
16.297439336776733 400
16.304310083389282 400
16.310341835021973 400
16.31803250312805 400
16.324727773666382 400
16.330987691879272 400
16.337602853775024 400
16.344444751739502 400
16.35041642189026 400
16.357426166534424 400
16.365490198135376 400
16.37142300605774 400
16.37820792198181 400
16.388545989990234 400
16.395938873291016 400
16.402597188949585 400
16.40898585319519 400
16.417088270187378 400
16.42394208908081 400
16.42994976043701 400
16.436483144760132 400
16.443578004837036 400
16.449662685394287 400
16.456252336502075 400
16.463353633880615 400
16.470180988311768 400
16.477222442626953 400
16.484076023101807 400
16.490042448043823 400
16.496612548828125 400
16.503732442855835 400
16.509733200073242 400
16.517363786697388 400
16.52445340156555 400
16.530463933944702 400
16.537464141845703 400
16.54430866241455 400
16.550320148468018 400
16.557108402252197 400
16.5639488697052 400
16.570721864700317 400
16.57762336730957 400
16.584537744522095 400
16.590548992156982 400
16.59759521484375 400
16.6044602394104 400
16.61044955253601 400
16.617225646972656 400
16.625289916992188 400
16.63114905357361 400
16.637766122817993 400
16.64460253715515 400
16.650594234466553 400
16.65761685371399 400
16.664490938186646 400
16.67154312133789 400
16.678324460983276 400
16.685375928878784 400
16.691267013549805 400
16.697844743728638 400
16.70468544960022 400
16.71069598197937 400
16.71773409843445 400
16.725709676742554 400
16.73194122314453 400
16.73836874961853 400
16.745407581329346 400
16.751312017440796 400
16.757997512817383 400
16.76500940322876 400
16.772584915161133 400
16.779919624328613 400
16.789745330810547 400
16.797486305236816 400
16.804498434066772 400
16.8104887008667 400
16.81744122505188 400
16.825487852096558 400
16.831420183181763 400
16.838361263275146 400
16.845420598983765 400
16.85128903388977 400
16.857983112335205 400
16.864711046218872 400
16.870726585388184 400
16.87846612930298 400
16.8862566947937 400
16.8935546875 400
16.89965033531189 400
16.90638494491577 400
16.913675546646118 400
16.919699907302856 400
16.92716121673584 400
16.933959007263184 400
16.94002342224121 400
16.94653606414795 400
16.95380425453186 400
16.959842443466187 400
16.96645450592041 400
16.973560333251953 400
16.9803204536438 400
16.987120628356934 400
16.99399471282959 400
16.999990701675415 400
17.006518602371216 400
17.013773918151855 400
17.0198392868042 400
17.027493238449097 400
17.03437042236328 400
17.040381908416748 400
17.047369718551636 400
17.054287433624268 400
17.060269355773926 400
17.067071676254272 400
17.074132680892944 400
17.081169605255127 400
17.0877525806427 400
17.094609260559082 400
17.10061764717102 400
17.107484817504883 400
17.114331245422363 400
17.12034773826599 400
17.12810230255127 400
17.135361671447754 400
17.141260385513306 400
17.14784336090088 400
17.15468978881836 400
17.160977125167847 400
17.167611598968506 400
17.174628973007202 400
17.182058811187744 400
17.193058967590332 400
17.19959044456482 400
17.206336736679077 400
17.213566303253174 400
17.219630002975464 400
17.226252555847168 400
17.234163284301758 400
17.240214109420776 400
17.24710488319397 400
17.254098653793335 400
17.260120630264282 400
17.266722917556763 400
17.27385401725769 400
17.280559301376343 400
17.2874538898468 400
17.294342517852783 400
17.30040693283081 400
17.307399034500122 400
17.3144371509552 400
17.320432901382446 400
17.327245950698853 400
17.33517074584961 400
17.34108328819275 400
17.347633838653564 400
17.354540586471558 400
17.360547304153442 400
17.367431163787842 400
17.374454259872437 400
17.38152313232422 400
17.38833785057068 400
17.39543104171753 400
17.40133023262024 400
17.408044815063477 400
17.41511869430542 400
17.42107605934143 400
17.427649974822998 400
17.43591046333313 400
17.442535638809204 400
17.448593854904175 400
17.45565629005432 400
17.46152973175049 400
17.468368768692017 400
17.475444555282593 400
17.483044624328613 400
17.489154815673828 400
17.496084928512573 400
17.502978563308716 400
17.508951425552368 400
17.515764474868774 400
17.522018909454346 400
17.528420448303223 400
17.536252737045288 400
17.543315649032593 400
17.54925847053528 400
17.556091785430908 400
17.56294846534729 400
17.569180011749268 400
17.575920820236206 400
17.585365056991577 400
17.595768928527832 400
17.60244393348694 400
17.60863447189331 400
17.615919589996338 400
17.622578382492065 400
17.628614902496338 400
17.63649868965149 400
17.643629550933838 400
17.64967131614685 400
17.656251192092896 400
17.663315534591675 400
17.669275522232056 400
17.676111698150635 400
17.68296480178833 400
17.690049409866333 400
17.69701623916626 400
17.703882455825806 400
17.709901094436646 400
17.716469287872314 400
17.723583459854126 400
17.729642629623413 400
17.737394332885742 400
17.744340419769287 400
17.75037145614624 400
17.7571759223938 400
17.764021396636963 400
17.77004313468933 400
17.77755904197693 400
17.784380674362183 400
17.791451692581177 400
17.8097403049469 400
17.81668734550476 400
17.831130981445312 400
17.84359121322632 400
17.85141921043396 400
17.860638856887817 400
17.86753797531128 400
17.884605884552002 400
17.890591621398926 400
17.904160261154175 400
17.910137176513672 400
17.918558359146118 400
17.926325798034668 400
17.937416791915894 400
17.945459842681885 400
17.95397114753723 400
17.963330507278442 400
17.97041130065918 400
17.984373331069946 400
17.996726751327515 400
18.004373788833618 400
18.01373863220215 400
18.022462368011475 400
18.028644800186157 400
18.036601543426514 400
18.045984745025635 400
18.05472183227539 400
18.062002182006836 400
18.07636046409607 400
18.087242364883423 400
18.094560623168945 400
18.10574460029602 400
18.112987756729126 400
18.120600700378418 400
18.129751920700073 400
18.136679649353027 400
18.143794298171997 400
