00
0.0002586841583251953 0
0.02184295654296875 1
0.030150651931762695 2
0.039290428161621094 3
0.047907114028930664 5
0.05554699897766113 9
0.06218361854553223 11
0.06924748420715332 17
0.08049440383911133 20
0.0863332748413086 23
0.09314680099487305 29
0.10173225402832031 35
0.11062097549438477 39
0.11644124984741211 45
0.1252732276916504 52
0.1341848373413086 57
0.14081311225891113 63
0.1497037410736084 67
0.1583268642425537 75
0.1641998291015625 80
0.17307782173156738 87
0.17998695373535156 95
0.18876004219055176 99
0.1947627067565918 105
0.20364928245544434 113
0.21219682693481445 118
0.21916556358337402 124
0.2279820442199707 130
0.23554587364196777 136
0.24402999877929688 145
0.25545215606689453 154
0.26645541191101074 161
0.2783787250518799 168
0.2863655090332031 173
0.29567670822143555 179
0.3023865222930908 183
0.3095052242279053 191
0.3203272819519043 194
0.32622456550598145 198
0.3327760696411133 203
0.34372901916503906 209
0.35039830207824707 213
0.3563051223754883 218
0.36809444427490234 223
0.3740065097808838 227
0.38061046600341797 232
0.3896026611328125 236
0.3983728885650635 240
0.40427207946777344 243
0.41324949264526367 249
0.42176008224487305 251
0.42855048179626465 255
0.4345080852508545 259
0.445497989654541 264
0.4520998001098633 267
0.4587855339050293 270
0.46779966354370117 275
0.4763822555541992 277
0.4847705364227295 283
0.49546384811401367 286
0.5042839050292969 289
0.5132012367248535 292
0.5196938514709473 295
0.5284433364868164 299
0.5363950729370117 301
0.5432801246643066 304
0.5502293109893799 307
0.5588045120239258 310
0.5677399635314941 312
0.5736846923828125 315
0.5804533958435059 318
0.5913314819335938 321
0.598024845123291 323
0.6060528755187988 327
0.6151430606842041 329
0.6216683387756348 330
0.6284518241882324 334
0.6392433643341064 336
0.6451857089996338 337
0.6517140865325928 341
0.6605658531188965 344
0.6736383438110352 346
0.6804394721984863 349
0.6905198097229004 351
0.6963915824890137 353
0.708143949508667 356
0.7140107154846191 357
0.7206358909606934 359
0.7296497821807861 361
0.7384071350097656 363
0.7442848682403564 365
0.7532753944396973 367
0.7623417377471924 371
0.7761893272399902 373
0.7936694622039795 375
0.8016002178192139 377
0.8099050521850586 379
0.822636604309082 381
0.8332781791687012 383
0.841500997543335 384
0.8497540950775146 385
0.856480598449707 387
0.8655450344085693 388
0.8720998764038086 390
0.8836584091186523 392
0.8920652866363525 394
0.9041399955749512 395
0.9112720489501953 396
0.9178853034973145 397
0.9286038875579834 399
0.9345965385437012 399
0.9440336227416992 402
0.9616038799285889 403
0.968604564666748 404
0.9761321544647217 406
0.9906473159790039 407
0.999945878982544 408
1.011589527130127 409
1.018420696258545 410
1.0244319438934326 411
1.031569480895996 412
1.040374755859375 412
1.0463757514953613 413
1.0532886981964111 414
1.064016342163086 415
1.0746471881866455 416
1.0816209316253662 417
1.0907330513000488 417
1.0965867042541504 418
1.103649616241455 419
1.1122221946716309 419
1.1191163063049316 421
1.130023717880249 421
1.139638900756836 422
1.1484858989715576 423
1.1544694900512695 423
1.1620869636535645 423
1.1691370010375977 424
1.1781001091003418 425
1.1839954853057861 425
1.1907646656036377 425
1.1999342441558838 426
1.2058076858520508 427
1.2138020992279053 427
1.2207121849060059 427
1.2296710014343262 428
1.2356226444244385 428
1.2423202991485596 429
1.2514538764953613 429
1.2588160037994385 429
1.2648124694824219 430
1.2740240097045898 431
1.280817985534668 431
1.2867066860198975 431
1.2956938743591309 432
1.3022363185882568 432
1.309995412826538 433
1.3220434188842773 433
1.329085350036621 433
1.337845802307129 434
1.345799207687378 434
1.3540949821472168 435
1.363835334777832 435
1.3704833984375 435
1.3763577938079834 435
1.3891031742095947 437
1.4002091884613037 437
1.4122095108032227 437
1.4197134971618652 437
1.4307057857513428 438
1.4492273330688477 438
1.4583754539489746 439
1.473264455795288 439
1.482280969619751 439
1.4934473037719727 439
1.5014700889587402 439
1.509537935256958 440
1.5184924602508545 440
1.529421329498291 440
1.5383586883544922 440
1.5442354679107666 441
1.5545554161071777 441
1.5634758472442627 441
1.5723247528076172 441
1.5835607051849365 441
1.5901756286621094 441
1.601132869720459 441
1.6104352474212646 441
1.6187083721160889 442
1.6286015510559082 442
1.6395161151885986 442
1.645519495010376 442
1.65364670753479 442
1.6636757850646973 443
1.6766421794891357 443
1.688035011291504 443
1.6959898471832275 443
1.704749584197998 443
1.7139713764190674 443
1.723668098449707 443
1.7304317951202393 443
1.7454111576080322 443
1.7521369457244873 443
1.7652876377105713 443
1.778738021850586 443
1.7865467071533203 443
1.796478033065796 443
1.8091778755187988 443
1.8196163177490234 443
1.8280138969421387 443
1.8413617610931396 443
1.8516793251037598 443
1.8587703704833984 443
1.8667047023773193 443
1.883690357208252 443
1.8907718658447266 443
1.904726266860962 443
1.914170265197754 443
1.9319982528686523 443
1.9406702518463135 443
1.952446460723877 443
1.962505578994751 443
1.9737820625305176 443
1.9806408882141113 443
1.9941432476043701 443
2.0025129318237305 443
2.0107851028442383 443
2.0259926319122314 443
2.0324082374572754 443
2.043821334838867 443
2.051212787628174 443
2.060436725616455 443
2.069478750228882 443
2.0794107913970947 443
2.089404344558716 443
2.098574161529541 443
2.108546018600464 443
2.1144421100616455 443
2.126680612564087 443
2.1382744312286377 443
2.1441776752471924 443
2.1525139808654785 443
2.1622393131256104 443
2.1713507175445557 443
2.1795780658721924 443
2.190670967102051 443
2.1980581283569336 443
2.2144954204559326 443
2.229285478591919 443
2.240138053894043 443
2.251511812210083 443
2.2603602409362793 443
2.2661795616149902 443
2.2804911136627197 443
2.2896852493286133 443
2.3007969856262207 443
2.3066937923431396 443
2.3217990398406982 443
2.3315751552581787 443
2.340425491333008 443
2.3513903617858887 443
2.3599910736083984 443
2.3686025142669678 443
2.380384922027588 443
2.3911502361297607 443
2.397963047027588 443
2.4087536334991455 443
2.4165942668914795 443
2.4263575077056885 443
2.439591884613037 443
2.4485080242156982 443
2.454488754272461 443
2.465782642364502 443
2.4838032722473145 443
2.490541934967041 443
2.5025134086608887 443
2.516214370727539 443
2.523256540298462 443
2.530029535293579 443
2.5418474674224854 443
2.548487901687622 443
2.554466724395752 443
2.5634384155273438 443
2.5719075202941895 443
2.5786890983581543 443
2.5897152423858643 443
2.5956852436065674 443
2.6045451164245605 443
2.6135828495025635 443
2.620401382446289 443
2.629608392715454 443
2.63974928855896 443
2.645672559738159 443
2.652665615081787 443
2.6638591289520264 442
2.6706795692443848 442
2.68395733833313 443
2.6926956176757812 443
2.699708938598633 443
2.7087910175323486 442
2.7178971767425537 442
2.723890781402588 442
2.7325022220611572 442
2.740429639816284 442
2.751249074935913 442
2.7580456733703613 442
2.765157461166382 442
2.773970127105713 442
2.7839722633361816 442
2.7922379970550537 442
2.803649663925171 442
2.813243865966797 442
2.822012186050415 442
2.830453634262085 442
2.842109441757202 442
2.8503057956695557 442
2.8616201877593994 442
2.8687984943389893 442
2.877760171890259 442
2.8865346908569336 442
2.893629312515259 442
2.902691602706909 442
2.9117112159729004 442
2.91839599609375 442
2.926065683364868 442
2.938662528991699 442
2.9484031200408936 442
2.9562535285949707 442
2.9662787914276123 442
2.975308656692505 442
2.983816146850586 442
2.994396686553955 442
3.00329852104187 442
3.0101399421691895 442
3.018775463104248 442
3.0266835689544678 442
3.0336313247680664 442
3.0456199645996094 442
3.052138090133667 442
3.059156656265259 441
3.06720232963562 441
3.0823936462402344 441
3.0931661128997803 441
3.102306365966797 441
3.1119861602783203 441
3.1214003562927246 441
3.1302900314331055 441
3.136277437210083 441
3.1461880207061768 441
3.1553564071655273 441
3.161898374557495 441
3.168638229370117 441
3.1794323921203613 441
3.185410737991333 441
3.193499803543091 441
3.204153537750244 441
3.2107861042022705 441
3.216670274734497 440
3.228692054748535 440
3.2346630096435547 440
3.2413806915283203 440
