00
0.00017547607421875 1
0.03195476531982422 2
0.03896808624267578 4
0.04621767997741699 6
0.055124521255493164 9
0.061525821685791016 12
0.07062697410583496 18
0.0794680118560791 21
0.0862579345703125 29
0.10079669952392578 36
0.10961675643920898 40
0.11885523796081543 47
0.12755918502807617 60
0.1449751853942871 65
0.15142536163330078 70
0.1608107089996338 76
0.16960930824279785 80
0.17654967308044434 85
0.1851966381072998 88
0.19451379776000977 94
0.20050764083862305 100
0.209334135055542 104
0.2161576747894287 108
0.22514653205871582 111
0.23405981063842773 116
0.24365878105163574 120
0.2496201992034912 124
0.25887179374694824 131
0.2678101062774658 134
0.27468061447143555 137
0.28330564498901367 140
0.29118943214416504 146
0.29790568351745605 149
0.3053750991821289 154
0.31615638732910156 157
0.32407283782958984 161
0.33545374870300293 165
0.3440096378326416 168
0.3499481678009033 172
0.35885071754455566 175
0.367419958114624 177
0.37415289878845215 180
0.3831899166107178 184
0.3910844326019287 187
0.3977818489074707 191
0.406705379486084 195
0.41519594192504883 197
0.4211719036102295 200
0.4279510974884033 202
0.43912267684936523 205
0.44572997093200684 207
0.4515955448150635 210
0.46326780319213867 213
0.46921277046203613 216
0.4758772850036621 220
0.4848062992095947 223
0.49364399909973145 226
0.5050692558288574 228
0.5139365196228027 230
0.5221123695373535 233
0.5293214321136475 236
0.5379407405853271 241
0.5475466251373291 243
0.5557355880737305 248
0.5658695697784424 250
0.5767664909362793 252
0.5836694240570068 254
0.5895271301269531 256
0.5962374210357666 259
0.6072006225585938 260
0.6148233413696289 262
0.6247966289520264 265
0.630807638168335 268
0.6395998001098633 269
0.6487095355987549 270
0.6567459106445312 273
0.6654973030090332 276
0.6740493774414062 278
0.680016279220581 280
0.688859224319458 282
0.6956865787506104 284
0.7046740055084229 286
0.7133772373199463 289
0.7195372581481934 290
0.728757381439209 291
0.735173225402832 292
0.744143009185791 294
0.7526504993438721 296
0.7591655254364014 297
0.7675967216491699 298
0.7762491703033447 299
0.7820529937744141 302
0.7911627292633057 304
0.7999920845031738 304
0.8067178726196289 305
0.8150966167449951 306
0.8237109184265137 307
0.8295743465423584 309
0.8362081050872803 312
0.845435619354248 314
0.8541083335876465 315
0.8600077629089355 316
0.8688163757324219 316
0.8754360675811768 317
0.8842072486877441 318
0.8919978141784668 321
0.9018080234527588 326
0.9159214496612549 328
0.9247539043426514 330
0.9326324462890625 331
0.940157413482666 332
0.9490485191345215 334
0.9557027816772461 334
0.9617869853973389 335
0.9693069458007812 336
0.9760687351226807 336
0.9836933612823486 337
0.9896602630615234 337
0.996232271194458 337
1.0019938945770264 338
1.0088417530059814 338
1.0153307914733887 339
1.0211398601531982 340
1.0278944969177246 340
1.0357186794281006 340
1.0415844917297363 341
1.0485966205596924 342
1.0550129413604736 342
1.0609829425811768 343
1.0675179958343506 343
1.0742251873016357 344
1.0801384449005127 344
1.0878143310546875 344
1.0946025848388672 344
1.1002471446990967 344
1.1070072650909424 346
1.113637924194336 347
1.1194510459899902 347
1.1261100769042969 348
1.1319146156311035 347
1.139542818069458 347
1.1462552547454834 347
1.1520130634307861 348
1.1588854789733887 348
1.1653997898101807 349
1.1711599826812744 350
1.1778016090393066 350
1.1846413612365723 351
1.191497564315796 350
1.1978490352630615 350
1.2048521041870117 351
1.2107369899749756 351
1.2172520160675049 352
1.2238426208496094 352
1.2296462059020996 352
1.23618745803833 353
1.2438595294952393 354
1.249708652496338 354
1.2562291622161865 354
1.2619824409484863 355
1.2690627574920654 356
1.2756948471069336 357
1.281496286392212 357
1.289111614227295 357
1.295677900314331 358
1.3062572479248047 358
1.3126366138458252 359
1.3192028999328613 360
1.326033592224121 360
1.331845760345459 360
1.3394463062286377 361
1.3460204601287842 362
1.3518149852752686 362
1.3587265014648438 362
1.365088939666748 363
1.3709652423858643 364
1.3774909973144531 364
1.3842151165008545 365
1.3911781311035156 365
1.3976635932922363 365
1.4042069911956787 365
1.4100744724273682 366
1.416804552078247 367
1.4234304428100586 368
1.42930006980896 368
1.4360530376434326 368
1.443800926208496 369
1.449615240097046 370
1.4561710357666016 370
1.4619851112365723 370
1.4688796997070312 370
1.4753475189208984 371
1.4811031818389893 372
1.4875683784484863 373
1.495103120803833 373
1.5010533332824707 374
1.5077080726623535 373
1.5145552158355713 373
1.5201926231384277 373
1.526918649673462 374
1.5335867404937744 374
1.5394389629364014 375
1.547020435333252 376
1.5536561012268066 377
1.559518814086914 377
1.5662569999694824 378
1.572080373764038 377
1.5789592266082764 377
1.5854411125183105 377
1.5912091732025146 378
1.5989489555358887 379
1.605480670928955 379
1.6113712787628174 380
1.6190876960754395 380
1.625932216644287 380
1.631734848022461 380
1.6386597156524658 382
1.646043300628662 382
1.6518583297729492 382
1.6593635082244873 383
1.6659135818481445 384
1.6717629432678223 384
1.678565263748169 384
1.6851117610931396 384
1.6911046504974365 386
1.701880931854248 386
1.7095682621002197 386
1.716214895248413 386
1.7219982147216797 386
1.729041337966919 388
1.7358462810516357 388
1.7416448593139648 388
1.7494065761566162 388
1.7559614181518555 389
1.7617309093475342 390
1.7681756019592285 390
1.7749695777893066 391
1.7809038162231445 391
1.7874829769134521 391
1.7940244674682617 391
1.8009896278381348 392
1.8077008724212646 393
1.8146259784698486 394
1.8205206394195557 394
1.8271722793579102 394
1.8337712287902832 395
1.8396148681640625 395
1.8472058773040771 395
1.8538320064544678 395
1.8596792221069336 396
1.8666954040527344 396
1.8733148574829102 396
1.8791570663452148 397
1.8856878280639648 398
1.8915417194366455 398
1.8991832733154297 398
1.9057915210723877 397
1.911653995513916 397
1.9180858135223389 397
1.9250116348266602 398
1.9309852123260498 398
1.9375131130218506 398
1.944112777709961 398
1.951050043106079 398
1.957704782485962 399
1.9642560482025146 399
1.9702033996582031 399
1.9769930839538574 399
1.9837985038757324 399
1.9913640022277832 399
1.9977085590362549 400
2.0054705142974854 400
2.0113754272460938 400
2.0177457332611084 400
2.0245108604431152 400
2.0301530361175537 400
2.0368103981018066 400
2.043534994125366 400
2.050156831741333 400
2.0568997859954834 400
2.063448429107666 400
2.069223165512085 400
2.075747013092041 400
2.081587314605713 400
2.08817982673645 400
2.094867467880249 400
2.106797933578491 400
2.1138463020324707 400
2.119631767272949 400
2.1266298294067383 400
2.132648229598999 400
2.139085292816162 400
2.145575761795044 400
2.1561689376831055 400
2.169301748275757 400
2.17751407623291 400
2.184000015258789 400
2.1918835639953613 400
2.1992251873016357 400
2.20674991607666 400
2.2156245708465576 400
2.22139048576355 400
2.227857828140259 400
2.2348997592926025 400
2.243584394454956 400
2.249351739883423 400
2.2568817138671875 400
2.2671327590942383 400
2.2757699489593506 400
2.281594753265381 400
2.2901713848114014 400
2.2979025840759277 400
2.308889389038086 400
2.315880298614502 400
2.327669382095337 400
2.334244966506958 400
2.3458542823791504 400
2.3539538383483887 400
2.36385440826416 400
2.371638298034668 400
2.3780953884124756 400
2.3849542140960693 400
2.3941071033477783 400
2.4056501388549805 400
2.4135189056396484 400
2.419402837753296 400
2.433361530303955 400
2.4446260929107666 400
2.4537696838378906 400
2.4616687297821045 400
2.469705820083618 400
2.480579376220703 400
2.4870643615722656 400
2.493636131286621 400
2.514035940170288 400
2.519871711730957 400
2.529604911804199 400
2.5385513305664062 400
2.5449533462524414 400
2.5534775257110596 400
2.5632598400115967 400
2.5690910816192627 400
2.575685501098633 400
2.5865800380706787 400
2.592097520828247 400
2.5989880561828613 400
2.607734203338623 400
2.616783380508423 400
2.625570297241211 400
2.634183883666992 400
2.6419906616210938 400
2.6510703563690186 400
2.659085988998413 400
2.6689236164093018 400
2.6754648685455322 400
2.684011936187744 400
2.691803455352783 400
2.7005181312561035 400
2.70719838142395 400
2.716163158416748 400
2.7336888313293457 400
2.7395827770233154 400
2.746188163757324 400
2.754988431930542 400
2.7690675258636475 400
2.7794361114501953 400
2.7860212326049805 400
2.7940945625305176 400
2.804703712463379 400
2.8120806217193604 400
2.8196935653686523 400
2.829319715499878 400
2.8358988761901855 400
2.8416647911071777 400
2.8501532077789307 400
2.85683012008667 400
2.864121675491333 400
2.873795747756958 400
2.8796024322509766 400
2.886491537094116 400
2.8946661949157715 400
2.900259017944336 400
2.9115145206451416 400
2.919245719909668 400
2.9258921146392822 400
2.9316117763519287 400
2.9385673999786377 400
2.945443868637085 400
2.9511923789978027 400
2.9576094150543213 400
2.964158058166504 400
2.97103214263916 400
2.977461814880371 400
2.984011173248291 400
2.98984956741333 400
2.9967849254608154 400
3.00346040725708 400
3.0092217922210693 400
3.015730857849121 400
3.023317813873291 400
3.029104232788086 400
3.035679817199707 400
3.041435480117798 400
3.0477402210235596 400
3.054563522338867 400
3.060167074203491 400
3.0670006275177 400
3.074633836746216 400
3.0804855823516846 400
3.086961269378662 400
3.093517303466797 400
3.099299907684326 400
3.1058411598205566 400
3.111612319946289 400
3.1179370880126953 400
3.1259450912475586 400
3.131697416305542 400
3.1381218433380127 400
3.14482045173645 400
3.1506688594818115 400
3.1570847034454346 400
3.163620710372925 400
3.1694083213806152 400
3.176970958709717 400
3.1836776733398438 400
3.1894478797912598 400
3.1959571838378906 400
3.2017152309417725 400
3.208113193511963 400
3.214754581451416 400
3.2212324142456055 400
3.22768235206604 400
3.2342453002929688 400
3.240152597427368 400
3.2469663619995117 400
3.2537097930908203 400
3.2594902515411377 400
3.266018867492676 400
3.273540496826172 400
3.279325246810913 400
3.285877227783203 400
3.291618585586548 400
3.2979254722595215 400
3.3074865341186523 400
3.315126419067383 400
3.3209753036499023 400
3.328721523284912 400
3.335169553756714 400
3.3410258293151855 400
3.347435235977173 400
3.353976249694824 400
3.3598222732543945 400
3.3666529655456543 400
3.3737919330596924 400
3.3796443939208984 400
3.3866140842437744 400
3.392127752304077 400
3.3989508152008057 400
3.405360698699951 400
3.41111421585083 400
3.4175775051116943 400
3.425388813018799 400
3.431137800216675 400
3.4375293254852295 400
3.4449145793914795 400
3.450821876525879 400
3.4572412967681885 400
3.463780641555786 400
3.46955943107605 400
3.476971387863159 400
3.4837486743927 400
3.4895548820495605 400
3.496062755584717 400
3.5017995834350586 400
3.5085599422454834 400
3.515101909637451 400
3.5209405422210693 400
3.5286853313446045 400
3.5350029468536377 400
3.5409066677093506 400
3.5475285053253174 400
3.5540802478790283 400
3.5599143505096436 400
3.566620349884033 400
3.572131633758545 400
3.5798544883728027 400
3.5865025520324707 400
3.5920310020446777 400
3.5988504886627197 400
3.6054351329803467 400
3.611173391342163 400
3.6240715980529785 400
3.6310174465179443 400
3.6376094818115234 400
3.6446619033813477 400
3.6504886150360107 400
3.657644271850586 400
3.664592742919922 400
3.670197010040283 400
3.678199052810669 400
3.684960126876831 400
3.6908040046691895 400
3.6972293853759766 400
3.703768253326416 400
3.713977098464966 400
3.7198119163513184 400
3.726714611053467 400
3.73417329788208 400
3.7399771213531494 400
3.746654748916626 400
3.752655267715454 400
3.7589669227600098 400
3.765404462814331 400
3.7711238861083984 400
3.777683973312378 400
3.7856054306030273 400
3.7913625240325928 400
3.7976560592651367 400
3.8041646480560303 400
3.8099746704101562 400
3.8166134357452393 400
3.8226399421691895 400
3.828953742980957 400
3.8362326622009277 400
3.841994047164917 400
3.8489954471588135 400
3.855473041534424 400
3.8612077236175537 400
3.867619276046753 400
3.8741369247436523 400
3.879992723464966 400
3.8873350620269775 400
3.893834352493286 400
3.8996124267578125 400
3.9065990447998047 400
3.9126577377319336 400
3.9189741611480713 400
3.9254610538482666 400
3.93204402923584 400
3.938866138458252 400
3.9451706409454346 400
3.951012372970581 400
3.957444667816162 400
3.964144468307495 400
3.9700093269348145 400
3.976613759994507 400
3.9839041233062744 400
3.9897007942199707 400
3.9962263107299805 400
4.00197958946228 400
4.008720636367798 400
4.015021085739136 400
4.020908355712891 400
4.027556896209717 400
4.035092115402222 400
4.040948152542114 400
4.0473833084106445 400
4.0539350509643555 400
4.059712171554565 400
4.066220998764038 400
4.071997404098511 400
4.078763961791992 400
4.086207151412964 400
4.091963768005371 400
4.098721504211426 400
4.105026960372925 400
4.115373849868774 400
4.121116876602173 400
4.12769341468811 400
4.134623289108276 400
4.141408205032349 400
4.147862672805786 400
4.1546266078948975 400
4.160244703292847 400
4.167134761810303 400
4.173650741577148 400
4.179418563842773 400
4.1869056224823 400
4.193454265594482 400
4.199235200881958 400
4.205899238586426 400
4.211653232574463 400
4.217926025390625 400
4.224722623825073 400
4.230562210083008 400
4.237785816192627 400
4.244629621505737 400
4.250213861465454 400
4.256866455078125 400
4.263666391372681 400
4.269422292709351 400
4.275914192199707 400
4.281646966934204 400
4.2892374992370605 400
4.295922756195068 400
4.301669359207153 400
4.308089256286621 400
4.314798355102539 400
4.320604085922241 400
4.327179193496704 400
4.333669900894165 400
4.340567588806152 400
4.346979856491089 400
4.353536128997803 400
4.359307765960693 400
4.365782022476196 400
4.371556520462036 400
4.377867937088013 400
4.384781122207642 400
4.391413450241089 400
4.397716999053955 400
4.404255390167236 400
4.410127639770508 400
4.41679310798645 400
4.4234654903411865 400
4.429256439208984 400
4.435735702514648 400
4.443472146987915 400
4.449308633804321 400
4.45586895942688 400
4.461629867553711 400
4.467926740646362 400
4.4746716022491455 400
4.480490207672119 400
4.486979007720947 400
4.494258165359497 400
4.500140428543091 400
4.506985664367676 400
4.517436504364014 400
4.524088144302368 400
4.529944658279419 400
4.536788702011108 400
4.544166088104248 400
4.549999475479126 400
4.5568153858184814 400
4.563477277755737 400
4.569269418716431 400
4.5757973194122314 400
4.581576824188232 400
4.587888479232788 400
4.595684766769409 400
4.601490259170532 400
4.60779070854187 400
4.615453720092773 400
4.62118935585022 400
4.627867221832275 400
4.634812593460083 400
4.640645265579224 400
4.647927761077881 400
4.654718637466431 400
4.661405801773071 400
4.66768479347229 400
4.674178123474121 400
4.680025100708008 400
4.6868736743927 400
4.6940295696258545 400
4.699916124343872 400
4.706613779067993 400
4.71264123916626 400
4.718938112258911 400
4.7254064083099365 400
4.73341178894043 400
4.739234209060669 400
4.746841669082642 400
4.753326177597046 400
4.7590930461883545 400
4.765617847442627 400
4.771405458450317 400
4.77770209312439 400
4.7841997146606445 400
4.790078639984131 400
4.797393083572388 400
4.804105043411255 400
4.809948444366455 400
4.816798210144043 400
4.82331109046936 400
4.829116344451904 400
4.8356428146362305 400
4.841388463973999 400
4.849051237106323 400
4.855614423751831 400
4.861353397369385 400
4.867807388305664 400
4.874614477157593 400
4.880216836929321 400
4.8869078159332275 400
4.893455982208252 400
4.900161981582642 400
4.90678334236145 400
4.91717529296875 400
4.923943758010864 400
4.929802179336548 400
4.936625003814697 400
4.942652463912964 400
4.95008397102356 400
4.956776142120361 400
4.963254451751709 400
4.96911358833313 400
4.975631952285767 400
4.981360673904419 400
4.987840414047241 400
4.994618892669678 400
5.0014050006866455 400
5.007699012756348 400
5.014203071594238 400
5.020076036453247 400
5.027295112609863 400
5.033841371536255 400
5.039581060409546 400
5.046512842178345 400
5.053802967071533 400
5.059587001800537 400
5.066083908081055 400
5.071852207183838 400
5.0788164138793945 400
5.085299730300903 400
5.091031074523926 400
5.0974345207214355 400
5.107737302780151 400
5.118169069290161 400
5.124880075454712 400
5.1307597160339355 400
5.137165546417236 400
5.143675088882446 400
5.14944052696228 400
5.156974792480469 400
5.163688898086548 400
5.16948676109314 400
5.1759865283966064 400
5.18782639503479 400
5.1946635246276855 400
5.2011189460754395 400
5.207747459411621 400
5.2146217823028564 400
5.220476150512695 400
5.227148532867432 400
5.233672380447388 400
5.239450454711914 400
5.246002197265625 400
5.253603219985962 400
5.259381055831909 400
5.265904664993286 400
5.271649360656738 400
5.27792763710022 400
5.284887313842773 400
5.290751218795776 400
5.297190189361572 400
5.304701566696167 400
5.315064430236816 400
5.3209264278411865 400
5.327568292617798 400
5.334642648696899 400
5.340487718582153 400
5.347175359725952 400
5.354673862457275 400
5.3605358600616455 400
5.367032527923584 400
5.373592138290405 400
5.379360198974609 400
5.385885238647461 400
5.391648054122925 400
5.397952079772949 400
5.405910015106201 400
5.411689043045044 400
5.4180943965911865 400
5.42481803894043 400
5.430630207061768 400
5.43700385093689 400
5.443514823913574 400
5.449297666549683 400
5.456905126571655 400
5.463657379150391 400
5.469416618347168 400
5.475939035415649 400
5.4817585945129395 400
5.48815131187439 400
5.494891881942749 400
5.500779390335083 400
5.507929563522339 400
5.51475191116333 400
5.520551681518555 400
5.527148962020874 400
5.5336620807647705 400
5.53945255279541 400
5.5459816455841064 400
5.551743745803833 400
5.559285402297974 400
5.565841913223267 400
5.571674823760986 400
5.578097581863403 400
5.585067510604858 400
5.590925216674805 400
5.59755277633667 400
5.604101181030273 400
5.611023664474487 400
5.61867094039917 400
5.625155925750732 400
5.630971908569336 400
5.637569427490234 400
5.644632816314697 400
5.650230646133423 400
5.658750772476196 400
5.665187835693359 400
5.671042203903198 400
5.677453994750977 400
5.6840221881866455 400
5.689852952957153 400
5.696247816085815 400
5.701995611190796 400
5.709849834442139 400
5.720050573348999 400
5.726973056793213 400
5.733704566955566 400
5.739514112472534 400
5.746179580688477 400
5.751936435699463 400
5.7587056159973145 400
5.7662353515625 400
5.772012233734131 400
5.778805494308472 400
5.785093069076538 400
5.795989990234375 400
5.801766395568848 400
5.8118813037872314 400
5.8186728954315186 400
5.8251965045928955 400
5.833837985992432 400
5.83962345123291 400
5.846154689788818 400
5.85493803024292 400
5.8616108894348145 400
5.868118047714233 400
5.874943256378174 400
5.8816797733306885 400
5.888672590255737 400
5.895146131515503 400
5.901002407073975 400
5.907651424407959 400
5.915184020996094 400
5.921021223068237 400
5.927462577819824 400
5.933976888656616 400
5.939851522445679 400
5.946655511856079 400
5.952646493911743 400
5.959619998931885 400
5.967045545578003 400
5.973594427108765 400
5.979367256164551 400
5.986059188842773 400
5.991804599761963 400
5.998558759689331 400
6.005089521408081 400
6.010939121246338 400
6.018600702285767 400
6.02908182144165 400
6.035653829574585 400
6.0414087772369385 400
6.047750473022461 400
6.054564714431763 400
6.060152292251587 400
6.0677924156188965 400
6.0745790004730225 400
6.080174684524536 400
6.086810827255249 400
6.093313694000244 400
6.099093198776245 400
6.105618953704834 400
6.111368894577026 400
6.123711109161377 400
6.129522323608398 400
6.13620400428772 400
6.14197850227356 400
6.148944616317749 400
6.1553990840911865 400
6.16113805770874 400
6.168789625167847 400
6.1750898361206055 400
6.180950880050659 400
6.18756365776062 400
6.194101810455322 400
6.199925422668457 400
6.206621408462524 400
6.212629556655884 400
6.219911336898804 400
6.226588487625122 400
6.2321155071258545 400
6.238971471786499 400
6.245769262313843 400
6.251546621322632 400
6.257854223251343 400
6.264661073684692 400
6.271233081817627 400
6.277679920196533 400
6.284501552581787 400
6.2900919914245605 400
6.29675817489624 400
6.303380250930786 400
6.309209823608398 400
6.315690517425537 400
6.323257923126221 400
6.329046249389648 400
6.335611820220947 400
6.341413497924805 400
6.347697496414185 400
6.354195594787598 400
6.360040664672852 400
6.366859674453735 400
6.374574184417725 400
6.3801352977752686 400
6.386800765991211 400
6.393317937850952 400
6.399108409881592 400
6.405638694763184 400
6.411375284194946 400
6.417679071426392 400
6.425424814224243 400
6.431140899658203 400
6.437559127807617 400
6.44407320022583 400
6.449917554855347 400
6.456616640090942 400
6.462130784988403 400
6.468995571136475 400
6.476574420928955 400
6.482097387313843 400
6.489075422286987 400
6.4955854415893555 400
6.501255512237549 400
6.507859945297241 400
6.518657207489014 400
6.526105880737305 400
6.531872272491455 400
6.538855314254761 400
6.545566558837891 400
6.551358222961426 400
6.557682991027832 400
6.564233064651489 400
6.5701072216033936 400
6.577434778213501 400
6.583932399749756 400
6.58969521522522 400
6.596167325973511 400
6.601916790008545 400
6.608872413635254 400
6.6151487827301025 400
6.621930360794067 400
6.629629611968994 400
6.63666033744812 400
6.6426544189453125 400
6.649132013320923 400
6.6565260887146 400
6.6620934009552 400
6.6690404415130615 400
6.676222801208496 400
6.682008266448975 400
6.688756227493286 400
6.695058584213257 400
6.700913906097412 400
6.707426309585571 400
6.713937759399414 400
6.719700336456299 400
6.727371454238892 400
6.733937740325928 400
6.739800453186035 400
6.746208190917969 400
6.751975059509277 400
6.758715391159058 400
6.765167713165283 400
6.7709972858428955 400
6.778658390045166 400
6.785169363021851 400
6.790988922119141 400
6.7973926067352295 400
6.8039350509643555 400
6.809799432754517 400
6.816197633743286 400
6.821983337402344 400
6.829570531845093 400
6.836050510406494 400
6.841792106628418 400
6.848716497421265 400
6.855031490325928 400
6.860922813415527 400
6.867370128631592 400
6.873878002166748 400
6.8808674812316895 400
6.887330055236816 400
6.893985986709595 400
6.899855852127075 400
6.906646728515625 400
6.913133144378662 400
6.923422813415527 400
6.930030107498169 400
6.936848402023315 400
6.943475008010864 400
6.9492409229278564 400
6.955732345581055 400
6.961487770080566 400
6.968117952346802 400
6.974823713302612 400
6.981537342071533 400
6.987817287445068 400
6.994588375091553 400
7.000170469284058 400
7.00679087638855 400
7.013320207595825 400
7.019085168838501 400
7.025803327560425 400
7.033292055130005 400
7.039086818695068 400
7.045609474182129 400
7.051401138305664 400
7.05771541595459 400
7.064230680465698 400
7.070059061050415 400
7.076660394668579 400
7.084045171737671 400
7.089884519577026 400
7.096588134765625 400
7.102100372314453 400
7.108964443206787 400
7.115407943725586 400
7.1211323738098145 400
7.127519369125366 400
7.135087728500366 400
7.140989780426025 400
7.147634744644165 400
7.1545586585998535 400
7.160160064697266 400
7.166808366775513 400
7.173336982727051 400
7.17913556098938 400
7.18770956993103 400
7.194555997848511 400
7.200169324874878 400
7.207010269165039 400
7.213570833206177 400
7.219352960586548 400
7.225920915603638 400
7.231691598892212 400
7.239170551300049 400
7.245668172836304 400
7.25143837928772 400
7.2577433586120605 400
7.264721632003784 400
7.270482540130615 400
7.276945114135742 400
7.284579277038574 400
7.290489912033081 400
7.296911001205444 400
7.303446531295776 400
7.309229373931885 400
7.315741539001465 400
7.326119899749756 400
7.331836223602295 400
7.3394691944122314 400
7.346129655838013 400
7.3518571853637695 400
7.358612060546875 400
7.3649938106536865 400
7.370899677276611 400
7.377358913421631 400
7.3840107917785645 400
7.3909642696380615 400
7.3974409103393555 400
7.403940200805664 400
7.409701347351074 400
7.416618585586548 400
7.422121286392212 400
7.428973197937012 400
7.435406684875488 400
7.442019701004028 400
7.449010133743286 400
7.455496549606323 400
7.461249828338623 400
7.467666387557983 400
7.4741644859313965 400
7.48003363609314 400
7.486639738082886 400
7.494000673294067 400
7.4998438358306885 400
7.513844728469849 400
7.521872043609619 400
7.528697490692139 400
7.543423414230347 400
7.54924464225769 400
7.55589747428894 400
7.561997175216675 400
7.5710883140563965 400
7.577496528625488 400
7.584806680679321 400
7.595727205276489 400
7.604830026626587 400
7.611604690551758 400
7.6181793212890625 400
7.627291917800903 400
7.634033203125 400
7.643675804138184 400
7.649450778961182 400
7.656891345977783 400
