00
0.0001876354217529297 -1
0.02307915687561035 0
0.03375244140625 2
0.04493212699890137 4
0.05370759963989258 7
0.05962681770324707 11
0.0712745189666748 16
0.08009719848632812 19
0.08690810203552246 24
0.09585714340209961 30
0.10504317283630371 39
0.11808371543884277 44
0.12920141220092773 54
0.13983511924743652 60
0.1488816738128662 67
0.15699076652526855 75
0.16706395149230957 84
0.17591190338134766 90
0.18479180335998535 95
0.19100689888000488 104
0.19972562789916992 109
0.20884227752685547 117
0.21630191802978516 124
0.2251906394958496 130
0.2339165210723877 138
0.23986172676086426 144
0.24894142150878906 152
0.2556607723236084 160
0.2643158435821533 165
0.2713947296142578 174
0.28017115592956543 180
0.2893695831298828 188
0.29610133171081543 196
0.30490756034851074 201
0.31357479095458984 210
0.3206775188446045 216
0.3293581008911133 227
0.33789563179016113 232
0.3450019359588623 238
0.3569810390472412 253
0.3671855926513672 262
0.3767130374908447 271
0.387462854385376 277
0.39412975311279297 286
0.4020535945892334 295
0.4120755195617676 301
0.4258596897125244 317
0.43622756004333496 327
0.44609856605529785 336
0.4571413993835449 342
0.46402907371520996 351
0.472003698348999 358
0.4800446033477783 368
0.49111032485961914 382
0.5063393115997314 392
0.5161027908325195 401
0.5258572101593018 408
0.5352349281311035 418
0.544748067855835 424
0.5540189743041992 433
0.5612618923187256 444
0.573643684387207 453
0.5822148323059082 459
0.5894427299499512 472
0.6018567085266113 478
0.6094076633453369 485
0.6174185276031494 494
0.626288652420044 504
0.6370031833648682 513
0.6458148956298828 518
0.6537191867828369 528
0.663855791091919 537
0.671865701675415 545
0.6813485622406006 554
0.6900992393493652 562
0.6989598274230957 569
0.705662727355957 576
0.7147209644317627 584
0.7233359813690186 590
0.7292635440826416 597
0.7360918521881104 605
0.7451949119567871 612
0.7538855075836182 620
0.7597744464874268 627
0.7708103656768799 634
0.7774186134338379 640
0.7842082977294922 650
0.7937803268432617 659
0.8035163879394531 664
0.8095200061798096 674
0.8180840015411377 689
0.8353397846221924 694
0.844951868057251 706
0.8522894382476807 713
0.861102819442749 724
0.8720352649688721 730
0.8791694641113281 737
0.8860025405883789 745
0.8950119018554688 754
0.9077460765838623 764
0.915071964263916 771
0.9238355159759521 780
0.9318602085113525 786
0.9388360977172852 795
0.9474835395812988 802
0.9562435150146484 808
0.9622020721435547 814
0.9716758728027344 822
0.9809615612030029 827
0.9890556335449219 832
0.9979612827301025 836
1.0071492195129395 838
1.013904333114624 840
1.0211293697357178 841
1.028022050857544 842
1.0372438430786133 842
1.044079065322876 842
1.050079584121704 841
1.0589852333068848 839
1.0659146308898926 837
1.0748546123504639 834
1.0820505619049072 832
1.0889244079589844 829
1.097383975982666 826
1.1040399074554443 822
1.1100740432739258 817
1.1189615726470947 810
1.1308929920196533 803
1.140033483505249 799
1.1470363140106201 792
1.1557433605194092 786
1.1648101806640625 782
1.170797348022461 776
1.1774725914001465 771
1.1844265460968018 765
1.1934525966644287 760
1.1993896961212158 754
1.2060582637786865 747
1.2149009704589844 742
1.2208445072174072 734
1.2312958240509033 727
1.2380897998809814 720
1.247443437576294 714
1.2543425559997559 709
1.2602951526641846 702
1.2693655490875244 695
1.276045799255371 688
1.284820556640625 683
1.2907888889312744 678
1.2973029613494873 669
1.3072509765625 660
1.3163185119628906 655
1.3221900463104248 650
1.329157829284668 643
1.335988998413086 636
1.3448176383972168 630
1.350764513015747 625
1.35794997215271 618
1.365067481994629 613
1.3710720539093018 606
1.3789503574371338 599
1.3856334686279297 594
1.3936753273010254 586
1.399611234664917 581
1.4063746929168701 576
1.4122917652130127 570
1.4192845821380615 563
1.426100730895996 558
1.4319753646850586 552
1.4388666152954102 546
1.4462831020355225 540
1.452150583267212 535
1.4591224193572998 528
1.4658434391021729 522
1.4717705249786377 517
1.4783406257629395 512
1.4853408336639404 506
1.4920728206634521 499
1.4990270137786865 492
1.5056018829345703 486
1.511579990386963 481
1.5179893970489502 476
1.5250535011291504 471
1.5310871601104736 463
1.5376918315887451 456
1.5457305908203125 451
1.5516135692596436 446
1.5580291748046875 438
1.565746545791626 433
1.571641206741333 428
1.5780525207519531 422
1.584951639175415 417
1.5909333229064941 410
1.5987558364868164 404
1.6055128574371338 399
1.6113488674163818 392
1.6179091930389404 386
1.6247942447662354 378
1.6352756023406982 372
1.6411972045898438 365
1.6490237712860107 358
1.6559131145477295 353
1.661797046661377 347
1.6688270568847656 342
1.6753098964691162 336
1.681278944015503 330
1.687793493270874 324
1.695584774017334 317
1.7015964984893799 312
1.708033800125122 306
1.7149224281311035 301
1.7208411693572998 294
1.727527379989624 288
1.7341864109039307 283
1.7401633262634277 276
1.7476997375488281 270
1.754856824874878 265
1.760829210281372 260
1.7673466205596924 254
1.7739927768707275 247
1.7801108360290527 242
1.7871415615081787 236
1.7938148975372314 229
1.8008251190185547 224
1.8073513507843018 218
1.8140110969543457 212
1.820009708404541 206
1.8268086910247803 200
1.8334541320800781 195
1.8393895626068115 188
1.8462097644805908 183
1.8539214134216309 176
1.8598294258117676 170
1.866795301437378 165
1.8733885288238525 160
1.879303216934204 152
1.8859975337982178 147
1.8919174671173096 140
1.8996191024780273 134
1.9067142009735107 129
1.913512945175171 124
1.919482946395874 116
1.9261536598205566 111
1.9320385456085205 106
1.938910722732544 100
1.9453251361846924 93
1.9521889686584473 88
1.9591639041900635 81
1.966003656387329 75
1.971850872039795 70
1.9787092208862305 64
1.9860076904296875 58
1.9920129776000977 52
1.9996132850646973 45
2.006286382675171 40
2.012160062789917 32
2.020418405532837 27
2.031106948852539 16
2.037848949432373 11
2.0450453758239746 4
2.051807403564453 -2
2.0588254928588867 -7
2.065272808074951 -12
2.0711872577667236 -20
2.077760934829712 -25
2.0848228931427 -30
2.0907607078552246 -36
2.0973289012908936 -43
2.1049768924713135 -48
2.1110873222351074 -54
2.117872476577759 -59
2.1248183250427246 -63
2.1308248043060303 -66
2.1374247074127197 -70
2.144242525100708 -73
2.1501851081848145 -76
2.1578147411346436 -78
2.1647191047668457 -80
2.1704232692718506 -80
2.1773393154144287 -81
2.183936595916748 -82
2.189804792404175 -81
2.19636869430542 -80
2.2041220664978027 -79
2.2100954055786133 -78
2.216859817504883 -76
2.2234482765197754 -74
2.229367971420288 -71
2.2359561920166016 -68
2.241793394088745 -65
2.2483322620391846 -61
2.2560250759124756 -58
2.2619073390960693 -54
2.268897294998169 -50
2.27533221244812 -46
2.281294345855713 -40
2.2878103256225586 -36
2.2946953773498535 -32
2.300400733947754 -26
2.3081178665161133 -21
2.315016746520996 -17
2.321017265319824 -10
2.327742338180542 -5
2.334381580352783 -1
2.3403711318969727 4
2.347119092941284 9
2.3537850379943848 16
2.360402822494507 21
2.3672258853912354 26
2.373880386352539 33
2.3797810077667236 38
2.386780023574829 44
2.3941187858581543 50
2.400099992752075 58
2.4078216552734375 63
2.4148850440979004 68
2.4208767414093018 75
2.427553176879883 84
2.4380693435668945 90
2.4452664852142334 95
2.4511959552764893 102
2.459275484085083 110
2.4660568237304688 115
2.471956253051758 121
2.4788362979888916 126
2.4852535724639893 132
2.4911954402923584 139
2.497809648513794 144
2.504855155944824 152
2.511685371398926 157
2.5180888175964355 163
2.5250062942504883 168
2.5310566425323486 176
2.5376226902008057 182
2.544238328933716 187
2.550203561782837 192
2.556941270828247 200
2.564845323562622 205
2.57076096534729 211
2.577268123626709 216
2.583878993988037 224
2.5897834300994873 230
2.596369504928589 235
2.602260112762451 240
2.609987735748291 248
2.6167900562286377 254
2.6235923767089844 259
2.629521131515503 266
2.636134386062622 272
2.641965866088867 278
2.6488871574401855 284
2.6552939414978027 291
2.6621224880218506 296
2.669052839279175 304
2.6756491661071777 309
2.681612968444824 315
2.6890978813171387 322
2.695891857147217 328
2.701772928237915 334
2.708296775817871 341
2.7160794734954834 347
2.7219507694244385 352
2.728811740875244 358
2.7417218685150146 371
2.7488131523132324 376
2.7552335262298584 382
2.762056350708008 390
2.7690184116363525 395
2.7756171226501465 402
2.7815890312194824 408
2.787977933883667 414
2.7948625087738037 419
2.8008065223693848 427
2.807497978210449 432
2.8151907920837402 438
2.8212151527404785 446
2.8279240131378174 455
2.8388419151306152 460
2.84555983543396 466
2.851516008377075 474
2.8582348823547363 481
2.866182804107666 486
2.8720552921295166 492
2.878974199295044 498
2.885552167892456 503
2.8913917541503906 511
2.8979623317718506 516
2.9048497676849365 522
2.910778284072876 529
2.9182286262512207 535
2.925204038619995 540
2.9311935901641846 548
2.937758207321167 554
2.9447362422943115 559
2.9506688117980957 565
2.9573493003845215 570
2.9640235900878906 578
2.971083879470825 585
2.9776813983917236 591
2.9847404956817627 598
2.9915707111358643 604
2.9979872703552246 610
3.004854917526245 615
3.010787010192871 623
3.018079996109009 628
3.025106906890869 634
3.031109571456909 641
3.037691116333008 647
3.0447208881378174 652
3.050705909729004 658
3.0572776794433594 664
3.0638978481292725 671
3.0708422660827637 677
3.0773682594299316 682
3.0841753482818604 690
3.0901241302490234 696
3.096889019012451 701
3.103651762008667 708
3.1095786094665527 714
3.1161787509918213 720
3.1238811016082764 727
3.1297807693481445 733
3.1364212036132812 738
3.1428048610687256 744
3.149249792098999 752
3.155885934829712 757
3.1617748737335205 763
3.169635534286499 770
3.176305055618286 776
3.1821560859680176 781
3.1891183853149414 789
3.1956593990325928 794
3.201596736907959 800
3.2080001831054688 806
3.2150607109069824 813
3.2219693660736084 819
3.2291312217712402 828
3.2394959926605225 836
3.2462947368621826 841
3.2521729469299316 847
3.259247303009033 854
3.2660224437713623 860
3.2737624645233154 867
3.279683828353882 873
3.2866711616516113 878
3.2933194637298584 884
3.2993392944335938 891
3.3060545921325684 896
3.312028408050537 900
3.3190066814422607 906
3.326765298843384 910
3.3333897590637207 913
3.339350461959839 916
3.3461999893188477 919
3.352045774459839 921
3.3589305877685547 922
3.3653621673583984 923
3.3722174167633057 924
3.3792150020599365 924
3.385847806930542 924
3.3917431831359863 924
3.399444341659546 923
3.406334400177002 921
3.4121925830841064 920
3.4193167686462402 917
3.4271061420440674 915
3.4338266849517822 912
3.4397428035736084 909
3.446387529373169 906
3.452299118041992 902
3.459291934967041 898
3.4660696983337402 894
3.471961736679077 889
3.479672431945801 885
3.4862921237945557 881
3.492173194885254 877
3.499155282974243 871
3.5058517456054688 867
3.511730194091797 862
3.518258810043335 856
3.5262093544006348 852
3.5320851802825928 847
3.539041519165039 841
3.5456199645996094 836
3.551589012145996 831
3.5579962730407715 826
3.564908504486084 821
3.570866823196411 814
3.5787134170532227 810
3.5855064392089844 804
3.5915489196777344 798
3.5980122089385986 793
3.6050729751586914 788
3.6110808849334717 781
3.6176717281341553 776
3.624332904815674 770
3.6313133239746094 760
3.6417622566223145 755
3.6489367485046387 748
3.655632257461548 743
3.66158390045166 738
3.668294906616211 732
3.675365686416626 725
3.682267904281616 720
3.689246892929077 713
3.6958975791931152 708
3.701800584793091 702
3.708843231201172 697
3.7152676582336426 692
3.721200942993164 685
3.7290775775909424 678
3.735978126525879 672
3.741889715194702 667
3.748739242553711 662
3.755195379257202 656
3.761199474334717 649
3.7679049968719482 644
3.7748098373413086 637
3.781707286834717 632
3.788289785385132 626
3.7951881885528564 621
3.801187753677368 614
3.807802438735962 608
3.8147056102752686 603
3.8207314014434814 598
3.827439069747925 590
3.8350002765655518 585
3.8410418033599854 578
3.8476598262786865 573
3.85433292388916 568
3.860276937484741 562
3.8672292232513428 557
3.8738625049591064 550
3.8809070587158203 542
3.887674331665039 537
3.8943846225738525 532
3.9003868103027344 526
3.907257318496704 521
3.913874387741089 514
3.9197864532470703 508
3.9263932704925537 503
3.93406081199646 496
3.9400634765625 491
3.9470205307006836 485
3.9536936283111572 478
3.9595963954925537 473
3.9662482738494873 468
3.9720959663391113 462
3.9790546894073486 455
3.987354040145874 450
3.9941933155059814 442
4.000183582305908 437
4.0071046352386475 432
4.013811826705933 425
4.019713401794434 419
4.026365756988525 414
4.0340752601623535 403
4.044662237167358 398
4.050656795501709 392
4.057388067245483 387
4.064297199249268 380
4.07131552696228 373
4.077877759933472 366
4.085779666900635 360
4.091634273529053 355
4.098076343536377 350
4.105015754699707 344
4.111035585403442 337
4.117652177810669 332
4.124738454818726 326
4.130675554275513 319
4.137920379638672 314
4.144840717315674 308
4.1507673263549805 303
4.15728759765625 298
4.163939952850342 291
4.169817209243774 285
4.176407814025879 280
4.182305097579956 273
4.190263986587524 268
4.197116851806641 262
4.203810691833496 255
4.209708213806152 250
4.216297388076782 244
4.222201824188232 239
4.229149103164673 232
4.236746788024902 226
4.243513584136963 221
4.249507904052734 214
4.256335973739624 209
4.26220965385437 203
4.269145250320435 196
4.2758965492248535 191
4.281819581985474 184
4.289569854736328 178
4.2961952686309814 173
4.302056074142456 168
4.309255123138428 160
4.315928220748901 155
4.3218019008636475 150
4.328321218490601 144
4.335227966308594 137
4.342108964920044 132
4.349094867706299 124
4.355828523635864 119
4.361717939376831 114
4.36882758140564 108
4.375252723693848 103
4.3812172412872314 96
4.3891990184783936 89
4.396088123321533 84
4.404016971588135 76
4.410027265548706 71
4.417001247406006 66
4.42400860786438 58
4.430049419403076 53
4.441289186477661 42
4.4480109214782715 37
4.455059051513672 32
4.461045265197754 24
4.467798709869385 19
4.474734306335449 14
4.480679273605347 8
4.4873738288879395 1
4.49502158164978 -4
4.501043319702148 -11
4.507666110992432 -17
4.514695882797241 -22
4.5204033851623535 -27
4.527178764343262 -33
4.533835172653198 -40
4.540921449661255 -47
4.547672748565674 -52
4.554378986358643 -58
4.560365200042725 -63
4.567184686660767 -68
4.573843717575073 -76
4.579756736755371 -81
4.586368799209595 -86
4.594095230102539 -94
4.600087642669678 -99
4.607051134109497 -104
4.613747596740723 -112
4.619720220565796 -117
4.626304626464844 -122
4.6321656703948975 -128
4.639197826385498 -134
4.64700722694397 -140
4.653795480728149 -146
4.65972900390625 -150
4.66676139831543 -154
4.673389911651611 -158
4.679314613342285 -162
4.685925722122192 -164
4.693667888641357 -168
4.699547290802002 -169
4.706166982650757 -170
4.7120137214660645 -172
4.718891859054565 -172
4.725549697875977 -172
4.731384515762329 -172
4.737925052642822 -171
4.747198104858398 -170
4.753850936889648 -168
4.759738206863403 -167
4.766326189041138 -165
4.772158622741699 -162
4.779257297515869 -159
4.786048650741577 -156
4.791938304901123 -152
4.799577236175537 -148
4.806168556213379 -144
4.812005043029785 -141
4.818890333175659 -136
4.825260639190674 -133
4.831200122833252 -127
4.837705850601196 -118
4.85077166557312 -114
4.857443809509277 -109
4.864250659942627 -103
4.870219707489014 -98
4.877182960510254 -93
4.883889675140381 -85
4.894160509109497 -72
4.909193754196167 -65
4.915851354598999 -60
4.921776056289673 -53
4.930696725845337 -48
4.93724250793457 -42
4.943858623504639 -33
4.952186346054077 -21
4.967397451400757 -16
4.9741950035095215 -7
4.9817023277282715 -1
4.98948073387146 6
4.996142625808716 11
5.003870964050293 18
5.009747505187988 24
5.016357183456421 30
5.0222015380859375 35
5.029253005981445 42
5.042102575302124 55
5.050093173980713 60
5.057022333145142 66
5.063892364501953 73
5.069779872894287 79
5.076358079910278 84
5.082196950912476 90
5.089288711547852 97
5.095895051956177 103
5.103527545928955 108
5.109421730041504 116
5.116065502166748 121
5.121961355209351 127
5.128825426101685 132
5.135235071182251 138
5.141190528869629 145
5.14794135093689 152
5.155962944030762 158
5.161813020706177 164
5.1688337326049805 170
5.17527174949646 175
5.1811842918396 182
5.187710762023926 188
5.194328784942627 194
5.201202392578125 201
5.207946300506592 206
5.2148213386535645 212
5.220773935317993 218
5.227258205413818 223
5.233871221542358 234
5.25088095664978 247
5.258870601654053 255
5.265639305114746 260
5.271580696105957 266
5.277949094772339 272
5.28485369682312 277
5.290812253952026 284
5.297495365142822 290
5.305123329162598 296
5.3111443519592285 303
5.317707777023315 309
5.324738264083862 314
5.330669641494751 320
5.337209701538086 325
5.343878507614136 333
5.349764108657837 342
5.361151695251465 350
5.367839813232422 355
5.374730825424194 360
5.380418062210083 366
5.38735556602478 372
5.393956184387207 379
5.401029825210571 387
5.4088850021362305 392
5.415639400482178 400
5.421585321426392 405
5.428778171539307 411
5.435253143310547 416
5.441208839416504 424
5.447901248931885 430
5.454792499542236 437
5.461691856384277 442
5.46806263923645 448
5.474936008453369 454
5.480834245681763 459
5.487361192703247 465
5.494006872177124 472
5.5000317096710205 480
5.507800817489624 486
5.514752388000488 491
5.520678758621216 496
5.52720046043396 502
5.533866882324219 510
5.539766550064087 515
5.5463666915893555 521
5.552253484725952 528
5.560282230377197 534
5.567255020141602 539
5.573920011520386 547
5.579784631729126 552
5.586343765258789 558
5.592177391052246 564
5.5991291999816895 571
5.605762958526611 576
5.613414764404297 582
5.619328498840332 590
5.62611722946167 595
5.631990432739258 601
5.638856649398804 610
5.649297475814819 618
5.6561315059661865 623
5.664008617401123 630
5.670004606246948 636
5.676937103271484 642
5.683765172958374 649
5.689672470092773 655
5.6962730884552 660
5.702122926712036 666
5.709089994430542 673
5.7168354988098145 679
5.72343373298645 684
5.729365110397339 692
5.7360148429870605 698
5.741894960403442 703
5.748944044113159 709
5.755314826965332 716
5.762114763259888 722
5.7690749168396 729
5.7757408618927 735
5.781569480895996 740
5.787986516952515 746
5.794826984405518 752
5.800777435302734 757
5.807456970214844 765
5.815216302871704 770
5.821179389953613 778
5.827690362930298 783
5.834334850311279 789
5.840263366699219 794
5.847031593322754 800
5.85371208190918 808
5.859593868255615 815
5.8674702644348145 820
5.874130725860596 826
5.880072116851807 832
5.886868000030518 837
5.893497943878174 843
5.899381637573242 850
5.906048536300659 856
5.9136316776275635 863
5.919658660888672 869
5.926412105560303 874
5.932304382324219 880
5.939250707626343 888
5.946064233779907 893
5.951993465423584 899
5.958853483200073 906
5.9662024974823 912
5.972038984298706 917
5.978932619094849 925
5.9863362312316895 930
5.992204427719116 936
5.999136209487915 943
6.005849838256836 949
6.01170539855957 954
6.01940393447876 962
6.0260443687438965 968
6.031935214996338 973
6.03881311416626 982
6.048340082168579 990
6.05631160736084 995
6.0627992153167725 1002
6.070217132568359 1006
6.07728123664856 1010
6.0839316844940186 1015
6.089849948883057 1018
6.096740245819092 1021
6.103548288345337 1023
6.1095216274261475 1025
6.117246150970459 1026
6.123952865600586 1028
6.129863500595093 1028
6.136761426925659 1028
6.143355131149292 1028
6.1493308544158936 1027
6.156034469604492 1026
6.161948204040527 1024
6.169879913330078 1022
6.176791429519653 1020
6.18340539932251 1018
6.18932843208313 1014
6.195965051651001 1012
6.2018373012542725 1008
6.20892858505249 1005
6.215339660644531 1000
6.222232341766357 997
6.229310989379883 992
6.235988140106201 988
6.241828680038452 984
6.248737573623657 979
6.2552690505981445 975
6.261213302612305 969
6.26902174949646 963
6.275611400604248 958
6.281583547592163 954
6.288259267807007 949
6.295133829116821 944
6.301166772842407 938
6.307678937911987 933
6.314330101013184 928
6.321251630783081 922
6.327832221984863 916
6.334920167922974 912
6.340890407562256 905
6.34762716293335 900
6.354267358779907 894
6.360941410064697 888
6.3675031661987305 882
6.375225305557251 878
6.381201267242432 870
6.387787342071533 865
6.394727945327759 858
6.401613235473633 853
6.408758640289307 848
6.415469646453857 841
6.422185897827148 836
6.429281711578369 829
6.435948610305786 824
6.4418253898620605 815
6.452023983001709 810
6.45911717414856 802
6.466096878051758 797
6.473813533782959 790
6.479779005050659 785
6.486376523971558 780
6.492798805236816 774
6.4992711544036865 767
6.505985736846924 762
6.5118327140808105 756
6.518367528915405 749
6.526398420333862 744
6.532301664352417 739
6.539275169372559 732
6.545906066894531 726
6.551806449890137 721
6.5583107471466064 716
6.565164804458618 710
6.5711681842803955 703
6.57905125617981 696
6.586290597915649 690
6.592153310775757 685
6.5992515087127686 678
6.606003999710083 673
6.611853837966919 668
6.618717193603516 660
6.626068115234375 655
6.631943225860596 650
6.6387834548950195 644
6.645539999008179 639
6.651376724243164 632
6.657930374145508 626
6.664849042892456 621
6.670777320861816 614
6.678068399429321 608
6.685016632080078 603
6.691071271896362 596
6.697658061981201 590
6.704418182373047 585
6.710363149642944 580
6.717173337936401 574
6.724060297012329 568
6.731010437011719 560
6.737576961517334 555
6.744182586669922 550
6.750184059143066 544
6.756940126419067 539
6.76375675201416 532
6.769646883010864 526
6.777359962463379 521
6.7840235233306885 514
6.790010213851929 508
6.797110319137573 503
6.803797245025635 496
6.809739589691162 491
6.8166913986206055 485
6.822840929031372 478
6.830320596694946 473
6.837141990661621 468
6.843832492828369 458
6.854300022125244 452
6.860244274139404 446
6.867243051528931 441
6.874012470245361 434
6.88113260269165 426
6.88785457611084 421
6.894791603088379 416
6.900734186172485 410
6.907251358032227 405
6.913861274719238 398
6.9198317527771 392
6.926727056503296 385
6.934172868728638 380
6.940139532089233 375
6.947082757949829 369
6.953808546066284 362
6.9596662521362305 357
6.966268301010132 352
6.972099304199219 346
6.97979998588562 337
6.987580299377441 332
6.994190692901611 326
7.000139474868774 321
7.007129907608032 316
7.01383376121521 308
7.019810438156128 303
7.026393890380859 296
7.034144401550293 291
7.040137767791748 285
7.046897888183594 280
7.0535173416137695 274
7.059443235397339 268
7.066241025924683 262
7.072126150131226 257
7.079033136367798 250
7.086380481719971 244
7.092815399169922 239
7.099250793457031 232
7.105888843536377 226
7.111885070800781 221
7.1189188957214355 214
7.125624418258667 208
7.132240533828735 203
7.139234304428101 196
7.145893573760986 190
7.1518237590789795 185
7.158365249633789 180
7.165191173553467 174
7.171180486679077 167
7.177715301513672 160
7.185890436172485 155
7.191799163818359 150
7.198362112045288 144
7.20517373085022 139
7.211223363876343 132
7.217739105224609 126
7.224400758743286 121
7.230398178100586 114
7.238081932067871 108
7.245251417160034 98
7.2571938037872314 92
7.264043807983398 85
7.270023345947266 80
7.276994228363037 74
7.284666061401367 67
7.290658712387085 62
7.297212839126587 56
7.304023742675781 50
7.310013294219971 44
7.316811800003052 39
7.3234758377075195 33
7.329421043395996 26
7.337106704711914 21
7.343789577484131 14
7.349687099456787 8
7.356279134750366 3
7.3621251583099365 -2
7.369258642196655 -10
7.376067161560059 -15
7.382010221481323 -22
7.389756202697754 -28
7.39637303352356 -33
7.402271747589111 -38
7.409264802932739 -45
7.416977167129517 -51
7.423946380615234 -58
7.429964542388916 -65
7.437757253646851 -70
7.444817543029785 -76
7.450769901275635 -81
7.457317590713501 -86
7.463963508605957 -94
7.469873905181885 -99
7.476763010025024 -104
7.483534336090088 -112
7.490344762802124 -117
7.497192144393921 -122
7.504033327102661 -129
7.510009050369263 -135
7.516812086105347 -140
7.523464918136597 -145
7.52938437461853 -152
7.536064147949219 -158
7.543888807296753 -165
7.549781560897827 -170
7.556715250015259 -176
7.563311338424683 -181
7.569260597229004 -188
7.575881719589233 -194
7.581932783126831 -201
7.589631795883179 -206
7.596243858337402 -212
7.602104187011719 -217
7.60929274559021 -224
7.61590838432312 -230
7.621788740158081 -235
7.628732442855835 -240
7.635481595993042 -247
7.642849445343018 -258
7.654712915420532 -262
7.660712718963623 -267
7.667536973953247 -271
7.674314260482788 -274
7.680248260498047 -277
7.687011003494263 -280
7.694741725921631 -282
7.70068621635437 -284
7.707205772399902 -284
7.713872671127319 -286
7.719756841659546 -286
7.726789712905884 -286
7.733353137969971 -285
7.7463788986206055 -282
7.753313064575195 -281
7.759257555007935 -278
7.7660534381866455 -276
7.7719480991363525 -273
7.7789037227630615 -269
7.7856125831604 -266
7.7928526401519775 -263
7.799247980117798 -258
7.805906772613525 -254
7.811807632446289 -250
7.818294048309326 -246
7.825133323669434 -242
7.831117153167725 -236
7.837695121765137 -232
7.8455750942230225 -227
7.851516008377075 -221
7.85798716545105 -216
7.864886283874512 -212
7.870785474777222 -207
7.87727689743042 -202
7.883891820907593 -195
7.889785528182983 -188
7.897592067718506 -184
7.904353380203247 -178
7.910330772399902 -173
7.917139768600464 -168
7.923859357833862 -161
7.929767370223999 -156
7.93635630607605 -151
7.942190885543823 -144
7.9499852657318115 -138
7.956804037094116 -133
7.963561534881592 -128
7.969509840011597 -120
7.9761643409729 -115
7.9820876121521 -108
7.989656686782837 -102
7.997290372848511 -97
8.003921508789062 -90
8.00986123085022 -84
8.016725778579712 -79
8.02285647392273 -74
8.029441833496094 -66
8.036057472229004 -61
8.041960716247559 -52
8.054133415222168 -44
8.060224294662476 -38
8.067193508148193 -33
8.074023008346558 -26
8.080003261566162 -20
8.087058067321777 -15
8.093793630599976 -7
8.100809097290039 -2
8.107302904129028 4
8.113879680633545 11
8.119765758514404 17
8.126359462738037 22
8.132198810577393 28
8.139189004898071 35
8.146019220352173 41
8.153940439224243 48
8.159826278686523 54
8.166418313980103 59
8.172795057296753 65
8.179271936416626 72
8.185866355895996 78
8.191739797592163 84
8.199365854263306 91
8.206198453903198 96
8.212080240249634 102
8.218919515609741 108
8.22532606124878 113
8.231345415115356 121
8.237881898880005 126
8.244771718978882 132
8.251415967941284 139
8.257951736450195 145
8.265036582946777 150
8.271098613739014 158
8.277681350708008 164
8.284731388092041 169
8.290654182434082 174
8.297258138656616 182
8.30493712425232 188
8.310835599899292 193
8.317334651947021 199
8.32413911819458 206
8.330106735229492 212
8.336894035339355 217
8.343512535095215 223
8.349395275115967 230
8.356972932815552 236
8.363619327545166 242
8.369520425796509 249
8.376160144805908 254
8.382034301757812 260
8.389138460159302 268
8.395992279052734 273
8.403455018997192 279
8.409361362457275 286
8.417107820510864 292
8.423911809921265 299
8.429788589477539 305
8.436799049377441 310
8.443709135055542 318
8.453327894210815 329
8.461600303649902 335
8.468302965164185 340
8.475271224975586 346
8.48118782043457 353
8.487850427627563 359
8.494731426239014 364
8.500651836395264 372
8.508083581924438 378
8.51499342918396 383
8.520954847335815 390
8.52754545211792 396
8.534147262573242 402
8.540070295333862 407
8.547021627426147 413
8.55440640449524 420
8.560403108596802 426
8.56738018989563 432
8.57401442527771 439
8.580045938491821 444
8.58681583404541 450
8.593435287475586 456
8.599380254745483 463
8.607035875320435 469
8.613773822784424 476
8.619622468948364 482
8.626365661621094 487
8.632244348526001 493
8.639235734939575 500
8.645864248275757 506
8.651721239089966 512
8.65928339958191 519
8.66592526435852 525
8.671797275543213 530
8.678783655166626 536
8.685343503952026 542
8.691311836242676 549
8.697855234146118 554
8.704786539077759 562
8.711655378341675 568
8.718045473098755 573
8.724945068359375 578
8.730870723724365 584
8.737444877624512 590
8.744255065917969 597
8.750219106674194 605
8.757818937301636 610
8.764727592468262 616
8.770400762557983 622
8.777208805084229 627
8.78386402130127 634
8.78974962234497 640
8.796786069869995 646
8.803573608398438 653
8.810696840286255 659
8.81724739074707 664
8.823863983154297 672
8.82974100112915 677
8.836354732513428 683
8.842212915420532 688
8.849141597747803 700
8.860365390777588 705
8.867453575134277 711
8.874265432357788 718
8.880235433578491 724
8.887149333953857 730
8.893858909606934 737
8.899753093719482 742
8.906360626220703 748
8.91400933265686 756
8.919977903366089 761
8.926989555358887 767
8.933806896209717 774
8.939691305160522 780
8.946263790130615 786
8.952108383178711 791
8.959126472473145 798
8.96681833267212 804
8.973385334014893 810
8.979330778121948 817
8.987076997756958 823
8.993767023086548 830
8.999642610549927 836
9.006272315979004 841
9.013931274414062 849
9.01979684829712 854
9.026389837265015 860
9.032276391983032 866
9.039257049560547 873
9.046058177947998 879
9.051942825317383 884
9.058820962905884 892
9.066301345825195 897
9.072190284729004 903
9.079149961471558 910
9.086658716201782 916
9.09333348274231 922
9.09928560256958 929
9.10607385635376 934
9.113735914230347 942
9.119608163833618 948
9.126215934753418 953
9.132065773010254 959
9.13892126083374 964
9.145325899124146 970
9.151289701461792 978
9.157792329788208 985
9.165809631347656 990
9.17166018486023 996
9.178043842315674 1002
9.184940099716187 1007
9.190870761871338 1014
9.197548389434814 1020
9.204192161560059 1026
9.21014928817749 1033
9.217602729797363 1039
9.224417686462402 1044
9.230409145355225 1050
9.23720383644104 1056
9.243882179260254 1063
9.249773025512695 1072
9.260014772415161 1080
9.267735719680786 1086
9.274783849716187 1091
9.2806875705719 1098
9.287497520446777 1104
9.294178485870361 1110
9.300205707550049 1115
9.307090997695923 1120
9.313828229904175 1125
9.320736408233643 1129
9.327467679977417 1134
9.334139585494995 1136
9.340107917785645 1139
9.347079277038574 1141
9.353768825531006 1143
9.359658241271973 1144
9.367363452911377 1145
9.374067306518555 1146
9.380057334899902 1146
9.386868476867676 1145
9.393488645553589 1144
9.399401426315308 1143
9.406198501586914 1142
9.412082195281982 1139
9.421046495437622 1136
9.42781949043274 1134
9.434895038604736 1131
9.440861463546753 1127
9.447561979293823 1124
9.454389572143555 1120
9.460383653640747 1116
9.468300342559814 1111
9.475173473358154 1108
9.481184720993042 1102
9.487724304199219 1098
9.494388341903687 1094
9.500409126281738 1089
9.507203340530396 1085
9.513862133026123 1079
9.52094030380249 1072
9.52769947052002 1068
9.5343337059021 1063
9.540299892425537 1058
9.547155618667603 1053
9.553862810134888 1047
9.559771537780762 1042
9.566388368606567 1037
9.57407283782959 1030
9.580059051513672 1025
9.587076425552368 1020
9.593770980834961 1014
9.599658012390137 1008
9.606268882751465 1003
9.612188577651978 998
9.619981527328491 991
9.626884937286377 986
9.633536338806152 981
9.639459609985352 974
9.646301031112671 969
9.652191877365112 960
9.663557767868042 953
9.66953444480896 948
9.677347183227539 942
9.684144496917725 936
9.690116167068481 930
9.697054862976074 925
9.703908443450928 918
9.709802389144897 912
9.716841220855713 906
9.724188089370728 900
9.730135440826416 895
9.736881732940674 890
9.74352240562439 882
9.750953674316406 876
9.757522583007812 870
9.764331102371216 865
9.770308256149292 858
9.777769804000854 852
9.78471302986145 847
9.790669202804565 842
9.797227382659912 836
9.803898811340332 829
9.809785604476929 824
9.816721200942993 818
9.824227333068848 812
9.83025074005127 806
9.837070226669312 801
9.843979358673096 794
9.849985599517822 788
9.856807708740234 783
9.863410472869873 778
9.869393348693848 770
9.877117156982422 765
9.883998394012451 758
9.889981508255005 752
9.896815776824951 747
9.903427124023438 742
9.909356832504272 735
9.916010618209839 729
9.92191767692566 724
9.929527997970581 717
9.93619441986084 712
9.942058086395264 706
9.949185371398926 699
9.955921411514282 694
9.96180510520935 688
9.968348026275635 683
9.976293087005615 676
9.982205629348755 669
9.989809274673462 663
9.996409177780151 658
10.002295732498169 652
10.009394645690918 646
10.01608395576477 640
10.021958351135254 633
10.029701471328735 628
10.036287069320679 622
10.042195796966553 617
10.04914665222168 610
10.055870532989502 601
10.0669527053833 596
10.073798894882202 588
10.080826759338379 581
10.087547540664673 576
10.09436297416687 570
10.100343465805054 565
10.10730791091919 560
10.113950729370117 552
10.120017528533936 547
10.127022743225098 540
10.13473892211914 535
10.140701532363892 529
10.14724850654602 524
10.153880596160889 517
10.159809589385986 512
10.166760444641113 506
10.173372745513916 499
10.180150747299194 494
10.187121629714966 488
10.19382381439209 481
10.199728965759277 476
10.206328392028809 470
10.212218284606934 465
10.225579500198364 452
10.233546257019043 447
10.239498138427734 440
10.24634051322937 435
10.252204895019531 429
10.2591872215271 422
10.26586103439331 417
10.271773099899292 412
10.278333902359009 404
10.286205530166626 399
10.292062044143677 394
10.2989821434021 386
10.305796146392822 381
10.311654806137085 376
10.318286657333374 370
10.325114488601685 365
10.33200979232788 358
10.338905811309814 352
10.34532618522644 347
10.351312398910522 338
10.361282587051392 331
10.36801266670227 326
10.374855995178223 320
10.3808012008667 313
10.388115882873535 308
10.395024299621582 302
10.401095867156982 295
10.407682657241821 290
10.414350509643555 284
10.421360969543457 278
10.428294897079468 270
10.436209917068481 265
10.4420804977417 260
10.449211597442627 252
10.45588994026184 244
10.46627402305603 238
10.472184419631958 233
10.479290008544922 226
10.487188577651978 220
10.494046211242676 213
10.500077962875366 208
10.506871223449707 202
10.513513565063477 197
10.519410610198975 190
10.52610182762146 184
10.531995058059692 177
10.539761781692505 172
10.546842098236084 166
10.55347228050232 161
10.559403419494629 154
10.566069841384888 149
10.571958065032959 143
10.57886791229248 138
10.586259603500366 131
10.592180490493774 126
10.5991370677948 118
10.606006622314453 113
10.61194634437561 108
10.618843793869019 102
10.62558364868164 97
10.6315598487854 90
10.639256477355957 82
10.645886659622192 77
10.651796102523804 72
10.65833592414856 66
10.66531252861023 61
10.671291589736938 54
10.677807807922363 48
10.684686422348022 43
10.691354990005493 36
10.697931051254272 30
10.70482325553894 26
10.710763692855835 13
10.724749088287354 8
10.730687379837036 2
10.73796558380127 -5
10.744933843612671 -10
10.750923156738281 -18
10.757671356201172 -23
10.764285564422607 -28
10.770219326019287 -34
10.776976346969604 -39
10.783886671066284 -46
10.790965795516968 -53
10.797510147094727 -59
10.804161787033081 -64
10.81013011932373 -69
10.816855669021606 -74
10.823493719100952 -80
10.829426527023315 -87
10.836098909378052 -92
10.843988418579102 -100
10.850002527236938 -105
10.85680890083313 -114
10.867244720458984 -119
10.874064445495605 -126
10.880075693130493 -132
10.887195587158203 -139
10.89512300491333 -144
10.901135683059692 -152
10.90788459777832 -157
10.914757251739502 -162
10.920776844024658 -168
10.927284479141235 -173
10.933940887451172 -180
10.939876317977905 -187
10.947596311569214 -193
10.95439887046814 -198
10.960376977920532 -203
10.967355966567993 -208
10.973987102508545 -216
10.980029344558716 -223
10.987521171569824 -228
10.995264291763306 -234
11.001224040985107 -241
11.007827520370483 -246
11.014933586120605 -251
11.021021366119385 -258
11.027777433395386 -264
11.034708023071289 -269
11.040659427642822 -276
11.048023223876953 -282
11.054888486862183 -287
11.060884237289429 -294
11.067488670349121 -300
11.074150085449219 -305
11.080111026763916 -310
11.087099075317383 -316
11.094848871231079 -323
11.100823879241943 -328
11.107372522354126 -334
11.114032506942749 -341
11.120065212249756 -346
11.126859426498413 -352
11.13355827331543 -357
11.139482975006104 -364
11.147464990615845 -371
11.154200315475464 -376
11.160246133804321 -381
11.167082071304321 -385
11.17384386062622 -390
11.179744958877563 -393
11.186342716217041 -396
11.192191362380981 -399
11.199987411499023 -401
11.2069730758667 -403
11.213679552078247 -404
11.219566583633423 -405
11.22618055343628 -405
11.232063055038452 -405
11.238970518112183 -405
11.245336771011353 -404
11.252122402191162 -402
11.259083986282349 -399
11.270725965499878 -396
11.277514696121216 -393
11.28431749343872 -390
11.290239810943604 -387
11.297982454299927 -382
11.304898500442505 -379
11.310824155807495 -375
11.317320346832275 -371
11.324156284332275 -366
11.330107688903809 -362
11.336876630783081 -358
11.343509912490845 -352
11.350399494171143 -347
11.35721206665039 -342
11.363870859146118 -336
11.369768857955933 -332
11.376732587814331 -326
11.38352656364441 -322
11.389456748962402 -315
11.396082639694214 -310
11.403987884521484 -303
11.410024404525757 -298
11.416812181472778 -291
11.424421787261963 -286
11.430403232574463 -281
11.437352895736694 -276
11.444249391555786 -269
11.45125150680542 -262
11.457767248153687 -256
11.464414358139038 -251
11.470393419265747 -246
11.477195739746094 -240
11.483864545822144 -233
11.489774227142334 -228
11.496381759643555 -220
11.504331111907959 -215
11.510283708572388 -210
11.517075061798096 -204
11.523788452148438 -197
11.529701232910156 -191
11.536731719970703 -186
11.543338775634766 -180
11.549304962158203 -173
11.556974649429321 -168
11.563829898834229 -160
11.569754600524902 -155
11.576408386230469 -149
11.58281421661377 -144
11.589283227920532 -136
11.595915794372559 -129
11.604312419891357 -124
11.610257625579834 -118
11.617008209228516 -112
11.623888492584229 -105
11.62987232208252 -99
11.636753559112549 -94
11.643352508544922 -88
11.649269342422485 -81
11.656845092773438 -75
11.666066884994507 -64
11.674918174743652 -59
11.680836200714111 -51
11.687608003616333 -46
11.694411516189575 -40
11.700374126434326 -32
11.707898616790771 -27
11.71480917930603 -22
11.7207772731781 -16
11.727267265319824 -10
11.73386526107788 -3
11.739738941192627 3
11.74675965309143 8
11.752845525741577 16
11.760085582733154 21
11.76685905456543 27
11.77349066734314 32
11.779388427734375 40
11.786040306091309 46
11.791921138763428 51
11.798943042755127 58
11.806410551071167 64
11.812795877456665 70
11.819260358810425 77
11.825986385345459 83
11.831876277923584 88
11.839022636413574 94
11.84557557106018 99
11.851406574249268 107
11.859273433685303 114
11.866092443466187 120
11.871974229812622 126
11.878868103027344 131
11.885288000106812 137
11.891310930252075 144
11.897819995880127 150
11.90470290184021 157
11.911589860916138 163
11.918034791946411 168
11.925105333328247 174
11.931089639663696 181
11.937666177749634 187
11.944270849227905 192
11.950305461883545 198
11.957836389541626 206
11.964784860610962 211
11.970714092254639 217
11.977247953414917 222
11.984029054641724 230
11.990965843200684 237
11.99754810333252 243
12.004178524017334 248
12.01123857498169 256
12.017755031585693 262
12.024690628051758 267
12.030412673950195 272
12.037224292755127 278
12.044061422348022 286
12.050052165985107 291
12.05699348449707 298
12.067273139953613 308
12.075046300888062 313
12.081040620803833 321
12.087778091430664 326
12.094875812530518 332
12.1007821559906 338
12.107449293136597 345
12.115218877792358 350
12.121194839477539 358
12.127709865570068 364
12.134325981140137 369
12.140285968780518 375
12.147083282470703 380
12.153761863708496 388
12.159620523452759 394
12.167396306991577 399
12.174028158187866 406
12.180024147033691 412
12.18696904182434 418
12.193633556365967 425
12.199554681777954 431
12.206202268600464 436
12.213743209838867 444
12.219618082046509 451
12.227757215499878 457
12.234736204147339 462
12.240423202514648 468
12.247192859649658 474
12.253880977630615 481
12.259769678115845 486
12.26734447479248 492
12.273969650268555 500
12.279863595962524 505
12.28688359260559 511
12.293535709381104 516
12.29947566986084 524
12.306100606918335 529
12.311991691589355 537
12.319797992706299 542
12.326405048370361 548
12.33227825164795 554
12.339237689971924 561
12.346062421798706 567
12.351979732513428 572
12.358858823776245 580
12.366235256195068 585
12.372095108032227 591
12.379043102264404 596
12.385586261749268 602
12.3915274143219 609
12.397987365722656 615
12.405046939849854 620
12.411089420318604 630
12.419592142105103 636
12.426373720169067 641
12.432228803634644 646
12.439341068267822 654
12.446231365203857 660
12.45209002494812 665
12.458940982818604 673
12.469334363937378 682
12.477118492126465 688
12.483956575393677 695
12.489875078201294 700
12.496894836425781 706
12.503502607345581 712
12.50939679145813 719
12.517045736312866 725
12.524012088775635 732
12.530020952224731 738
12.536806106567383 743
12.543384313583374 749
12.54933214187622 756
12.55595064163208 762
12.561809301376343 770
12.569545269012451 775
12.576375484466553 781
12.582273960113525 786
12.589378833770752 794
12.596014499664307 799
12.601907014846802 805
12.608799934387207 810
12.615320682525635 818
12.628730535507202 829
12.635261297225952 835
12.641199827194214 842
12.647912502288818 848
12.654821634292603 853
12.660814762115479 859
12.66732907295227 866
12.674946069717407 872
12.680858850479126 878
12.687447309494019 885
12.694112062454224 890
12.700063228607178 896
12.707061767578125 902
12.71375584602356 909
12.72077465057373 915
12.727318525314331 920
12.733908891677856 928
12.739820957183838 933
12.746660470962524 939
12.753309965133667 944
12.759273767471313 952
12.766067504882812 958
12.773711204528809 965
12.779617547988892 970
12.786197185516357 976
12.792044401168823 982
12.79892086982727 988
12.805330276489258 993
12.81131625175476 1000
12.817840814590454 1008
12.82591462135315 1013
12.831878662109375 1019
12.838908672332764 1024
12.845304727554321 1030
12.851290464401245 1038
12.85781478881836 1043
12.864750385284424 1054
12.87617802619934 1060
12.882039070129395 1066
12.889256238937378 1073
12.896072626113892 1078
12.901963710784912 1084
12.909030437469482 1092
12.915625095367432 1097
12.92163896560669 1102
12.92924189567566 1110
12.935897827148438 1116
12.941828727722168 1121
12.948917627334595 1127
12.955331802368164 1132
12.961326599121094 1140
12.968009233474731 1147
12.975853681564331 1153
12.981776237487793 1158
12.989390134811401 1166
12.99604606628418 1172
13.00193166732788 1177
13.009014129638672 1183
13.015555143356323 1188
13.021526336669922 1196
13.029125928878784 1203
13.035845518112183 1209
13.04174518585205 1214
13.048289060592651 1220
13.055145025253296 1226
13.061204195022583 1233
13.067953824996948 1238
13.074965476989746 1244
13.081901788711548 1248
13.088806629180908 1252
13.095559120178223 1256
13.101552486419678 1260
13.107994556427002 1262
13.114919185638428 1264
13.120941638946533 1266
13.128922462463379 1268
13.13534688949585 1268
13.141321420669556 1269
13.147855281829834 1268
13.15476942062378 1268
13.160677671432495 1267
13.167255163192749 1266
13.173935651779175 1264
13.181049823760986 1261
13.187814235687256 1258
13.194704294204712 1256
13.200678586959839 1253
13.20726227760315 1250
13.213916063308716 1246
13.219853162765503 1242
13.226899147033691 1238
13.234755516052246 1234
13.240716218948364 1230
13.24741792678833 1226
13.254095554351807 1220
13.260082721710205 1216
13.266880512237549 1207
13.277899742126465 1201
13.286035537719727 1196
13.291972637176514 1192
13.299118280410767 1185
13.305961847305298 1180
13.311830997467041 1176
13.318364381790161 1171
13.325214147567749 1164
13.332085847854614 1159
13.33902621269226 1154
13.345612287521362 1148
13.351636171340942 1142
13.358362674713135 1137
13.365481853485107 1132
13.371351957321167 1126
13.37790584564209 1118
13.385844945907593 1114
13.391777992248535 1108
13.398338317871094 1103
13.405189752578735 1098
13.411204814910889 1091
13.419147729873657 1084
13.426108121871948 1079
13.433825969696045 1072
13.439767360687256 1066
13.44681715965271 1061
13.453443050384521 1056
13.459389925003052 1049
13.466078281402588 1044
13.471994400024414 1038
13.478915929794312 1031
13.486761093139648 1026
13.49341082572937 1020
13.499375581741333 1014
13.506033420562744 1008
13.511933088302612 1003
13.51883602142334 998
13.525254011154175 992
13.531206369400024 985
13.539054155349731 978
13.545886278152466 973
13.551827192306519 967
13.558352947235107 962
13.565206050872803 957
13.571187973022461 950
13.577747583389282 944
13.585371732711792 939
13.591349840164185 932
13.597874402999878 926
13.604970455169678 921
13.611014604568481 914
13.617781400680542 908
13.624732494354248 903
13.63068675994873 896
13.638009071350098 890
13.644936561584473 885
13.65094256401062 878
13.657517671585083 873
13.664334058761597 868
13.674986362457275 859
13.681053400039673 852
13.688891649246216 844
13.695650577545166 839
13.701601505279541 834
13.708272457122803 828
13.71509313583374 823
13.721100091934204 816
13.727855682373047 810
13.734772443771362 803
13.741694688796997 798
13.748714685440063 792
13.755238771438599 787
13.761197090148926 780
13.767810583114624 774
13.774739980697632 769
13.780731439590454 762
13.788299560546875 757
13.79518985748291 752
13.801183223724365 744
13.807825326919556 739
13.81476640701294 734
13.820725917816162 728
13.827251672744751 723
13.833914279937744 716
13.840996265411377 708
13.847756385803223 703
13.854398965835571 698
13.860389232635498 692
13.867236614227295 687
13.874033212661743 680
13.880019664764404 674
13.88681697845459 667
13.894307613372803 662
13.900335550308228 657
13.907318353652954 651
13.940062522888184 619
13.954116106033325 608
13.960109233856201 602
13.974125146865845 587
13.985970258712769 580
13.994359731674194 568
14.005738735198975 558
14.016128778457642 551
14.02527141571045 539
14.039542436599731 532
14.049610614776611 521
14.060996055603027 512
14.071366548538208 496
14.086233139038086 487
14.100139856338501 476
14.110724449157715 464
14.122171401977539 457
14.13471269607544 448
14.14469861984253 435
14.155598163604736 424
14.166399478912354 416
14.176286220550537 407
14.187175512313843 394
14.201610326766968 385
14.213723421096802 372
14.224875926971436 365
14.233805179595947 355
14.245238065719604 344
14.255995512008667 337
14.265129327774048 324
14.277675151824951 317
14.289052248001099 303
14.304142951965332 294
14.312833786010742 285
14.321971654891968 276
14.334114074707031 267
14.34207797050476 258
14.35183310508728 251
14.365035057067871 242
14.371102809906006 233
14.380063772201538 222
14.39421272277832 216
14.401313543319702 205
14.412192106246948 196
14.42412519454956 189
14.430081129074097 180
14.440328359603882 167
14.454813718795776 160
14.46422266960144 148
14.478094100952148 137
14.489363431930542 128
14.499260187149048 119
14.50904893875122 108
14.519726991653442 101
14.528918266296387 96
14.535754203796387 81
14.55529499053955 69
14.564825534820557 58
14.576975107192993 53
14.583969593048096 37
14.601167440414429 19
14.619791984558105 5
14.635741233825684 -1
14.643776893615723 -12
14.655126333236694 -22
14.666009902954102 -31
14.681798934936523 -52
14.70218801498413 -65
14.714156150817871 -79
14.733534336090088 -104
14.757632732391357 -120
14.779037714004517 -136
14.794719219207764 -150
14.815236568450928 -163
14.826991558074951 -177
14.840080976486206 -186
14.855148553848267 -199
14.86791443824768 -218
14.885666131973267 -228
14.897135257720947 -240
14.909785747528076 -249
14.924368619918823 -262
14.935559749603271 -272
14.94596004486084 -281
14.955641269683838 -295
14.971996068954468 -302
14.981122732162476 -310
14.99561619758606 -324
15.00753927230835 -336
15.019704580307007 -352
15.035933017730713 -361
15.049432277679443 -370
15.056286573410034 -379
15.069424152374268 -394
15.081689834594727 -402
15.093953132629395 -412
15.104312419891357 -426
15.120789527893066 -438
15.131933689117432 -445
15.143950939178467 -456
15.15217399597168 -467
15.165038347244263 -478
15.176416397094727 -490
15.189811944961548 -497
15.200921058654785 -508
15.21229863166809 -516
15.22574234008789 -520
15.239134311676025 -526
15.25160026550293 -528
15.26699423789978 -529
15.279431104660034 -528
15.293622732162476 -524
15.307877779006958 -521
15.31587553024292 -514
15.330421686172485 -508
15.341683387756348 -504
15.35083556175232 -494
15.367265462875366 -482
15.381675958633423 -475
15.393744945526123 -468
15.401769876480103 -458
15.414823293685913 -447
15.427618980407715 -440
15.437200784683228 -429
15.449982404708862 -418
15.462139368057251 -408
15.476277351379395 -398
15.486358165740967 -385
15.500346183776855 -380
15.509432554244995 -366
15.52229928970337 -357
15.533762693405151 -342
15.549276351928711 -326
15.566315650939941 -312
15.581931591033936 -302
15.592017412185669 -293
15.60386610031128 -280
15.615638017654419 -267
15.630043268203735 -256
15.643755912780762 -245
15.657638788223267 -234
15.66693377494812 -219
15.69085144996643 -197
15.705924272537231 -190
15.720994234085083 -175
15.730004787445068 -166
15.74472188949585 -154
15.753759622573853 -140
15.767742395401001 -132
15.77697229385376 -123
15.786213397979736 -110
15.803963422775269 -99
15.812075138092041 -92
15.821197748184204 -80
15.832163572311401 -71
15.843569040298462 -60
15.854353427886963 -50
15.865234851837158 -45
15.871424436569214 -36
15.896902561187744 -15
15.903804779052734 -2
15.9167959690094 9
15.92751932144165 16
15.936371326446533 24
15.951636552810669 39
15.964293479919434 52
15.975792169570923 66
15.991796731948853 76
16.000301122665405 83
16.012001276016235 93
16.019264459609985 104
16.030372142791748 111
16.041759967803955 120
16.053619861602783 132
16.059598922729492 137
16.068880319595337 148
16.077860832214355 158
16.091371297836304 171
16.101627826690674 178
16.110408544540405 184
16.119530200958252 193
16.12682795524597 202
16.138756275177002 212
16.147096395492554 221
16.15585947036743 230
16.166033506393433 236
16.172032356262207 245
16.182156085968018 251
16.19529914855957 262
16.20133948326111 271
16.2099928855896 279
16.22103977203369 288
16.22766947746277 296
16.236353397369385 305
16.247356176376343 310
16.254005908966064 322
16.264983892440796 329
16.273804903030396 336
16.27965545654297 346
16.290308475494385 355
16.303682565689087 366
16.311753511428833 376
16.321758270263672 387
16.334390878677368 394
16.342297315597534 406
16.354814052581787 416
16.36624503135681 424
16.37510085105896 430
16.38107204437256 440
16.391870498657227 448
16.400123596191406 454
16.409198760986328 465
16.417866230010986 476
16.431655645370483 490
16.44494390487671 498
16.455643892288208 508
16.469432830810547 519
16.47679352760315 530
16.488256692886353 550
16.50987720489502 558
16.521775484085083 569
16.53019642829895 580
16.544055938720703 592
16.554292678833008 602
16.565604209899902 610
16.574187755584717 616
16.580132007598877 625
16.590314388275146 632
16.599241733551025 642
16.609437465667725 649
16.617472410202026 658
16.625906229019165 673
16.64194369316101 681
16.651217699050903 688
16.65919518470764 701
16.674234867095947 712
16.687303066253662 724
16.696192741394043 729
16.70203471183777 740
16.71493434906006 748
16.723965883255005 755
16.729966640472412 764
16.741095066070557 774
16.75020480155945 781
16.757888555526733 790
16.769126176834106 798
16.77613854408264 806
16.787224769592285 817
16.7962543964386 822
16.8021821975708 830
16.813856601715088 843
16.824843406677246 850
16.834144592285156 862
16.84531283378601 867
16.851330518722534 874
16.8615779876709 886
16.873992681503296 895
16.88002896308899 906
16.891624927520752 919
16.90761685371399 928
16.91702961921692 936
16.925565481185913 947
16.93891930580139 956
16.94580364227295 962
16.951645851135254 969
16.965179681777954 979
16.97400450706482 990
16.982052326202393 997
16.990253686904907 1008
17.003783464431763 1018
17.01390027999878 1031
17.026201725006104 1036
17.032081365585327 1046
17.044004440307617 1058
17.055336236953735 1066
17.06525731086731 1072
17.071245431900024 1081
17.080296277999878 1088
17.089463233947754 1098
17.09807562828064 1104
17.10532259941101 1116
17.11755084991455 1124
17.129591941833496 1133
17.13784122467041 1148
17.152039527893066 1154
17.159186840057373 1161
17.169214963912964 1170
17.177336931228638 1180
17.186249494552612 1189
17.19943070411682 1198
17.206351041793823 1208
17.216124773025513 1215
17.225232362747192 1222
17.234304904937744 1232
17.243476390838623 1241
17.25184679031372 1252
17.265238761901855 1258
17.27124047279358 1266
17.279386043548584 1282
17.29612684249878 1290
17.305041551589966 1301
17.31574511528015 1308
17.324888467788696 1316
17.33391261100769 1329
17.346835613250732 1338
17.355656623840332 1346
17.365840911865234 1355
17.375056982040405 1362
17.384324073791504 1370
17.39363956451416 1378
17.401729583740234 1382
17.40985083580017 1386
17.417891025543213 1392
17.431185245513916 1394
17.437981128692627 1395
17.449740648269653 1397
17.4591703414917 1397
17.46798872947693 1396
17.477223873138428 1394
17.4899845123291 1392
17.497015476226807 1389
17.50697684288025 1385
17.518861293792725 1380
17.525848388671875 1376
17.536941528320312 1370
17.546113967895508 1366
17.552030563354492 1362
17.5642032623291 1351
17.575138092041016 1347
17.581194162368774 1338
17.591676950454712 1332
17.601996421813965 1324
17.61412000656128 1317
17.62117314338684 1310
17.628055810928345 1299
17.64202570915222 1292
17.654316186904907 1282
17.664122581481934 1276
17.671157836914062 1266
17.682180881500244 1254
17.696105241775513 1249
17.70202136039734 1240
17.714040994644165 1228
17.72714853286743 1223
17.733861923217773 1212
17.747759580612183 1202
17.75697636604309 1197
17.763922214508057 1186
17.777127742767334 1176
17.786338329315186 1170
17.79222536087036 1162
17.803967475891113 1153
17.813387870788574 1142
17.826804637908936 1135
17.834016799926758 1126
17.842106580734253 1114
17.861000537872314 1101
17.871546506881714 1090
17.881687879562378 1082
17.897178888320923 1069
17.90829086303711 1060
17.925658464431763 1044
17.936209678649902 1032
17.949137210845947 1025
17.956094980239868 1016
17.971059322357178 1005
17.98004388809204 996
17.99133563041687 984
18.003397941589355 976
18.016082286834717 960
18.027538776397705 950
18.041152238845825 941
18.051052808761597 932
18.061295986175537 923
18.07038688659668 916
18.079431533813477 898
18.100988626480103 884
18.11487317085266 878
18.121013164520264 871
18.129184007644653 850
18.151859521865845 842
18.160901069641113 832
18.1747989654541 819
18.18693780899048 810
18.19641923904419 800
18.20940136909485 791
18.21953582763672 784
18.2281174659729 766
18.24589443206787 757
18.257195949554443 746
18.26882576942444 737
18.277881383895874 726
18.289578676223755 719
18.301549911499023 705
18.314791917800903 698
18.323777198791504 687
18.33578062057495 673
18.3502938747406 666
18.361373901367188 655
18.373684406280518 644
18.385921001434326 630
18.404692888259888 610
18.419596195220947 603
18.428778171539307 594
18.441266536712646 578
18.458914756774902 570
18.465888023376465 564
18.479076147079468 544
18.4955952167511 532
18.508726119995117 521
18.520010471343994 514
18.533722639083862 498
18.545946836471558 487
18.55903720855713 471
18.580066204071045 460
18.588263511657715 450
18.601561784744263 439
18.614064693450928 430
18.62394380569458 418
18.638231992721558 404
18.651744604110718 396
18.66480779647827 386
18.673799991607666 378
18.681394815444946 364
18.69632077217102 357
18.70551872253418 342
18.720281839370728 337
18.72966241836548 328
18.73686933517456 319
18.746052026748657 305
18.764271020889282 294
18.777726650238037 285
18.785076141357422 278
18.79599404335022 268
18.80942726135254 255
18.819523096084595 246
18.829026460647583 234
18.843619346618652 221
18.856735229492188 214
18.86481523513794 209
18.873723030090332 196
18.885169982910156 184
18.897502899169922 166
18.921855926513672 153
18.93423843383789 146
18.9402334690094 136
18.954874277114868 123
18.965885162353516 114
18.97637104988098 107
18.986369609832764 98
18.997497081756592 89
19.006733655929565 82
19.01373529434204 70
19.026962757110596 64
19.03417181968689 53
19.046143293380737 41
19.05777597427368 32
19.06771230697632 25
19.084244966506958 12
19.090240955352783 4
19.100088357925415 -4
19.1138014793396 -16
19.12218976020813 -28
19.135897397994995 -38
19.146071672439575 -46
19.156033039093018 -56
19.166120767593384 -64
19.177335262298584 -75
19.190322160720825 -82
19.20517349243164 -100
19.21566390991211 -109
19.227420568466187 -122
19.24040985107422 -132
19.251970052719116 -138
19.25911831855774 -150
19.277591943740845 -162
19.286808490753174 -172
19.300851583480835 -189
19.31600069999695 -202
19.331125259399414 -211
19.344946146011353 -223
19.354811191558838 -234
19.365921020507812 -241
19.374942541122437 -252
19.386171102523804 -262
19.397685050964355 -270
19.408881187438965 -278
19.418935775756836 -289
19.42785358428955 -296
19.44216275215149 -312
19.457773447036743 -325
19.47107768058777 -334
19.47795081138611 -348
19.494383573532104 -354
19.500426530838013 -362
19.513861417770386 -377
19.525809288024902 -386
19.53560519218445 -393
19.546680450439453 -404
19.55681586265564 -414
19.567853689193726 -420
19.57767915725708 -430
19.58914804458618 -441
19.598090648651123 -452
19.614906787872314 -466
19.62743043899536 -475
19.637247562408447 -484
19.647589445114136 -491
19.654807806015015 -503
19.669290781021118 -512
19.67881417274475 -525
19.695548057556152 -534
19.70399785041809 -542
19.71422505378723 -557
19.728107452392578 -562
19.73523783683777 -571
19.761130809783936 -592
19.767900943756104 -600
19.77949357032776 -614
19.793558359146118 -619
19.799509048461914 -628
19.80961847305298 -638
19.82006573677063 -644
19.833983659744263 -654
19.84375786781311 -658
19.849788665771484 -662
19.86506223678589 -665
19.874016046524048 -668
19.88504457473755 -668
19.894813299179077 -668
19.90388011932373 -666
19.91518759727478 -664
19.925121068954468 -661
19.93479585647583 -656
19.945767164230347 -652
19.95478630065918 -646
19.964905977249146 -640
19.97589349746704 -634
19.985034465789795 -626
19.996160745620728 -618
20.011168003082275 -608
20.02103877067566 -602
20.02788233757019 -588
20.045873880386353 -580
20.055774927139282 -575
20.061664819717407 -566
20.073728561401367 -556
20.08510661125183 -549
20.09641408920288 -539
20.105026721954346 -528
20.117326736450195 -518
20.12807822227478 -512
20.135234594345093 -506
20.14556860923767 -490
20.15915536880493 -482
20.171261310577393 -473
20.17810821533203 -466
20.193788290023804 -451
20.20360231399536 -442
20.211649417877197 -435
20.221319913864136 -426
20.230223417282104 -418
20.24141526222229 -407
20.250770330429077 -396
20.261613130569458 -386
20.272297859191895 -378
20.28187131881714 -369
20.293907403945923 -359
20.30374550819397 -350
20.31386947631836 -341
20.321935653686523 -328
20.336182117462158 -317
20.34787893295288 -311
20.35756516456604 -296
20.374306201934814 -283
20.385565996170044 -278
20.391520500183105 -266
20.40407657623291 -256
20.417540550231934 -244
20.42745304107666 -235
20.436355352401733 -222
20.450666666030884 -212
20.460196495056152 -207
20.469723224639893 -192
20.484230756759644 -183
20.494234800338745 -172
20.50519824028015 -164
20.51425838470459 -152
20.5256085395813 -144
20.535160541534424 -135
20.547966718673706 -124
20.557197093963623 -114
20.566250562667847 -107
20.579243898391724 -96
20.586084127426147 -86
20.595909118652344 -77
20.609816789627075 -68
20.619110822677612 -53
20.632088661193848 -46
20.64554738998413 -31
20.65595293045044 -22
20.66642665863037 -12
20.677300691604614 3
20.69171953201294 12
20.701757192611694 27
20.71756625175476 36
20.72896909713745 46
20.737640619277954 53
20.747891187667847 71
20.765480995178223 75
20.771395206451416 83
20.778102159500122 92
20.79040789604187 103
20.800384044647217 109
20.807413339614868 118
20.817457914352417 128
20.82591724395752 140
20.847233295440674 154
20.855143785476685 165
20.867213249206543 174
20.879801034927368 187
20.88975477218628 200
20.90440344810486 211
20.915946006774902 219
20.92528772354126 228
20.934179067611694 239
20.945801258087158 246
20.954941511154175 258
20.966344356536865 267
20.979496240615845 276
20.987447500228882 286
20.998314142227173 298
21.010143280029297 306
21.02114701271057 315
21.0278959274292 321
21.035050868988037 338
21.05408811569214 348
21.063762664794922 356
21.071824312210083 366
21.083520889282227 371
21.091424703598022 380
21.09796977043152 392
21.114182233810425 401
21.120159149169922 408
21.129230260849 420
21.143568992614746 431
21.151713132858276 440
21.16198229789734 452
21.17516326904297 457
21.184380292892456 466
21.190387964248657 480
21.205650329589844 486
21.21396780014038 498
21.225048303604126 509
21.236327409744263 514
21.24219846725464 526
21.25469708442688 537
21.266145706176758 542
21.272025108337402 554
21.28550362586975 563
21.294962167739868 576
21.310837030410767 585
21.317780017852783 594
21.330784559249878 604
21.33783984184265 611
21.351365566253662 628
21.36438012123108 635
21.374861240386963 643
21.38081979751587 656
21.39473009109497 663
21.403765201568604 671
21.41083002090454 682
21.42416262626648 693
21.435203313827515 698
21.44118571281433 710
21.452155113220215 721
21.46518063545227 726
21.471189498901367 740
21.484399557113647 747
21.492026805877686 756
21.502199411392212 766
21.51404047012329 777
21.525193691253662 786
21.53436827659607 793
21.543578147888184 808
21.557724714279175 820
21.57083535194397 829
21.579771518707275 846
21.61720323562622 875
21.63072156906128 884
21.640177249908447 896
21.654006719589233 909
21.66631555557251 918
21.67736005783081 928
21.689408779144287 938
21.69807243347168 950
21.715930223464966 964
21.728289127349854 987
21.750794172286987 998
21.76178002357483 1011
21.775970458984375 1024
21.794068336486816 1033
21.800113677978516 1039
21.809436321258545 1056
21.8273708820343 1063
21.834344387054443 1077
21.846919536590576 1089
21.860098123550415 1095
21.869004011154175 1110
21.88209080696106 1123
21.897007942199707 1132
21.90607786178589 1141
21.91636085510254 1152
21.931966304779053 1169
21.945953369140625 1175
21.95390295982361 1182
21.959825038909912 1190
21.970946073532104 1199
21.9803524017334 1208
21.98795223236084 1216
21.99917435646057 1227
22.00788402557373 1234
22.01630401611328 1246
22.02761483192444 1253
22.038992404937744 1272
22.06387495994568 1288
22.076228857040405 1300
22.087244510650635 1310
22.098328828811646 1327
22.11587882041931 1338
22.12804365158081 1348
22.139391660690308 1359
22.15402579307556 1374
22.16706132888794 1391
22.184207677841187 1400
22.195890188217163 1409
22.205772161483765 1418
22.215821981430054 1433
22.230170488357544 1446
22.24438500404358 1458
22.258944034576416 1469
22.27002191543579 1486
22.286415100097656 1496
22.300299882888794 1506
22.307493209838867 1516
22.31965708732605 1524
22.33187222480774 1528
22.343732118606567 1536
22.355597496032715 1540
22.367981672286987 1542
22.3798086643219 1542
22.387893438339233 1542
22.404173135757446 1540
22.41019916534424 1538
22.419569492340088 1534
22.430715799331665 1531
22.43918776512146 1525
22.451948165893555 1522
22.45941472053528 1517
22.466743230819702 1507
22.484226942062378 1496
22.499199867248535 1485
22.51559829711914 1476
22.526336193084717 1468
22.53939461708069 1459
22.548275232315063 1452
22.55604577064514 1446
22.567256212234497 1431
22.582021713256836 1423
22.5918288230896 1402
22.61642551422119 1391
22.62962555885315 1377
22.6457736492157 1363
22.664220094680786 1347
22.679832458496094 1335
22.697509288787842 1323
22.709856510162354 1316
22.717200756072998 1303
22.737781047821045 1284
22.758272409439087 1273
22.76531195640564 1261
22.779130458831787 1250
22.790827989578247 1241
22.79986262321472 1228
22.817065000534058 1218
22.826212882995605 1209
22.840789079666138 1188
22.860426902770996 1179
22.86984634399414 1166
22.884366273880005 1157
22.89521861076355 1145
22.909623384475708 1132
22.92370629310608 1122
22.939584255218506 1109
22.94779348373413 1102
22.958881855010986 1090
22.971333026885986 1082
22.978313446044922 1066
22.99577832221985 1058
23.007317066192627 1047
23.019520044326782 1040
23.030730724334717 1025
23.043872833251953 1014
23.058884143829346 1002
23.067922115325928 995
23.079402923583984 984
23.088369607925415 974
23.09961771965027 963
23.111917734146118 947
23.13125514984131 938
23.14353895187378 931
23.149524211883545 913
23.168851613998413 906
23.175846815109253 895
23.188233613967896 879
23.20901656150818 870
23.21615958213806 861
23.225630283355713 848
23.239562273025513 842
23.251612663269043 829
23.268986701965332 816
23.276008129119873 809
23.286920309066772 798
23.299673318862915 777
23.319820642471313 768
23.329578399658203 758
23.343725442886353 748
23.35372304916382 740
23.363821268081665 725
23.38076949119568 715
23.39536476135254 700
23.405625581741333 690
23.421160221099854 677
23.433531522750854 672
23.43951988220215 652
23.46032953262329 645
23.473825216293335 629
23.48692226409912 620
23.49702286720276 608
23.510115385055542 598
23.52127742767334 590
23.530381679534912 577
23.544379711151123 570
23.553911209106445 561
23.564887762069702 548
23.57752299308777 532
23.596909761428833 518
23.610183000564575 508
23.6253182888031 497
23.635098457336426 486
23.654128313064575 466
23.667718648910522 456
23.681050300598145 443
23.695164442062378 431
23.707822561264038 420
23.723636627197266 404
23.738344430923462 395
23.747768878936768 388
23.757137298583984 365
23.78195023536682 356
23.793822050094604 345
23.805561780929565 336
23.816880226135254 326
23.825940132141113 316
23.83961534500122 308
23.846381902694702 297
23.85806131362915 288
23.871155500411987 277
23.880189180374146 268
23.894173622131348 256
23.906176567077637 247
23.935560703277588 220
23.94485902786255 213
23.953856468200684 200
23.96699357032776 192
23.976032972335815 175
23.995559215545654 160
24.01185131072998 144
24.035179615020752 127
24.050687789916992 111
24.06563711166382 100
24.077725648880005 90
24.089993000030518 68
24.114326238632202 54
24.1336452960968 42
24.145797729492188 28
24.161892414093018 10
24.181517362594604 -3
24.194966554641724 -19
24.214029788970947 -30
24.229305028915405 -44
24.240320920944214 -53
24.25153875350952 -66
24.2671856880188 -83
24.284374475479126 -89
24.290398836135864 -101
24.304791927337646 -112
24.319434642791748 -122
24.32827067375183 -137
24.34552526473999 -148
24.356170654296875 -155
24.369438886642456 -167
24.378260135650635 -174
24.389455556869507 -187
24.399710655212402 -194
24.414790630340576 -208
24.424413204193115 -215
24.433434009552002 -222
24.44777250289917 -237
24.458922147750854 -246
24.466740369796753 -256
24.48094654083252 -267
24.48970603942871 -274
24.499394416809082 -283
24.509483098983765 -296
24.524428844451904 -308
24.535945415496826 -317
24.5491726398468 -326
24.555947065353394 -335
24.56808090209961 -344
24.583993434906006 -360
24.59726095199585 -371
24.60624384880066 -380
24.61732578277588 -388
24.6314115524292 -401
24.643813848495483 -414
24.654999256134033 -421
24.664252996444702 -433
24.680968523025513 -450
24.695035934448242 -460
24.706137657165527 -471
24.724172115325928 -481
24.73018980026245 -488
24.741413116455078 -506
24.758122444152832 -512
24.765108585357666 -521
24.775274991989136 -533
24.793683767318726 -544
24.799670934677124 -551
24.808815717697144 -562
24.824338912963867 -574
24.83755850791931 -583
24.84440588951111 -592
24.857747554779053 -608
24.873851776123047 -615
24.87981867790222 -620
24.889195203781128 -635
24.902252435684204 -642
24.911335468292236 -658
24.928079843521118 -669
24.940705060958862 -678
24.954168558120728 -686
24.960245370864868 -696
24.971137523651123 -708
24.984789609909058 -717
24.994314193725586 -728
25.005910634994507 -738
25.017576217651367 -747
25.031041145324707 -758
25.041414976119995 -770
25.054019451141357 -782
25.068122148513794 -792
25.082244396209717 -796
25.09403681755066 -804
25.107138633728027 -808
25.11620807647705 -809
25.126315116882324 -811
25.141292572021484 -810
25.15067481994629 -810
25.159552335739136 -807
25.174192905426025 -803
25.184204816818237 -797
25.196341514587402 -793
25.2053439617157 -788
25.21431541442871 -780
25.227013111114502 -774
25.235847234725952 -767
25.248117923736572 -756
25.263695001602173 -748
25.272048711776733 -738
25.28422474861145 -728
25.296905755996704 -718
25.30768370628357 -708
25.323603630065918 -696
25.334365129470825 -686
25.347298622131348 -670
25.370954275131226 -653
25.386948823928833 -638
25.399757146835327 -626
25.416767120361328 -619
25.429512977600098 -593
25.45397686958313 -580
25.465814352035522 -566
25.47986936569214 -555
25.49737286567688 -546
25.504323720932007 -530
25.51942539215088 -518
25.532296895980835 -504
25.548295497894287 -494
25.5643093585968 -481
25.572269916534424 -474
25.58104157447815 -463
25.594367265701294 -452
25.604328632354736 -446
25.61029314994812 -438
25.621381044387817 -428
25.630372285842896 -422
25.637399435043335 -412
25.646113395690918 -405
25.65520453453064 -398
25.66414475440979 -390
25.67009663581848 -385
25.677307605743408 -372
25.69425916671753 -361
25.703644514083862 -352
25.711787223815918 -340
25.724663496017456 -331
25.7352192401886 -318
25.749314785003662 -310
25.756031036376953 -303
25.766955375671387 -296
25.773688077926636 -288
25.779570817947388 -283
25.786391496658325 -262
25.80788779258728 -256
25.81517481803894 -249
25.824146032333374 -240
25.83211898803711 -234
25.839324235916138 -223
25.85015320777893 -218
25.859235525131226 -208
25.867343425750732 -202
25.874126195907593 -192
25.884995460510254 -186
25.89221477508545 -177
25.901413917541504 -168
25.915475845336914 -158
25.92142105102539 -149
25.930174589157104 -142
25.941033840179443 -132
25.948989868164062 -124
25.95576572418213 -115
25.96631932258606 -110
25.972177505493164 -100
25.984046459197998 -93
25.99107575416565 -86
25.997669219970703 -74
26.009580612182617 -69
26.016347885131836 -64
26.022205352783203 -50
26.03618836402893 -45
26.04204249382019 -39
26.05017328262329 -28
26.060346603393555 -22
26.069440126419067 -13
26.076263904571533 -6
26.085230112075806 0
26.09420895576477 9
26.101222038269043 22
26.11442732810974 33
26.12703847885132 43
26.13598394393921 48
26.141819715499878 54
26.152284383773804 70
26.165995121002197 82
26.177868843078613 88
26.18494749069214 98
26.19682264328003 108
26.207183361053467 117
26.215827465057373 128
26.228252172470093 136
26.239316940307617 145
26.246050357818604 154
26.25592827796936 164
26.26611089706421 169
26.27205204963684 175
26.283937215805054 188
26.291672706604004 193
26.29806137084961 201
26.306358814239502 218
26.324408769607544 225
26.33378767967224 236
26.34471607208252 246
26.35547184944153 251
26.361369609832764 264
26.37716054916382 275
26.386249542236328 281
26.392076015472412 288
26.406821727752686 302
26.417556524276733 312
26.42678928375244 322
26.43698239326477 327
26.44389295578003 338
26.455057382583618 348
26.46532654762268 353
26.474207639694214 364
26.481969356536865 376
26.495095252990723 385
26.507402658462524 402
26.525285959243774 409
26.53423309326172 420
26.544269800186157 433
26.556363105773926 442
26.56812071800232 454
26.57805871963501 463
26.58832621574402 472
26.59918999671936 491
26.62080669403076 502
26.629711866378784 509
26.637997150421143 522
26.653586626052856 534
26.665467977523804 545
26.68116545677185 556
26.691335916519165 567
26.700402975082397 576
26.71229124069214 584
26.72436022758484 599
26.73747992515564 608
26.744775772094727 619
26.75575280189514 630
26.767951726913452 638
26.776116609573364 647
26.78602433204651 658
26.799023151397705 666
26.80561089515686 673
26.815531253814697 686
26.82836413383484 692
26.83534288406372 702
26.8510959148407 714
26.85781764984131 720
26.865575313568115 732
26.879515886306763 740
26.8938148021698 754
26.904066801071167 768
26.9168803691864 779
26.92783546447754 790
26.940691709518433 799
26.949637174606323 816
26.971417665481567 831
26.98484516143799 840
27.001287937164307 855
27.00978922843933 862
27.021337509155273 876
27.032092094421387 883
27.043865203857422 894
27.05187487602234 902
27.06119990348816 913
27.07203483581543 918
27.080926656723022 931
27.092012643814087 942
27.10510015487671 952
27.115766763687134 966
27.131253719329834 974
27.144234895706177 992
27.157783269882202 1002
27.168047666549683 1011
27.17916202545166 1020
27.188262939453125 1037
27.207979202270508 1050
27.22409200668335 1062
27.235526084899902 1069
27.24559450149536 1086
27.261286973953247 1097
27.271214723587036 1108
27.28193759918213 1117
27.292025327682495 1128
27.304861307144165 1140
27.315870761871338 1151
27.32794737815857 1160
27.34127187728882 1169
27.347870111465454 1182
27.36198854446411 1190
27.371944427490234 1199
27.381057024002075 1210
27.394033670425415 1218
27.40123701095581 1225
27.411388874053955 1238
27.421842575073242 1244
27.429521560668945 1256
27.441909790039062 1270
27.45585036277771 1275
27.462246656417847 1282
27.471612691879272 1294
27.48351812362671 1299
27.492828369140625 1308
27.499279022216797 1318
27.507665157318115 1325
27.516839742660522 1335
27.526824235916138 1340
27.533864974975586 1350
27.542028188705444 1362
27.55596375465393 1374
27.567773818969727 1381
27.57765555381775 1389
27.58609175682068 1405
27.603477954864502 1413
27.6101131439209 1420
27.620858430862427 1437
27.637207746505737 1444
27.645273447036743 1452
27.65476417541504 1466
27.668123245239258 1478
27.68011236190796 1492
27.69577431678772 1498
27.70922827720642 1511
27.719563245773315 1530
27.73576855659485 1538
27.744834661483765 1552
27.759803533554077 1560
27.769119024276733 1567
27.776062488555908 1576
27.78931498527527 1588
27.797845125198364 1595
27.80605983734131 1612
27.824841499328613 1619
27.83375072479248 1628
27.84178853034973 1636
27.853710412979126 1647
27.861824989318848 1654
27.873734712600708 1664
27.881840229034424 1669
27.891103744506836 1674
27.898012399673462 1676
27.905213832855225 1681
27.917014837265015 1683
27.93130874633789 1686
27.94437074661255 1686
27.951130628585815 1685
27.95799970626831 1684
27.967732906341553 1681
27.977581024169922 1679
27.98425602912903 1676
27.991595029830933 1672
28.00041675567627 1670
28.007278203964233 1666
28.01408553123474 1661
28.02187490463257 1658
28.03072714805603 1651
28.037497997283936 1647
28.044671058654785 1643
28.050424098968506 1636
28.059587717056274 1632
28.066717624664307 1626
28.074832916259766 1620
28.08378028869629 1614
28.089732885360718 1609
28.09681510925293 1601
28.105641841888428 1596
28.111602067947388 1592
28.118343591690063 1584
28.13166069984436 1574
28.139646530151367 1568
28.146743774414062 1562
28.155583143234253 1557
28.16157817840576 1550
28.168294429779053 1543
28.17736530303955 1538
28.18401265144348 1531
28.190179109573364 1526
28.19712233543396 1521
28.203838109970093 1514
28.20980954170227 1507
28.21803379058838 1500
28.225795030593872 1495
28.23173975944519 1490
28.238284826278687 1484
28.24516272544861 1479
28.251177072525024 1472
28.25791335105896 1466
28.264838457107544 1462
28.270816564559937 1454
28.2781023979187 1449
28.285102367401123 1444
28.291176795959473 1437
28.29781460762024 1431
28.304932594299316 1426
28.31093978881836 1419
28.317702531814575 1414
28.324384927749634 1408
28.331321954727173 1401
28.337867259979248 1396
28.34481430053711 1391
28.35078001022339 1385
28.357292652130127 1380
28.364006757736206 1373
28.37000823020935 1366
28.37779927253723 1360
28.38469648361206 1355
28.390411138534546 1350
28.39722228050232 1344
28.4038827419281 1337
28.409783601760864 1332
28.4164080619812 1326
28.422796726226807 1320
28.430160999298096 1314
28.437161684036255 1309
28.443856954574585 1302
28.449769020080566 1296
28.456413745880127 1291
28.46332859992981 1286
28.46929097175598 1278
28.47599482536316 1273
28.483766078948975 1266
28.489715099334717 1260
28.496772289276123 1255
28.503438711166382 1250
28.50938606262207 1243
28.516045808792114 1237
28.521989107131958 1228
28.53466534614563 1221
28.54165816307068 1214
28.548335552215576 1208
28.55557894706726 1204
28.5615234375 1196
28.568371057510376 1191
28.575233221054077 1184
28.582059144973755 1178
28.588954210281372 1173
28.595369815826416 1168
28.601381540298462 1160
28.60794711112976 1155
28.615025520324707 1150
28.62106680870056 1143
28.62768006324768 1136
28.635786056518555 1130
28.641672134399414 1125
28.64807629585266 1119
28.655020475387573 1114
28.66108274459839 1107
28.66767907142639 1102
28.674747228622437 1096
28.68142008781433 1089
28.68805980682373 1084
28.695170402526855 1078
28.7011935710907 1071
28.707747220993042 1066
28.714731216430664 1060
28.720720052719116 1055
28.72724437713623 1048
28.734975337982178 1043
28.740997314453125 1036
28.74764847755432 1030
28.754308462142944 1025
28.760291576385498 1019
28.767096281051636 1014
28.773791074752808 1007
28.77972435951233 1002
28.787415027618408 996
28.79422903060913 989
28.80021572113037 984
28.807018041610718 978
28.813713312149048 971
28.81964921951294 966
28.826390266418457 960
28.834100484848022 953
28.840100526809692 948
28.84687852859497 942
28.853678941726685 936
28.859645128250122 930
28.86625075340271 925
28.87211847305298 919
28.879071950912476 912
28.886414766311646 907
28.893328428268433 902
28.89931035041809 894
28.905951261520386 889
28.91183042526245 884
28.918910026550293 878
28.92549204826355 868
28.937192678451538 862
28.944042444229126 855
28.95006227493286 850
28.957184314727783 844
28.96385955810547 837
28.96976613998413 832
28.976807355880737 826
28.98344922065735 819
28.99104881286621 812
28.99765157699585 807
29.004315853118896 802
29.010287046432495 796
29.017077684402466 791
29.023759603500366 784
29.029630422592163 778
29.037461519241333 771
29.044105529785156 766
29.050077438354492 760
29.05688214302063 755
29.063547372817993 750
29.069483757019043 742
29.07614040374756 737
29.08202815055847 730
29.09010100364685 724
29.097058296203613 719
29.10376524925232 712
29.109684467315674 707
29.11629319190979 702
29.12217664718628 696
29.12912392616272 689
29.13579773902893 684
29.143463134765625 678
29.149404525756836 671
29.15620493888855 666
29.162070274353027 658
29.169604301452637 653
29.176250219345093 648
29.182132720947266 641
29.18985390663147 635
29.196746587753296 630
29.2033851146698 624
29.209319353103638 618
29.216165781021118 612
29.222045421600342 607
29.22892737388611 601
29.23548126220703 594
29.242257833480835 589
29.249242782592773 582
29.255884408950806 576
29.26189661026001 571
29.268738985061646 566
29.27553129196167 560
29.281403303146362 553
29.287943840026855 546
29.295898914337158 540
29.301783323287964 535
29.308711051940918 530
29.315229415893555 524
29.321242094039917 518
29.327751398086548 508
29.338910341262817 501
29.34679889678955 496
29.35359001159668 489
29.359532594680786 484
29.3663170337677 478
29.37219214439392 473
29.37914252281189 466
29.385859489440918 460
29.39364242553711 453
29.399564027786255 448
29.406241178512573 442
29.41210412979126 437
29.419097661972046 430
29.425799131393433 424
29.431708097457886 419
29.438122034072876 412
29.445960521697998 407
29.451834440231323 401
29.45892882347107 396
29.465354919433594 390
29.47132635116577 384
29.478029012680054 378
29.484879732131958 373
29.490845441818237 366
29.49830675125122 360
29.50518774986267 355
29.51119375228882 348
29.51791739463806 342
29.524818181991577 337
29.530773639678955 332
29.537352323532104 323
29.546680212020874 318
29.55282735824585 312
29.559390783309937 305
29.5662100315094 300
29.57209014892578 294
29.579209566116333 287
29.585865259170532 282
29.59174680709839 276
29.59937620162964 269
29.606224298477173 264
29.61208152770996 258
29.618930339813232 253
29.625332355499268 248
29.631348133087158 240
29.638057708740234 235
29.644968509674072 228
29.651880264282227 223
29.658771991729736 217
29.66524386405945 212
29.67119026184082 205
29.67781352996826 199
29.684677839279175 194
29.69042992591858 187
29.698232412338257 182
29.705086946487427 176
29.71110486984253 169
29.717681169509888 164
29.724318027496338 158
29.735116720199585 150
29.74119281768799 142
29.749162673950195 135
29.75615096092224 130
29.76204514503479 124
29.76916480064392 117
29.775901556015015 112
29.781924724578857 107
29.788833379745483 101
29.79529094696045 94
29.802166223526 89
29.8091721534729 82
29.81602191925049 76
29.82190442085266 71
29.82878017425537 66
29.835233449935913 60
29.841205835342407 53
29.847750186920166 48
29.855567693710327 40
29.861594438552856 35
29.868279695510864 30
29.875227212905884 24
29.881213903427124 17
29.88777256011963 12
29.894404649734497 6
29.90151596069336 0
29.907900094985962 -6
29.91481375694275 -11
29.92075777053833 -17
29.92729949951172 -26
29.935785055160522 -31
29.941657781600952 -36
29.948096990585327 -44
29.956053733825684 -49
29.961953163146973 -54
29.968838930130005 -60
29.975271940231323 -65
29.981210947036743 -72
29.988935232162476 -79
29.995739936828613 -84
30.003387689590454 -90
30.00933575630188 -97
30.016010761260986 -102
30.021899700164795 -108
30.02875781059265 -113
30.035264253616333 -118
30.041228771209717 -126
30.047808170318604 -132
30.055834531784058 -138
30.061782360076904 -143
30.068336009979248 -149
30.075227975845337 -154
30.081205129623413 -161
30.08772563934326 -167
30.094717979431152 -172
30.1006977558136 -179
30.107956886291504 -184
30.115028619766235 -190
30.121086835861206 -197
30.127854824066162 -206
30.138073444366455 -211
30.14518976211548 -216
30.151182174682617 -224
30.159132957458496 -231
30.16599416732788 -236
30.1718647480011 -242
30.17891025543213 -247
30.185325622558594 -252
30.191330194473267 -260
30.19787335395813 -265
30.205546617507935 -270
30.211565017700195 -277
30.217985153198242 -283
30.22487211227417 -288
30.23083782196045 -295
30.237515926361084 -300
30.244173049926758 -306
30.250106811523438 -313
30.25785493850708 -318
30.264814853668213 -324
30.2707941532135 -329
30.277313232421875 -334
30.28395962715149 -342
30.289987802505493 -347
30.296990156173706 -352
30.303688764572144 -360
30.31071972846985 -365
30.31728959083557 -370
30.323907375335693 -377
30.329787969589233 -382
30.336658000946045 -388
30.3428156375885 -393
30.349361419677734 -404
30.361066818237305 -411
30.373867988586426 -422
30.38116693496704 -429
30.387889862060547 -434
30.394810914993286 -440
30.400792360305786 -445
30.407360792160034 -450
30.41421341896057 -458
30.421324014663696 -465
30.427874326705933 -470
30.43484377861023 -476
30.440802335739136 -481
30.44732666015625 -486
30.453999280929565 -493
30.46004629135132 -499
30.466831922531128 -506
30.47473406791687 -511
30.48071575164795 -516
30.487269163131714 -522
30.49397921562195 -529
30.499970197677612 -534
30.506807327270508 -540
30.513604164123535 -547
30.52069640159607 -552
30.527293920516968 -561
30.53697633743286 -570
30.545880556106567 -576
30.551903247833252 -581
30.55897879600525 -588
30.565820455551147 -593
30.57348895072937 -599
30.579402685165405 -606
30.58606505393982 -611
30.591959953308105 -616
30.59916353225708 -624
30.605886459350586 -629
30.611788511276245 -634
30.618342638015747 -642
30.626131057739258 -647
30.63205361366272 -652
30.638932943344116 -659
30.645742177963257 -665
30.651686668395996 -670
30.658769130706787 -676
30.665262460708618 -681
30.67208504676819 -688
30.679059982299805 -695
30.68563437461853 -700
30.69163203239441 -706
30.69805407524109 -711
30.704935789108276 -716
30.71102499961853 -724
30.71780800819397 -729
30.725587129592896 -736
30.73158621788025 -742
30.7380211353302 -747
30.744882106781006 -752
30.750825881958008 -758
30.75734543800354 -763
30.764002323150635 -770
30.770031690597534 -777
30.777690887451172 -783
30.78438377380371 -788
30.790393352508545 -793
30.797199726104736 -799
30.803908586502075 -806
30.809828519821167 -811
30.81673240661621 -816
30.823363065719604 -824
30.830268621444702 -829
30.8372585773468 -834
30.843887329101562 -842
30.84981870651245 -847
30.85672926902771 -852
30.863426685333252 -858
30.869394063949585 -865
30.87714123725891 -870
30.883840322494507 -877
30.88977575302124 -883
30.89680027961731 -888
30.903618097305298 -895
30.90955424308777 -900
30.916224241256714 -906
30.92210340499878 -913
30.929808378219604 -922
30.940405130386353 -927
30.947428464889526 -934
30.95440983772278 -938
30.960391759872437 -943
30.967316150665283 -946
30.973998308181763 -951
30.98107075691223 -954
30.988778352737427 -957
30.99523401260376 -959
31.00123119354248 -961
31.007773399353027 -962
31.014820337295532 -962
31.020784378051758 -963
31.028038501739502 -962
31.035141468048096 -962
31.041127681732178 -960
31.047656774520874 -959
31.054251670837402 -957
31.06021523475647 -955
31.066973447799683 -953
31.073866844177246 -949
31.080904722213745 -945
31.08747410774231 -943
31.09412670135498 -938
31.100071907043457 -935
31.10686755180359 -931
31.113463163375854 -927
31.119383573532104 -922
31.126027822494507 -918
31.133862018585205 -912
31.139763593673706 -907
31.146408081054688 -903
31.152302026748657 -898
31.15925621986389 -892
31.16605854034424 -887
31.171966314315796 -882
31.17885971069336 -876
31.186350345611572 -871
31.192207098007202 -866
31.199292421340942 -859
31.20591950416565 -854
31.211779356002808 -849
31.21834444999695 -844
31.225212574005127 -837
31.23212742805481 -832
31.23908495903015 -824
31.2456271648407 -821
31.25155782699585 -814
31.2582848072052 -808
31.265110969543457 -803
31.27112054824829 -796
31.27765679359436 -791
31.28531241416931 -786
31.29131770133972 -778
31.2979998588562 -773
31.304888248443604 -767
31.310817003250122 -760
31.317506074905396 -754
31.32412338256836 -749
31.33006978034973 -740
31.34125542640686 -733
31.347910165786743 -727
31.354960680007935 -722
31.360886812210083 -714
31.36758589744568 -709
31.37471294403076 -704
31.380654335021973 -696
31.38786554336548 -690
31.394782066345215 -685
31.400752305984497 -680
31.407246351242065 -674
31.41387701034546 -667
31.41976261138916 -661
31.42678666114807 -656
31.433701753616333 -648
31.440425395965576 -642
31.447200775146484 -637
31.45386552810669 -630
31.4603431224823 -624
31.46729278564453 -618
31.474084854125977 -611
31.480077266693115 -604
31.487751960754395 -598
31.49491024017334 -592
31.500815629959106 -587
31.507292985916138 -581
31.513908863067627 -574
31.519867420196533 -568
31.526759386062622 -563
31.53337264060974 -555
31.540184497833252 -548
31.547903537750244 -542
31.555129289627075 -537
31.561168909072876 -529
31.56787395477295 -524
31.574821710586548 -518
31.580785274505615 -510
31.588072299957275 -505
31.595022916793823 -500
31.601064920425415 -492
31.607616186141968 -486
31.614659309387207 -481
31.620418310165405 -475
31.627209901809692 -470
31.633873224258423 -462
31.640955924987793 -455
31.64749050140381 -449
31.654133796691895 -444
31.660123348236084 -438
31.666866779327393 -432
31.673662900924683 -425
31.680752515792847 -418
31.688347101211548 -412
31.695260524749756 -406
31.70120596885681 -399
31.70768666267395 -393
31.71433138847351 -388
31.720269203186035 -382
31.72709846496582 -377
31.733954906463623 -365
31.745535612106323 -360
31.751421689987183 -352
31.75811195373535 -346
31.765202045440674 -341
31.77121877670288 -334
31.77774143218994 -328
31.784406900405884 -322
31.791523694992065 -315
31.79823112487793 -310
31.805022716522217 -304
31.811037302017212 -296
31.817782402038574 -291
31.824661254882812 -286
31.830658674240112 -276
31.839643478393555 -270
31.847236156463623 -265
31.85405731201172 -258
31.860062837600708 -252
31.866894721984863 -246
31.87353014945984 -240
31.879407167434692 -233
31.88606023788452 -228
31.893603086471558 -222
31.89949655532837 -211
31.911255359649658 -203
31.917945623397827 -198
31.925249338150024 -192
31.93119764328003 -185
31.937739849090576 -177
31.945884227752686 -172
31.951842546463013 -166
31.958351612091064 -160
31.965217351913452 -155
31.971229314804077 -148
31.977904796600342 -142
31.984858989715576 -134
31.99159049987793 -129
31.999306201934814 -121
32.00594735145569 -116
32.01179075241089 -110
32.01835513114929 -104
32.02518653869629 -99
32.03117561340332 -92
32.0378839969635 -86
32.04556918144226 -80
32.05140209197998 -73
32.057990312576294 -67
32.06485676765442 -62
32.07078433036804 -54
32.07747149467468 -48
32.08414959907532 -43
32.09009003639221 -36
32.09776067733765 -30
32.104403018951416 -24
32.11040258407593 -19
32.117191553115845 -13
32.12383008003235 -6
32.1297242641449 0
32.13626265525818 11
32.14785575866699 18
32.15692687034607 28
32.16757369041443 37
32.17687225341797 43
32.18351745605469 50
32.1901478767395 58
32.19922494888306 65
32.20631766319275 70
32.21219825744629 76
32.219249963760376 84
32.22588229179382 89
32.23176908493042 95
32.238322019577026 100
32.24521827697754 108
32.25206756591797 114
32.25894021987915 119
32.265350580215454 124
32.2713418006897 132
32.27801442146301 138
32.28489375114441 143
32.29081130027771 149
32.29808688163757 156
32.30502963066101 162
32.31105017662048 169
32.31757950782776 175
32.32418727874756 180
32.3301157951355 186
32.33709454536438 192
32.3437864780426 199
32.35083889961243 205
32.35734677314758 210
32.36398959159851 218
32.36986708641052 225
32.377975940704346 231
32.38486933708191 236
32.390780448913574 242
32.39746618270874 250
32.40513586997986 255
32.41114830970764 262
32.417680740356445 268
32.42431592941284 274
32.43028807640076 279
32.43707323074341 285
32.44376254081726 292
32.45075178146362 300
32.457470655441284 306
32.46427321434021 311
32.470282793045044 316
32.477054834365845 322
32.48371148109436 330
32.48958373069763 335
32.49622893333435 341
32.50388145446777 348
32.50977611541748 354
32.51675748825073 360
32.52283239364624 365
32.52929902076721 372
32.53593587875366 382
32.54739737510681 390
32.555179595947266 395
32.56118035316467 402
32.56792140007019 408
32.57509803771973 414
32.58110189437866 421
32.58766436576843 427
32.59466242790222 432
32.60038661956787 440
32.60796904563904 445
32.614882469177246 451
32.62081027030945 456
32.62732696533203 462
32.63410687446594 470
32.640114068984985 475
32.6468608379364 480
32.65425992012024 488
32.66021680831909 494
32.66698670387268 499
32.67370057106018 506
32.679574489593506 512
32.68618083000183 518
32.69202399253845 524
32.6991925239563 531
32.70676898956299 536
32.713388204574585 542
32.719308614730835 550
32.72610521316528 555
32.73199677467346 561
32.73889350891113 566
32.74528694152832 572
32.751214027404785 579
32.75918006896973 587
32.765825510025024 592
