00
0.00010895729064941406 0
0.013940095901489258 1
0.02075648307800293 2
0.02734065055847168 3
0.035372018814086914 4
0.04221224784851074 7
0.049101829528808594 10
0.058374643325805664 13
0.06448650360107422 17
0.07108807563781738 22
0.07893490791320801 26
0.08788776397705078 30
0.09400367736816406 36
0.10078907012939453 39
0.10862588882446289 43
0.1168973445892334 49
0.12352752685546875 53
0.13067078590393066 58
0.13869047164916992 61
0.1474153995513916 67
0.15346646308898926 70
0.16058707237243652 74
0.16843461990356445 78
0.1763930320739746 84
0.18346691131591797 87
0.19059348106384277 90
0.19837284088134766 94
0.20447397232055664 100
0.21213483810424805 105
0.22110462188720703 108
0.22825098037719727 111
0.23430442810058594 114
0.24210572242736816 120
0.2510673999786377 122
0.258209228515625 126
0.2643251419067383 130
0.2721426486968994 134
0.281095027923584 139
0.2918436527252197 143
0.2990238666534424 146
0.3084111213684082 149
0.3145103454589844 153
0.3212547302246094 156
0.3304469585418701 158
0.3363513946533203 162
0.3431575298309326 164
0.3502044677734375 167
0.35611701011657715 170
0.36303114891052246 173
0.3701605796813965 176
0.3778555393218994 179
0.3840053081512451 182
0.3907186985015869 184
0.39740753173828125 186
0.4038374423980713 189
0.4106595516204834 191
0.4173295497894287 194
0.4235270023345947 198
0.4313936233520508 200
0.4385716915130615 203
0.44535183906555176 205
0.45241260528564453 208
0.46046948432922363 210
0.466813325881958 214
0.47341227531433105 216
0.4814412593841553 218
0.4885725975036621 221
0.4946258068084717 224
0.5012097358703613 226
0.5083723068237305 227
0.5144481658935547 230
0.5210914611816406 233
0.5291538238525391 234
0.535224199295044 236
0.5422286987304688 239
0.5491683483123779 241
0.5552241802215576 242
0.5620386600494385 245
0.5689208507537842 247
0.574927806854248 249
0.5825245380401611 252
0.5894372463226318 254
0.5954525470733643 255
0.6024892330169678 257
0.6093785762786865 259
0.6153812408447266 260
0.6222536563873291 262
0.6302924156188965 264
0.6362426280975342 267
0.6431505680084229 269
0.6502964496612549 270
0.6562461853027344 272
0.6632513999938965 274
0.6703059673309326 276
0.6762642860412598 278
0.6843245029449463 281
0.6953830718994141 283
0.702416181564331 285
0.7094390392303467 286
0.7154722213745117 289
0.7226624488830566 290
0.7305686473846436 292
0.7373204231262207 294
0.7433915138244629 295
0.7504639625549316 296
0.7563748359680176 298
0.7632274627685547 299
0.7703771591186523 300
0.7762818336486816 302
0.7845041751861572 304
0.7912321090698242 306
0.7984006404876709 307
0.8045024871826172 309
0.8110864162445068 310
0.8183152675628662 311
0.8244268894195557 313
0.8322410583496094 314
0.8392987251281738 315
0.8453369140625 316
0.8521802425384521 318
0.8590271472930908 319
0.8652255535125732 320
0.8720285892486572 322
0.8789112567901611 323
0.8859000205993652 324
0.8924388885498047 326
0.8994791507720947 327
0.9055054187774658 328
0.912416934967041 330
0.9194505214691162 330
0.9254631996154785 332
0.9323396682739258 333
0.940406084060669 334
0.9463229179382324 336
0.9531142711639404 336
0.960397481918335 338
0.9663131237030029 339
0.973064661026001 340
0.9800858497619629 341
0.9878110885620117 342
0.9939985275268555 344
1.0007143020629883 344
1.007387399673462 345
1.013420820236206 346
1.0205910205841064 347
1.02685546875 348
1.0332627296447754 350
1.0410816669464111 350
1.0483627319335938 351
1.0544545650482178 352
1.061049461364746 353
1.0681390762329102 354
1.0740888118743896 355
1.0810158252716064 357
1.0913090705871582 358
1.1004507541656494 359
1.1063899993896484 360
1.113375186920166 360
1.120558261871338 361
1.1268031597137451 362
1.1332759857177734 363
1.1412711143493652 364
1.1483759880065918 364
1.1544547080993652 365
1.1610913276672363 366
1.1682000160217285 367
1.1741013526916504 368
1.1810131072998047 368
1.1888935565948486 370
1.1949200630187988 370
1.2019298076629639 370
1.2088420391082764 371
1.2148587703704834 372
1.2217891216278076 374
1.228675127029419 374
1.2347075939178467 375
1.2431528568267822 376
1.2501518726348877 376
1.2560410499572754 377
1.262920618057251 378
1.2701499462127686 378
1.276017427444458 380
1.2826368808746338 380
1.2906792163848877 380
1.2973811626434326 381
1.3033959865570068 382
1.3106207847595215 382
1.3168654441833496 383
1.3234398365020752 384
1.330479383468628 384
1.3367583751678467 385
1.344465732574463 386
1.3510918617248535 386
1.3581981658935547 387
1.364095687866211 388
1.370802640914917 388
1.3774127960205078 388
1.3838629722595215 389
1.391413927078247 390
1.398604393005371 390
1.404616355895996 391
1.4112377166748047 392
1.418405532836914 392
1.4244701862335205 392
1.4310517311096191 392
1.4383466243743896 394
1.4462487697601318 394
1.4531986713409424 395
1.4610588550567627 396
1.4683473110198975 396
1.4744644165039062 396
1.481071949005127 396
1.4881298542022705 398
1.4999725818634033 398
1.5058872699737549 399
1.5128729343414307 400
1.5201606750488281 400
1.5260558128356934 400
1.532630443572998 400
1.5394186973571777 401
1.5473198890686035 402
1.5533721446990967 402
1.560539722442627 402
1.5663771629333496 403
1.5733089447021484 404
1.5803637504577637 404
1.5862765312194824 404
1.5930066108703613 405
1.6008810997009277 405
1.6078133583068848 406
1.6138250827789307 406
1.6207785606384277 406
1.6273880004882812 407
1.6334655284881592 407
1.640533208847046 408
1.648432731628418 408
1.6545069217681885 408
1.6610867977142334 408
1.6681478023529053 408
1.6740398406982422 410
1.680922269821167 410
1.687842607498169 410
1.6939442157745361 410
1.7018918991088867 410
1.7087478637695312 410
1.714798927307129 411
1.7213594913482666 412
1.7285292148590088 412
1.7345807552337646 412
1.7413296699523926 413
1.749265432357788 413
1.7552971839904785 413
1.762087345123291 413
1.768981695175171 413
1.774982213973999 414
1.7818059921264648 414
1.788944959640503 415
1.79496431350708 415
1.802863359451294 415
1.8099563121795654 416
1.8158516883850098 416
1.8225147724151611 416
1.8299596309661865 416
1.8358807563781738 416
1.842451810836792 417
1.8503906726837158 417
1.856339454650879 418
1.8633241653442383 418
1.8704159259796143 418
1.8763587474822998 418
1.8832297325134277 418
1.8935484886169434 419
1.9015109539031982 420
1.9088845252990723 420
1.914921760559082 420
1.9219863414764404 420
1.9288413524627686 420
1.9348785877227783 420
1.941439151763916 420
1.9485325813293457 421
1.9554109573364258 421
1.962477445602417 422
1.9693458080291748 422
1.9753799438476562 422
1.9823949337005615 422
1.9892492294311523 422
1.9975533485412598 422
2.0048532485961914 422
2.011409282684326 423
2.018587827682495 423
2.024620532989502 424
2.031165599822998 424
2.038416862487793 424
2.0445210933685303 423
2.052064895629883 423
2.059002161026001 424
2.065028190612793 424
2.071953773498535 425
2.0789148807525635 425
2.0849461555480957 425
2.0919744968414307 425
2.0989389419555664 425
2.1058413982391357 425
2.112440586090088 425
2.1192550659179688 426
2.1252248287200928 426
2.132148504257202 426
2.1390719413757324 426
2.145066738128662 426
2.1519296169281006 426
2.160158634185791 426
2.166024923324585 426
2.1725902557373047 427
2.179415702819824 427
2.1854984760284424 427
2.192340612411499 427
2.19931697845459 427
2.2063372135162354 427
2.2131764888763428 428
2.2203924655914307 428
2.2263474464416504 428
2.233170747756958 428
2.240250587463379 428
2.2461249828338623 428
2.252676010131836 428
2.260674238204956 428
2.267324209213257 428
2.273378610610962 428
2.2805471420288086 429
2.2868499755859375 429
2.297508955001831 429
2.3039491176605225 429
2.3118579387664795 429
2.3188650608062744 430
2.3249378204345703 430
2.3315510749816895 430
2.3388404846191406 429
2.3448750972747803 429
2.351881504058838 429
2.359489917755127 429
2.3654680252075195 430
2.3723881244659424 430
2.3792567253112793 429
2.385279655456543 429
2.3920726776123047 429
2.3990445137023926 430
2.4050188064575195 430
2.412633180618286 430
2.419498920440674 429
2.425485134124756 429
2.432333469390869 429
2.4391918182373047 429
2.446139335632324 430
2.4530062675476074 430
2.4619407653808594 430
2.4689221382141113 429
2.4749066829681396 429
2.4818780422210693 429
2.4887735843658447 429
2.4947876930236816 430
2.5193259716033936 430
2.5254108905792236 430
2.5343310832977295 431
2.541114330291748 431
2.548222303390503 430
2.5542402267456055 430
2.561805009841919 431
2.5686581134796143 431
2.5747365951538086 431
2.581498861312866 430
2.5885889530181885 430
2.5946388244628906 430
2.6012091636657715 430
2.6084017753601074 431
2.6152689456939697 431
2.6221373081207275 431
2.6290838718414307 430
2.6350839138031006 430
2.642104148864746 430
2.648991823196411 430
2.6549975872039795 431
2.6626601219177246 431
2.669865846633911 431
2.675844192504883 431
2.682462215423584 430
2.6893136501312256 430
2.7006146907806396 431
2.7079074382781982 431
2.7151448726654053 432
2.7222046852111816 431
2.7291221618652344 431
2.7351527214050293 431
2.74216628074646 431
2.7490148544311523 431
2.754977226257324 431
2.761962652206421 432
2.769970178604126 432
2.7759056091308594 432
2.7825207710266113 432
2.7893528938293457 432
2.79533314704895 432
2.802130937576294 432
2.8089678287506104 432
2.815948009490967 432
2.8228397369384766 432
2.829521894454956 432
2.835543394088745 432
2.842420816421509 432
2.84928035736084 432
2.8552498817443848 432
2.8620364665985107 432
2.8701295852661133 432
2.8759775161743164 432
2.8826725482940674 432
2.8894765377044678 432
2.8954615592956543 432
2.9023385047912598 432
2.9092020988464355 432
2.9162158966064453 432
2.9230241775512695 432
2.9300777912139893 432
2.9359376430511475 432
2.942810297012329 432
2.9494788646698 432
2.9554500579833984 432
2.96229887008667 432
2.970226526260376 432
2.9760966300964355 432
2.9826626777648926 432
2.989506959915161 432
2.9954981803894043 432
3.002539873123169 432
3.009375810623169 432
3.015410900115967 432
3.02314829826355 432
3.0301079750061035 432
3.035931348800659 432
3.042511463165283 432
3.04935359954834 432
3.0552947521209717 432
3.0622425079345703 432
3.070169687271118 432
3.0759732723236084 432
3.082557201385498 432
3.0893893241882324 432
3.1005587577819824 432
3.106401205062866 432
3.1132912635803223 432
3.1213462352752686 432
3.128758668899536 432
3.134769916534424 432
3.141298770904541 432
3.1483876705169678 432
3.1544623374938965 432
3.1610493659973145 432
3.167912483215332 432
3.1749069690704346 432
3.1818888187408447 432
3.188772439956665 432
3.1947672367095947 432
3.2013118267059326 432
3.208425283432007 432
3.21443772315979 432
3.2220866680145264 432
3.228975534439087 432
3.2349839210510254 432
3.2419581413269043 432
3.248826026916504 432
3.254817247390747 432
3.26149845123291 432
3.268604278564453 432
3.2754039764404297 432
3.282250165939331 432
3.2891249656677246 432
3.2950639724731445 432
3.3020389080047607 432
3.3088600635528564 432
3.3148322105407715 432
3.322392225265503 432
3.329282283782959 432
3.335233211517334 432
3.3419790267944336 432
3.3488333225250244 432
3.3548130989074707 432
3.361494302749634 432
3.3685765266418457 432
3.3753509521484375 432
3.382233142852783 432
3.389260768890381 432
3.395238161087036 432
3.402024745941162 432
3.4088802337646484 432
3.4148404598236084 432
3.4215030670166016 432
3.4292988777160645 432
3.4352867603302 432
3.4430172443389893 432
3.4501399993896484 432
3.4560039043426514 432
3.4635493755340576 432
3.4707162380218506 432
3.4786295890808105 432
3.484633207321167 432
3.491133451461792 432
3.5014455318450928 432
3.50864577293396 432
3.5146546363830566 432
3.5214390754699707 432
3.5294432640075684 432
3.535460948944092 432
3.5424447059631348 432
3.549241542816162 432
3.5552239418029785 432
3.562091588973999 432
3.5689399242401123 432
3.574913263320923 432
3.582531452178955 432
3.5893445014953613 432
3.5953562259674072 432
3.602391004562378 432
3.6092376708984375 432
3.615238666534424 432
3.6220102310180664 432
3.630011558532715 432
3.635878324508667 432
3.6424574851989746 432
3.6494452953338623 432
3.6554665565490723 432
3.662458896636963 432
3.6692841053009033 432
3.675266981124878 432
3.682931661605835 432
3.689981698989868 432
3.6958823204040527 432
3.7025105953216553 432
3.713047981262207 432
3.720303535461426 432
3.72622013092041 432
3.734095811843872 432
3.7407853603363037 432
3.747407913208008 432
3.757378339767456 432
3.7638022899627686 432
3.7707645893096924 432
3.777390718460083 432
3.784905195236206 432
3.7914469242095947 432
3.7985525131225586 432
3.804574728012085 432
3.8111507892608643 432
3.8182570934295654 432
3.8243188858032227 432
3.831831693649292 432
3.8388023376464844 432
3.8448476791381836 432
3.8514292240142822 432
3.858546733856201 432
3.8645644187927246 432
3.8711154460906982 432
3.878218412399292 432
3.8850698471069336 432
3.8918938636779785 432
3.901386260986328 432
3.9100897312164307 432
3.915973424911499 432
3.922868251800537 432
3.9300785064697266 432
3.9375364780426025 432
3.9435207843780518 432
3.950552463531494 432
3.956834316253662 432
3.963397741317749 432
3.9704439640045166 432
3.976348638534546 432
3.98435115814209 432
3.990962266921997 432
3.9977967739105225 432
4.0037841796875 432
4.010619163513184 432
4.016820192337036 432
4.023388862609863 432
4.030390977859497 432
4.038427829742432 432
4.044487953186035 432
4.051093816757202 432
4.058123826980591 432
4.064036130905151 432
4.070793628692627 432
4.077409029006958 432
4.084734678268433 432
4.091311931610107 432
4.098461627960205 432
4.104506731033325 432
4.1110615730285645 432
4.118178844451904 432
4.124085426330566 432
4.1307432651519775 432
4.138751983642578 432
4.144787311553955 432
4.151327133178711 432
4.158404350280762 432
4.164442777633667 432
4.171181917190552 432
4.178261756896973 432
4.184292554855347 432
4.192216157913208 432
4.199246406555176 432
4.205223321914673 432
4.212019920349121 432
4.218879461288452 432
4.224885940551758 432
4.231429100036621 432
4.239201784133911 432
4.24521279335022 432
4.251984357833862 432
4.258922815322876 432
4.264944553375244 432
4.271514177322388 432
4.278597593307495 432
4.284588098526001 432
4.2921435832977295 432
4.302629232406616 432
4.310041666030884 432
4.315954923629761 432
4.322927713394165 432
4.3300909996032715 432
4.335937023162842 432
4.343404293060303 432
4.350403308868408 432
4.356274366378784 432
4.363025665283203 432
4.370051860809326 432
4.375900030136108 432
4.382646799087524 432
4.390650749206543 432
4.397291660308838 432
4.403279542922974 432
4.410309553146362 432
4.41618800163269 432
4.4228973388671875 432
4.430157423019409 432
4.435983896255493 432
4.4449543952941895 432
4.451935529708862 432
4.458930969238281 432
4.465813636779785 432
4.472619295120239 432
4.479451417922974 432
4.485456705093384 432
4.493288516998291 432
4.500500202178955 432
4.5063862800598145 432
4.513199806213379 432
4.521383762359619 432
4.528516530990601 432
4.534517765045166 432
4.542140245437622 432
4.549034595489502 432
4.555053234100342 432
4.562055826187134 432
4.568932771682739 432
4.574930191040039 432
4.581470012664795 432
4.588555097579956 432
4.595387935638428 432
4.602243423461914 432
4.609115123748779 431
4.615095853805542 431
4.622241735458374 432
4.629118919372559 432
4.635152339935303 432
4.641974449157715 432
4.649997711181641 432
4.6558709144592285 431
4.662535667419434 431
4.669419765472412 431
4.675426721572876 432
4.682537078857422 432
4.689548969268799 432
4.697350263595581 431
4.708706855773926 431
4.714746952056885 432
4.721492767333984 432
4.7287633419036865 432
4.734835386276245 432
4.7415125370025635 431
4.749450445175171 431
4.755457162857056 432
4.762289524078369 432
4.769155025482178 432
4.775146245956421 432
4.781923294067383 431
4.788787126541138 431
4.795855283737183 432
4.802837371826172 432
4.809841632843018 432
4.815797567367554 431
4.822615146636963 431
4.829499006271362 431
4.8355553150177 432
4.842447757720947 432
4.850547790527344 432
4.8568115234375 431
4.863389253616333 431
4.870498895645142 431
4.876821517944336 432
4.883233308792114 432
4.890255689620972 432
4.898128509521484 432
4.9040749073028564 431
4.910788297653198 431
4.917415142059326 432
4.923774719238281 432
4.930624485015869 432
4.937265396118164 431
4.943327188491821 431
4.95121431350708 431
4.958374977111816 432
4.964418411254883 432
4.971057176589966 432
4.978301763534546 432
4.98438835144043 431
4.990965366363525 431
4.997880458831787 431
5.004913806915283 431
5.011488437652588 432
5.018575191497803 432
5.024625778198242 432
5.037442684173584 431
5.0440638065338135 431
5.051553249359131 431
5.058628559112549 430
5.064669847488403 430
5.071312427520752 430
5.07857871055603 430
5.084619522094727 430
5.091184616088867 430
5.098496913909912 430
5.110171318054199 430
5.11603569984436 430
5.122907400131226 430
5.130216360092163 430
5.136088132858276 430
5.14267110824585 429
5.14951491355896 429
5.157410383224487 429
5.1638383865356445 429
5.170658588409424 429
5.1773693561553955 429
5.183447599411011 429
5.190465688705444 429
5.196378469467163 429
5.204438924789429 429
5.211196422576904 429
5.218507766723633 428
5.224520206451416 428
5.231125116348267 428
5.2382588386535645 429
5.244288444519043 429
5.2509167194366455 429
5.258683204650879 429
5.264737844467163 429
5.27128267288208 428
5.278548240661621 428
5.284640550613403 428
5.291242599487305 429
5.2983787059783936 429
5.305110216140747 429
5.311927795410156 429
5.318774223327637 429
5.324819326400757 428
5.331344127655029 428
5.338654041290283 428
5.344711780548096 429
5.351328611373901 429
5.359229803085327 429
5.365244388580322 429
5.3720383644104 429
5.3789331912994385 429
5.384916543960571 428
5.391462564468384 428
5.398715972900391 428
5.404795408248901 429
5.412446737289429 429
5.419339656829834 429
5.425307989120483 429
5.433142423629761 429
5.440297603607178 428
5.446222543716431 428
5.4532153606414795 429
5.462193965911865 429
5.469273805618286 429
5.475277423858643 428
5.482133865356445 428
5.489040374755859 429
5.495025873184204 429
5.50633978843689 428
5.51456880569458 428
5.521441459655762 427
5.528750896453857 427
5.534846544265747 426
5.541482448577881 426
5.548642158508301 426
5.5547192096710205 427
5.562337398529053 427
5.569214344024658 427
5.575219392776489 426
5.582218408584595 426
5.5891265869140625 426
5.59521222114563 426
5.602223873138428 426
5.610230445861816 426
5.6162495613098145 426
5.6230480670928955 426
5.630069017410278 426
5.635923624038696 426
5.64263391494751 426
5.649524688720703 426
5.655544757843018 426
5.663403272628784 426
5.670441150665283 425
5.676362037658691 425
5.683198928833008 425
5.690287351608276 425
5.696185350418091 426
5.703104257583618 426
5.711804389953613 425
5.718786001205444 425
5.724842548370361 424
5.73188328742981 425
5.738767623901367 425
5.744847774505615 425
5.751441717147827 425
5.758721828460693 425
5.765509843826294 425
5.772430181503296 425
5.779211521148682 425
5.785234689712524 425
5.792262554168701 425
5.799131631851196 425
5.805095911026001 425
5.811896324157715 425
5.820067644119263 425
5.825935363769531 424
5.832571983337402 424
5.83945369720459 425
5.84548020362854 425
5.852339744567871 424
5.859331846237183 424
5.866333723068237 424
5.8731465339660645 424
5.8803369998931885 424
5.886250019073486 424
5.892939805984497 424
5.900035381317139 424
5.910881280899048 424
5.919115304946899 424
5.925167798995972 424
5.9321229457855225 424
5.939129114151001 424
5.945127964019775 424
5.9519126415252686 424
5.958766222000122 424
5.965552568435669 424
5.972462177276611 424
5.9792749881744385 424
5.985288143157959 424
5.992264747619629 424
5.999290943145752 424
6.005289793014526 423
6.012199401855469 424
6.020283222198486 424
6.026217460632324 424
6.032935380935669 424
6.040085315704346 424
6.0459208488464355 423
6.052525043487549 423
6.059992790222168 423
6.065951824188232 423
6.073487758636475 423
6.080512762069702 423
6.086384296417236 423
6.093172311782837 423
6.100273847579956 423
6.106187105178833 423
6.112889289855957 422
6.120928525924683 422
6.127828359603882 422
6.13395619392395 423
6.140620946884155 423
6.147260904312134 423
6.153336048126221 423
6.1603333950042725 422
6.166274070739746 422
6.17424750328064 423
6.181048393249512 423
6.18811821937561 423
6.1940343379974365 422
6.200723171234131 422
6.207420587539673 422
6.213460445404053 423
6.22127628326416 423
6.228446006774902 423
6.234542608261108 422
6.241340160369873 422
6.248596429824829 422
6.2546608448028564 423
6.262059688568115 423
6.2689430713653564 423
6.275960445404053 422
6.2825706005096436 422
6.289495468139648 422
6.295783996582031 423
6.30259108543396 423
6.314011812210083 422
6.32189154624939 422
6.328975200653076 422
6.335031270980835 422
6.342052936553955 422
6.34892201423645 422
6.354919195175171 422
6.361917734146118 422
6.368789434432983 422
6.375788927078247 421
6.382617712020874 421
6.389492750167847 421
6.395518779754639 422
6.402413606643677 422
6.409276962280273 422
6.415294647216797 422
6.4232399463653564 421
6.431212902069092 421
6.438525438308716 422
6.444512844085693 422
6.451293230056763 422
6.458576917648315 421
6.4652605056762695 421
6.472116231918335 421
6.480289697647095 422
6.4861838817596436 422
6.492908716201782 422
6.500079870223999 422
6.505950689315796 421
6.512818813323975 421
6.519854545593262 421
6.526862382888794 421
6.533264875411987 421
6.540446996688843 422
6.546339750289917 422
6.553162574768066 421
6.5602192878723145 421
6.566194772720337 421
6.572903633117676 421
6.58076810836792 421
6.58741307258606 421
6.5938379764556885 421
6.600784778594971 421
6.60741114616394 421
6.613420486450195 421
6.620472192764282 420
6.628407716751099 420
6.634499549865723 420
6.6413068771362305 420
6.648400068283081 420
6.654440402984619 420
6.661180257797241 420
6.668242931365967 420
6.674293518066406 420
6.681856632232666 420
6.688734531402588 420
6.694717645645142 420
6.701239109039307 420
6.708435535430908 420
6.720082998275757 420
6.725988864898682 420
6.733852863311768 420
6.7407636642456055 420
6.747407674789429 420
6.753437280654907 420
6.760469436645508 420
6.766387701034546 420
6.773321151733398 420
6.781307935714722 420
6.788390636444092 420
6.794448614120483 420
6.8010663986206055 420
6.80818510055542 420
6.814102411270142 420
6.820812940597534 420
6.827443361282349 420
6.834688425064087 420
6.841458559036255 420
6.848581314086914 420
6.854556322097778 420
6.861154079437256 420
6.8682615756988525 420
6.874348878860474 420
6.88189697265625 420
6.888786792755127 420
6.894827842712402 420
6.901810646057129 420
6.908645391464233 420
6.914658546447754 420
6.921203851699829 420
6.92834734916687 420
6.935173511505127 420
6.941977262496948 420
6.948782920837402 420
6.954796314239502 420
6.961485862731934 420
6.968560695648193 420
6.974547863006592 420
6.982138395309448 420
6.989079713821411 420
6.995057582855225 420
7.001887798309326 420
7.008771181106567 420
7.014761686325073 420
7.021499872207642 420
7.028756380081177 420
7.037838459014893 420
7.044007778167725 420
7.050702095031738 420
7.057316541671753 420
7.063329458236694 420
7.070389032363892 420
7.076276063919067 420
7.08444619178772 420
7.0910632610321045 420
7.098156213760376 420
7.10404896736145 420
7.110738277435303 420
7.12113356590271 420
7.128357887268066 420
7.13520073890686 420
7.142290353775024 420
7.149211406707764 420
7.155214548110962 420
7.162221193313599 420
7.169109106063843 420
7.175094366073608 420
7.1819093227386475 420
7.189495325088501 420
7.19550085067749 420
7.202549934387207 420
7.209376335144043 420
7.215375185012817 420
7.222244501113892 420
7.229134798049927 420
7.236142158508301 420
7.242808103561401 420
7.249514579772949 420
7.255537271499634 420
7.262577056884766 420
7.269411087036133 420
7.275386810302734 420
7.282247304916382 420
7.290398120880127 420
7.296290874481201 420
7.30301308631897 420
7.310068845748901 420
7.315926790237427 420
7.32266092300415 420
7.329498291015625 420
7.335494518280029 420
7.343317031860352 420
7.350343942642212 420
7.356243848800659 420
7.3630170822143555 420
7.3700950145721436 420
7.375941038131714 420
7.3826494216918945 420
7.390571594238281 420
7.396808862686157 420
7.403194189071655 420
7.4102232456207275 419
7.416104793548584 419
7.423077821731567 419
7.430145263671875 419
7.437887191772461 419
7.445150136947632 419
7.452186107635498 419
7.462478876113892 419
7.469856023788452 419
7.475787162780762 419
7.482605218887329 419
7.490828275680542 418
7.497539520263672 418
7.5040669441223145 419
7.510805130004883 419
7.521369934082031 419
7.528648853302002 419
7.534715890884399 419
7.542443513870239 418
7.549413442611694 418
7.555439472198486 418
7.562501430511475 418
7.569360017776489 418
7.575340509414673 419
7.5822227001190186 418
7.5891759395599365 418
7.610332727432251 418
7.616358518600464 419
7.623282194137573 419
7.630351543426514 420
7.636304616928101 419
7.644080400466919 419
7.650818109512329 419
7.657408237457275 419
7.663414239883423 418
7.670499801635742 418
7.676836013793945 418
7.683472633361816 419
7.690495729446411 419
7.69843316078186 419
7.704469442367554 419
7.711021900177002 419
7.718105316162109 418
7.724076271057129 418
7.730835676193237 419
7.737515449523926 419
7.744900465011597 419
7.751486778259277 419
7.75860857963562 419
7.764595985412598 418
7.771194696426392 418
7.778361558914185 418
7.7844719886779785 419
7.79105281829834 419
7.799317121505737 418
7.80535888671875 418
7.812436103820801 418
7.819284677505493 418
7.825279712677002 418
7.832067251205444 418
7.838959217071533 417
7.845949649810791 417
7.85265326499939 417
7.860098123550415 417
7.865971803665161 417
7.872569799423218 417
7.879428148269653 417
7.885453224182129 417
7.89232611656189 417
7.900325059890747 417
7.906232118606567 417
7.913004398345947 416
7.923437595367432 416
7.930697917938232 416
7.937360048294067 416
7.94395899772644 416
7.9515464305877686 416
7.958625078201294 416
7.964660882949829 416
7.971222639083862 416
7.978533744812012 416
7.984567642211914 416
7.991121768951416 416
7.998870611190796 416
8.00493597984314 416
8.011537075042725 416
8.018634796142578 416
8.024625539779663 416
8.031248331069946 416
8.038543701171875 416
8.044600009918213 416
8.052237749099731 415
8.059176921844482 415
8.065199375152588 415
8.072237491607666 416
8.079140901565552 415
8.085137844085693 415
8.092032670974731 415
8.099093914031982 415
8.10628080368042 415
8.113035202026367 415
8.120065212249756 415
8.12592339515686 415
8.132561922073364 415
8.13937783241272 415
8.145395040512085 415
8.153233528137207 415
8.160408973693848 415
8.16630482673645 415
8.173070907592773 415
8.180108547210693 415
8.185935020446777 415
8.192578315734863 415
8.199934959411621 415
8.207388162612915 415
8.213436365127563 415
8.220631837844849 415
8.22691035270691 415
8.23329782485962 415
8.240280628204346 415
8.246175050735474 415
8.254079818725586 415
8.260783433914185 415
8.26740574836731 415
8.273432731628418 415
8.280597686767578 415
8.286893606185913 415
8.29329228401184 415
8.300296545028687 415
8.308172702789307 415
8.314100503921509 415
8.32473111152649 415
8.331523418426514 415
8.33892822265625 415
8.344929456710815 415
8.351826190948486 415
8.359381198883057 415
8.365386724472046 415
8.37226152420044 415
8.379125595092773 415
8.385095834732056 415
8.391911029815674 415
8.398906469345093 415
8.405840873718262 415
8.412434816360474 415
8.419267654418945 415
8.42527723312378 415
8.432902812957764 415
8.440120697021484 415
8.445965766906738 415
8.452840089797974 415
8.462048053741455 415
8.468939781188965 415
8.474926233291626 415
8.48155665397644 415
8.48862338066101 415
8.494618654251099 415
8.501169204711914 415
8.509056091308594 415
8.515033721923828 415
8.522045373916626 415
8.528921842575073 415
8.534913063049316 415
8.541454315185547 415
8.548572301864624 415
8.554556608200073 415
8.562160015106201 415
8.569007158279419 415
8.575015306472778 415
8.58202052116394 415
8.589051246643066 415
8.59512209892273 415
8.601920366287231 415
8.609456062316895 415
8.615455627441406 415
8.622329235076904 415
8.629191875457764 415
8.63521671295166 415
8.642275094985962 414
8.64998483657837 414
8.655926704406738 414
8.663534879684448 415
8.670546054840088 415
8.676855087280273 414
8.683267831802368 414
8.690404653549194 414
8.696341514587402 414
8.70331621170044 414
8.71446704864502 414
8.725049257278442 414
8.732045412063599 414
8.739088773727417 414
8.745092153549194 414
8.752041578292847 413
8.759113311767578 413
8.766180753707886 414
8.77397108078003 414
8.780728340148926 414
8.787378311157227 413
8.793417930603027 413
8.80055832862854 413
8.807246685028076 413
8.814544916152954 413
8.82123064994812 413
8.828330755233765 413
8.83437442779541 413
8.840978622436523 413
8.847890377044678 413
8.85429310798645 412
8.860912799835205 412
8.868890285491943 413
8.874917268753052 413
8.881941318511963 413
8.888826370239258 413
8.8948233127594 413
8.90136456489563 412
8.908481121063232 412
8.915283679962158 412
8.92221474647522 413
8.929090023040771 413
8.935118675231934 413
8.942123651504517 413
8.949048519134521 412
8.95512580871582 412
8.961946964263916 412
8.9700345993042 413
8.975931167602539 413
8.982815027236938 413
8.989548444747925 413
8.995553493499756 412
9.002614259719849 412
9.00950813293457 412
9.017518997192383 413
9.023550987243652 413
9.030640602111816 413
9.037274360656738 413
9.043290376663208 412
9.050326108932495 412
9.056257724761963 413
9.063231229782104 413
9.071038007736206 413
9.078142166137695 413
9.084015607833862 413
9.090786695480347 412
9.097404479980469 412
9.103453159332275 412
9.110691785812378 412
9.122287273406982 413
9.129369974136353 413
9.135392665863037 413
9.142439842224121 412
9.149446249008179 412
9.155466318130493 413
9.16234040260315 413
9.17031216621399 413
9.176225185394287 412
9.183175802230835 412
9.19027829170227 412
9.196244955062866 413
9.203028678894043 413
9.210108995437622 413
9.215935468673706 412
9.223464727401733 412
9.230735778808594 412
9.237419843673706 413
9.243840217590332 413
9.250668287277222 413
9.257349967956543 412
9.263380289077759 412
9.271108627319336 413
9.278226137161255 413
9.284247636795044 413
9.290914297103882 413
9.297554969787598 413
9.304091691970825 412
9.31086015701294 412
9.317781925201416 413
9.324824333190918 413
9.33136510848999 413
9.338564395904541 413
9.344554424285889 412
9.351202964782715 412
9.35859990119934 413
9.364631652832031 413
9.372430086135864 413
9.379271745681763 412
9.38527798652649 412
9.392168283462524 412
9.399112701416016 412
9.405075788497925 412
9.411899089813232 413
9.418922901153564 412
9.425982236862183 412
9.433510303497314 412
9.440748929977417 412
9.44740104675293 412
9.453551054000854 412
9.461410284042358 412
9.468541860580444 412
9.475399255752563 412
9.482424974441528 412
9.489276885986328 412
9.495269536972046 412
9.502293825149536 411
9.509149074554443 411
9.515183448791504 412
9.527438163757324 412
9.53385066986084 412
9.540922164916992 412
9.547781467437744 412
9.554033994674683 412
9.5607430934906 411
9.567402601242065 411
9.574749231338501 411
9.5813570022583 412
9.588519811630249 412
9.59454083442688 412
9.6012704372406 412
9.608357191085815 411
9.615812063217163 411
9.622446060180664 411
9.63066577911377 412
9.637314319610596 412
9.643378973007202 412
9.650400876998901 412
9.65629267692566 411
9.663204908370972 411
9.670287132263184 412
9.67818808555603 412
9.684138774871826 412
9.690865993499756 412
9.697558641433716 412
9.703534126281738 411
9.710546255111694 411
9.71684455871582 411
9.723544120788574 412
9.731384992599487 412
9.7385413646698 412
9.744579553604126 412
9.75118374824524 411
9.758402824401855 411
9.764507055282593 411
9.771100044250488 411
9.779199361801147 412
9.78522777557373 412
9.792099714279175 412
9.798981428146362 411
9.804993152618408 411
9.811938285827637 411
9.8187837600708 412
9.8247971534729 412
9.832481384277344 412
9.839522361755371 412
9.845523357391357 411
9.852352619171143 411
9.859229326248169 411
9.865280151367188 412
9.87205719947815 412
9.879974603652954 412
9.88590669631958 411
9.892632722854614 411
9.9000244140625 411
9.905929803848267 412
9.912506580352783 412
9.91941237449646 411
9.931547403335571 411
9.938825845718384 410
9.944894075393677 410
9.95193099975586 410
9.958943605422974 410
9.964950561523438 410
9.971549987792969 410
9.978696823120117 410
9.985511302947998 410
9.992359638214111 410
9.99917984008789 410
10.0052011013031 410
10.01203966140747 410
10.019089221954346 410
10.025110244750977 410
10.03288197517395 410
10.039997339248657 410
10.045901775360107 410
10.052530765533447 410
10.059414386749268 410
10.065420389175415 410
10.072303295135498 410
10.079303741455078 410
10.086758613586426 410
10.093201637268066 409
10.100248575210571 409
10.106183528900146 409
10.113032341003418 409
10.120065450668335 409
10.125941038131714 409
10.13355040550232 409
10.140768766403198 409
10.147385358810425 409
10.15383005142212 409
10.160652875900269 409
10.16728401184082 409
10.180161476135254 409
10.18792986869812 409
10.194029569625854 409
10.200936079025269 409
10.207783937454224 409
10.213870763778687 409
10.220659732818604 409
10.227334260940552 408
10.2345712184906 408
10.241233587265015 409
10.248383283615112 409
10.254495620727539 409
10.261197805404663 409
10.26835012435913 409
10.274417877197266 409
10.281198501586914 409
10.289105653762817 409
10.295125246047974 409
10.301937103271484 409
10.30880331993103 409
10.314834356307983 409
10.324796915054321 408
10.33335280418396 408
10.341378688812256 409
10.348695993423462 409
10.354778528213501 409
10.361438274383545 409
10.36856460571289 409
10.374553442001343 409
10.381289720535278 409
10.389153242111206 409
10.39514446258545 408
10.401931285858154 408
10.408972263336182 409
10.415004014968872 409
10.42189645767212 409
10.428789138793945 409
10.435797452926636 409
10.443812131881714 409
10.450782775878906 409
10.457450151443481 409
10.464776992797852 408
10.471355199813843 408
10.478503704071045 409
10.484548091888428 409
10.492121696472168 409
10.499220371246338 409
10.505275011062622 409
10.512051105499268 409
10.518927812576294 409
10.524911403656006 409
10.531482696533203 408
10.539511680603027 408
10.545846939086914 409
10.552495956420898 409
10.559869766235352 409
10.56586480140686 409
10.572434425354004 409
10.579262971878052 409
10.585301876068115 409
10.59317684173584 409
10.600212097167969 409
10.606141328811646 409
10.61289668083191 409
10.620146989822388 408
10.62601613998413 408
10.63260817527771 409
10.639482259750366 409
10.6472749710083 409
10.653326034545898 409
10.660367965698242 409
10.666274309158325 409
10.67327356338501 408
10.68052887916565 408
10.686845779418945 409
10.69455885887146 409
10.701188802719116 409
10.708266496658325 409
10.714321613311768 409
10.720957040786743 409
10.730724573135376 409
10.738809585571289 409
10.745978832244873 409
10.753064155578613 409
10.760211706161499 408
10.766099214553833 408
10.772814989089966 409
10.779541015625 409
10.7858247756958 409
10.793413877487183 409
10.800692558288574 409
10.80734395980835 409
10.813442468643188 409
10.82046627998352 409
10.826378107070923 408
10.833250522613525 409
10.840331315994263 409
10.848201751708984 409
10.854130506515503 409
10.861088275909424 409
10.868170976638794 409
10.87407660484314 409
10.880781888961792 408
10.887372493743896 408
10.894567966461182 409
10.901309490203857 409
10.908459663391113 409
10.91457724571228 409
10.921315908432007 409
10.928602457046509 409
10.934612512588501 409
10.941162586212158 409
10.949121236801147 408
10.955096006393433 408
10.961964130401611 409
10.968869924545288 409
10.974924087524414 409
10.98188328742981 409
10.988760471343994 409
10.994792222976685 408
11.002443313598633 409
11.009354829788208 409
11.015358686447144 409
11.022252559661865 409
11.029114484786987 409
11.035141468048096 408
11.042249202728271 409
11.050349235534668 409
11.056264400482178 409
11.063244104385376 409
11.070271492004395 409
11.076157331466675 409
11.082856893539429 409
11.089546203613281 408
11.095787048339844 408
11.103494644165039 409
11.110573768615723 409
11.117267608642578 409
11.123305320739746 409
11.133989810943604 409
11.140857219696045 409
11.147766828536987 409
11.154934883117676 408
11.162027597427368 408
11.168946266174316 409
11.17493724822998 409
11.181789636611938 409
11.188804864883423 409
11.194828033447266 409
11.20246171951294 409
11.209331035614014 409
11.215328693389893 409
11.222371578216553 408
11.229268074035645 408
11.235323429107666 409
11.242199897766113 409
11.249122619628906 409
11.256102561950684 409
11.262813329696655 409
11.269498348236084 409
11.277357339859009 408
11.283776998519897 408
11.290647029876709 409
11.297340869903564 409
11.304702281951904 409
11.311320304870605 409
11.318571090698242 409
11.324546337127686 409
11.331115484237671 408
11.338375329971313 408
11.344482183456421 408
11.352095127105713 409
11.358994007110596 409
11.365065336227417 409
11.371971368789673 409
11.378776550292969 409
11.384777069091797 408
11.391370296478271 408
11.398687362670898 408
11.405529975891113 409
11.41241979598999 409
11.419313669204712 409
11.425290584564209 408
11.43209958076477 408
11.440240621566772 408
11.446231365203857 409
11.454486846923828 409
11.462398767471313 409
11.469282627105713 409
11.47530198097229 408
11.482139348983765 408
11.489083290100098 408
11.495148420333862 409
11.502012491226196 408
11.51005744934082 408
11.515946626663208 408
11.52284836769104 408
11.533431053161621 408
11.540651559829712 408
11.547298192977905 408
11.55351710319519 408
11.561444520950317 408
11.568585872650146 408
11.574587345123291 407
11.581376314163208 408
11.58859133720398 408
11.59463119506836 408
11.60119366645813 408
11.609126567840576 408
11.615101099014282 408
11.62192964553833 408
11.628766298294067 408
11.634798526763916 407
11.64154601097107 407
11.64872670173645 408
11.654789447784424 408
11.662395238876343 408
11.669301271438599 408
11.67529296875 408
11.682051181793213 408
11.688950538635254 408
11.694956064224243 408
11.701942682266235 408
11.710010528564453 408
11.71585988998413 408
11.722508430480957 407
11.729382753372192 407
11.735449075698853 408
11.742323398590088 408
11.749214887619019 408
11.75529170036316 408
11.763111591339111 408
11.770149946212769 408
11.77602505683899 408
11.78264045715332 408
11.789499044418335 408
11.79552149772644 407
11.80242395401001 408
11.810521125793457 408
11.816824436187744 408
11.823455095291138 408
11.830497741699219 408
11.836786031723022 408
11.843363285064697 408
11.850393056869507 407
11.856346130371094 408
11.864506483078003 408
11.871093273162842 408
11.878287076950073 408
11.884372472763062 408
11.890978813171387 408
11.89788031578064 408
11.903955936431885 408
11.911435842514038 407
11.918587923049927 407
11.924657821655273 408
11.935176610946655 408
11.942283153533936 408
11.94934868812561 408
11.955350875854492 408
11.963354587554932 408
11.97056531906128 408
11.976806163787842 408
11.983235120773315 407
11.990269899368286 407
11.996208667755127 408
12.0032377243042 408
12.010294675827026 408
12.018210649490356 408
12.024102926254272 408
12.030892372131348 408
12.037776470184326 408
12.04382848739624 407
12.05064058303833 407
12.057360649108887 408
12.06484079360962 408
12.071451902389526 408
12.07859182357788 408
12.084601163864136 408
12.091145992279053 408
12.09837532043457 408
12.10443902015686 408
12.111046314239502 408
12.119018077850342 407
12.125048875808716 407
12.131946325302124 408
12.138843536376953 408
12.144898414611816 408
12.151453971862793 408
12.158568620681763 408
12.16520357131958 408
12.172109603881836 407
12.180561065673828 407
12.186871767044067 407
12.193299770355225 408
12.200353622436523 408
12.206290483474731 408
12.213060855865479 407
12.220891952514648 407
12.227832794189453 407
12.234140634536743 407
12.241028785705566 407
12.247917175292969 407
12.254004955291748 407
12.260707378387451 407
12.268443822860718 406
12.274505853652954 406
12.281120538711548 406
12.288224697113037 406
12.294241189956665 407
12.30108380317688 407
12.308188915252686 406
12.314148187637329 406
12.32181429862976 406
12.328711748123169 407
12.339271306991577 407
12.345298528671265 406
12.352294206619263 406
12.35944151878357 406
12.365506410598755 406
12.373223066329956 406
12.380212783813477 406
12.38609004020691 407
12.392665147781372 406
12.399536848068237 406
12.405870199203491 406
12.412534713745117 406
12.420691967010498 406
12.427331924438477 406
12.433382749557495 406
12.44132137298584 406
12.448602199554443 406
12.454595565795898 406
12.462265729904175 406
12.470297813415527 406
12.476300239562988 406
12.483206510543823 406
12.490428447723389 406
12.496328592300415 406
12.503077507019043 406
12.510155439376831 406
12.515992403030396 406
12.523802518844604 406
12.530688285827637 406
12.53738522529602 406
12.543538808822632 406
12.550580024719238 406
12.556799173355103 406
12.563227653503418 406
12.570233583450317 406
12.578118324279785 406
12.584049224853516 406
12.590764045715332 406
12.597381353378296 406
12.603545427322388 406
12.610697984695435 406
12.6173734664917 406
12.624794960021973 406
12.631370067596436 406
12.638495922088623 406
12.658648490905762 406
12.664867162704468 406
12.6714506149292 406
12.679271936416626 406
12.685277700424194 406
12.692057371139526 406
12.69892692565918 406
12.704925775527954 406
12.711468935012817 406
12.718778848648071 406
12.72551965713501 406
12.735260963439941 406
12.743132829666138 406
12.750447273254395 406
12.756764650344849 406
12.76336121559143 406
12.770385026931763 406
12.778457880020142 406
12.784544467926025 406
12.791130304336548 406
12.798221826553345 405
12.80423355102539 405
12.810947179794312 405
12.81821322441101 406
12.824140071868896 406
12.83195185661316 406
12.839060306549072 405
12.845218896865845 405
12.852033615112305 405
12.858884572982788 405
12.864896774291992 405
12.871458768844604 405
12.87943148612976 405
12.885408639907837 405
12.892302751541138 405
12.89930009841919 405
12.905325651168823 405
12.912121295928955 405
12.918964385986328 405
12.92492961883545 405
12.932472467422485 405
12.93932819366455 405
12.945277690887451 405
12.952069759368896 405
12.959070444107056 405
12.965044736862183 405
12.971874237060547 405
12.979539155960083 405
12.985783338546753 405
12.992430686950684 405
12.999250173568726 405
13.005263566970825 405
13.012256145477295 405
13.019275903701782 405
13.025277614593506 405
13.033234357833862 405
13.04024052619934 405
13.046109676361084 405
13.052658557891846 405
13.059509038925171 405
13.065528392791748 405
13.072362422943115 405
13.079330205917358 405
13.086349248886108 405
13.093189001083374 405
13.100232601165771 405
13.106094121932983 405
13.112680912017822 405
13.119529724121094 405
13.125525951385498 405
13.138526439666748 405
13.144828081130981 405
13.15151596069336 405
13.158774137496948 405
13.164785861968994 405
13.171334266662598 405
13.178419351577759 405
13.185218095779419 405
13.192028760910034 405
13.199151277542114 405
13.205145359039307 405
13.21192193031311 405
13.218743085861206 405
13.224770545959473 405
13.231315612792969 405
13.239165782928467 405
13.245174646377563 405
13.251953601837158 405
13.258957624435425 405
13.26494836807251 405
13.2719087600708 405
13.27875018119812 405
13.285522937774658 405
13.292317390441895 405
13.299131870269775 405
13.3050856590271 405
13.311926364898682 405
13.318912744522095 405
13.32492709159851 405
13.331425428390503 405
13.339295148849487 405
13.345285177230835 405
13.352037191390991 405
13.358867168426514 405
13.364895582199097 405
13.371424913406372 405
13.378665208816528 405
13.38544487953186 405
13.392333269119263 405
13.399368524551392 405
13.405361413955688 405
13.412245273590088 405
13.419118165969849 405
13.42512035369873 405
13.43190860748291 405
13.440021276473999 405
13.447458028793335 405
13.45355224609375 405
13.461411714553833 405
13.46869158744812 405
13.474698305130005 405
13.481276273727417 405
13.48912000656128 405
13.495063304901123 405
13.502018213272095 405
13.508883953094482 405
13.51485800743103 405
13.52142882347107 405
13.528672933578491 405
13.539839267730713 405
13.545795440673828 405
13.552566528320312 405
13.560061693191528 405
13.565932035446167 405
13.57260537147522 405
13.579437494277954 405
13.585464000701904 405
13.593168258666992 405
13.600226402282715 405
13.606144666671753 405
13.612835884094238 405
13.620057582855225 405
13.625916481018066 405
13.63250184059143 405
13.640454292297363 405
13.646374702453613 405
13.653132915496826 405
13.660293579101562 405
13.666171312332153 405
13.672869205474854 405
13.68006944656372 405
13.685926914215088 405
13.693516254425049 405
13.700561761856079 405
13.706403732299805 405
13.718296766281128 405
13.724377155303955 405
13.731011629104614 405
13.73788857460022 405
13.745025634765625 405
13.751871585845947 405
13.758760690689087 405
13.764777898788452 405
13.771284580230713 405
13.778372287750244 405
13.784419298171997 405
13.793088674545288 405
13.800259590148926 405
13.8062105178833 405
13.812892436981201 405
13.819958925247192 405
13.825827360153198 405
13.832431316375732 405
13.839300155639648 405
13.846402168273926 405
13.853182315826416 405
13.86040472984314 405
13.866272687911987 405
13.873005867004395 405
13.880063533782959 405
13.885915279388428 405
13.893449068069458 405
13.900532245635986 405
13.906400918960571 405
13.913152694702148 405
13.920360803604126 405
13.926222801208496 405
13.932894706726074 405
13.944717407226562 405
13.95141053199768 405
13.958685398101807 405
13.964704275131226 405
13.971415519714355 405
13.97866678237915 405
13.984667778015137 405
13.991191864013672 405
13.999005794525146 405
14.005015134811401 405
14.011806726455688 405
14.018691301345825 405
14.024704694747925 405
14.031274557113647 405
14.038580894470215 405
14.045348405838013 405
14.052420616149902 405
14.059258222579956 405
14.065247535705566 405
14.072045087814331 405
14.078859806060791 405
14.084866523742676 405
14.091416358947754 405
14.09951114654541 405
14.105515956878662 405
14.112370014190674 405
14.119177103042603 405
14.125167608261108 405
14.131975889205933 405
14.138789415359497 405
14.144790172576904 405
14.152361869812012 405
14.159337759017944 405
14.165326833724976 405
14.172176122665405 405
14.179165124893188 405
14.18513536453247 405
14.191939353942871 405
14.1994948387146 405
14.205491304397583 405
14.212311506271362 405
14.219300508499146 405
14.225281715393066 405
14.232038259506226 405
14.238863706588745 405
14.244853973388672 405
14.252533435821533 405
14.2593834400177 405
14.265367269515991 405
14.282313585281372 405
14.291151285171509 405
14.29826545715332 405
14.305075645446777 405
14.313272714614868 405
14.320279359817505 405
14.326133251190186 405
14.332841634750366 405
14.343344926834106 405
14.35478138923645 405
14.363372325897217 405
14.372063159942627 405
14.378921747207642 405
14.386258602142334 405
14.39454197883606 405
14.403102159500122 405
14.410719633102417 405
14.419063806533813 405
14.425401449203491 405
14.43327522277832 405
14.440556526184082 405
14.446774244308472 405
14.454599857330322 405
14.462354183197021 405
14.469228506088257 405
14.475213766098022 405
14.481984853744507 405
14.488770723342896 405
14.4994797706604 405
14.509465456008911 405
14.515467643737793 405
14.523191928863525 405
14.531099796295166 405
14.538943529129028 405
14.546177864074707 405
14.5548095703125 405
14.56282353401184 405
14.570926904678345 405
14.577777624130249 405
14.584076404571533 405
14.590774297714233 405
14.597383499145508 405
14.604589223861694 405
14.611263275146484 405
14.618360042572021 405
14.62440013885498 405
14.63103699684143 405
14.641141891479492 405
14.649512529373169 405
14.659243106842041 405
14.66526985168457 405
14.672038078308105 405
14.67890453338623 405
14.684877634048462 405
14.691446781158447 405
14.698726892471313 405
14.704748153686523 405
14.712376117706299 405
14.719281911849976 405
14.7252676486969 405
14.732033729553223 405
14.742391347885132 405
14.749391078948975 405
14.755398511886597 405
14.763415575027466 405
14.770591020584106 405
14.776798486709595 405
14.783175706863403 405
14.790274143218994 405
14.796186447143555 405
14.8029043674469 405
14.810657024383545 405
14.817261695861816 405
14.823450088500977 405
14.830659627914429 405
14.837315797805786 405
14.84333062171936 405
14.85036039352417 405
14.856281042098999 405
14.86409592628479 405
14.870782375335693 405
14.877375602722168 405
14.883793830871582 405
14.890617370605469 405
14.896816968917847 405
14.903206586837769 405
14.911066055297852 405
14.91813039779663 405
14.924011707305908 405
14.930681705474854 405
14.937309503555298 405
14.943503856658936 405
14.950502157211304 405
14.956381559371948 405
14.964544773101807 405
14.971153259277344 405
14.978217601776123 405
14.984086990356445 405
14.9907865524292 405
14.997399091720581 405
15.003544092178345 405
15.010575532913208 405
15.018501281738281 405
15.024531126022339 405
15.031079053878784 405
15.037923336029053 405
15.043959856033325 405
15.050663232803345 405
15.057268381118774 405
15.064683675765991 405
15.071300268173218 405
15.078360557556152 405
15.0844247341156 405
15.091171026229858 405
15.09821105003357 405
15.10408353805542 405
15.11074948310852 405
15.118791103363037 405
15.124871253967285 405
15.13143539428711 405
15.138556957244873 405
15.149112224578857 405
15.15506911277771 405
15.169103145599365 405
15.175126075744629 405
15.182085752487183 405
15.188942432403564 405
15.19497036933899 405
15.201793670654297 405
15.208646774291992 405
15.215362548828125 405
15.222411632537842 405
15.229240894317627 405
15.235240936279297 405
15.242196321487427 405
15.249059677124023 405
15.255051136016846 405
15.26189923286438 405
15.269487380981445 405
15.27547812461853 405
15.282341957092285 405
15.289211988449097 405
15.295220613479614 405
15.30219292640686 405
15.309107065200806 405
15.315078496932983 405
15.322827100753784 405
15.329513549804688 405
15.335551261901855 405
15.342455863952637 405
15.349432468414307 405
15.355432033538818 405
15.362467765808105 405
15.370436429977417 405
15.376317739486694 405
15.383004188537598 405
15.39007568359375 405
15.395928621292114 405
15.40250277519226 405
15.409351110458374 405
15.415322065353394 405
15.423218011856079 405
15.430219411849976 405
15.437776803970337 405
15.444050788879395 405
15.450925827026367 405
15.457766771316528 405
15.464829683303833 405
15.472450733184814 405
15.479445695877075 405
15.485469579696655 405
15.492293119430542 405
15.499152660369873 405
15.505131483078003 405
15.511929035186768 405
15.518763303756714 405
15.525531530380249 405
15.532378435134888 405
15.539359092712402 405
15.550302505493164 405
15.556195735931396 405
15.56312894821167 405
15.570992231369019 405
15.57813549041748 405
15.584033727645874 405
15.59071683883667 405
15.597352981567383 405
15.60352087020874 405
15.610741138458252 405
15.6173996925354 405
15.624632358551025 405
15.631168127059937 405
15.63823652267456 405
15.644094705581665 405
15.650773048400879 405
15.657384157180786 405
15.66394829750061 405
15.670668601989746 405
15.6785888671875 405
15.684598684310913 404
15.691150903701782 404
15.698325634002686 404
15.70441746711731 404
15.710996150970459 405
15.718250274658203 405
15.72520661354065 404
15.732046365737915 404
15.739120721817017 404
15.745122909545898 404
15.751962900161743 403
15.758773565292358 403
15.764828443527222 403
15.77145767211914 403
15.77943754196167 403
15.785426139831543 403
15.792315006256104 403
15.799174785614014 403
15.805186748504639 403
15.811979055404663 403
15.818843841552734 403
15.82581877708435 403
15.832481145858765 403
15.839461326599121 403
15.845426321029663 403
15.852311134338379 402
15.859177112579346 402
15.865211486816406 403
15.872255802154541 403
15.880321979522705 403
15.886237144470215 403
15.893050193786621 403
15.900228500366211 403
15.90606689453125 402
15.91266131401062 402
15.919545888900757 403
15.927391767501831 403
15.933434963226318 403
15.94047999382019 403
15.951350450515747 403
15.958664655685425 402
15.964710712432861 402
15.97145128250122 402
15.979314088821411 403
15.98530387878418 403
15.992140054702759 403
15.999157428741455 403
16.005098581314087 403
16.011916875839233 402
16.01895236968994 403
16.025029182434082 403
16.03261923789978 403
16.039495706558228 403
16.04550337791443 403
16.05234980583191 402
16.059176206588745 402
16.065182209014893 402
16.072028636932373 403
16.08014416694641 403
16.086026906967163 403
16.092609405517578 403
16.099419355392456 402
16.105409622192383 402
16.112322568893433 402
16.11921453475952 403
16.1251962184906 403
16.13317084312439 403
16.14039707183838 403
16.14626717567444 402
16.15302586555481 402
16.160102128982544 403
16.165987491607666 403
16.1726233959198 403
16.18062162399292 403
16.18733024597168 403
16.19354796409607 402
16.200705528259277 402
16.20734405517578 403
16.21337080001831 403
16.22045135498047 403
16.226348876953125 403
16.234439849853516 403
16.241044998168945 402
16.247922658920288 402
16.254066228866577 402
16.260936498641968 403
16.26778483390808 403
16.273842334747314 403
16.280657291412354 403
16.288569450378418 402
16.295230388641357 402
16.302032947540283 402
16.30896759033203 402
16.314932107925415 403
16.321847200393677 403
16.32874584197998 403
16.335780143737793 402
16.342427015304565 402
16.3528573513031 402
16.360103368759155 403
16.365934133529663 403
16.372674703598022 403
16.38016438484192 403
16.387856483459473 402
16.39411211013794 402
16.400848627090454 402
16.407779693603516 403
16.413825511932373 403
16.42065453529358 403
16.427258014678955 403
16.433266401290894 403
16.442280054092407 402
16.449289560317993 402
16.455292463302612 403
16.46315860748291 403
16.47023367881775 403
16.476120233535767 403
16.482666730880737 403
16.49066948890686 402
16.497267246246338 402
16.50348925590515 402
16.510534524917603 403
16.516403198242188 403
16.523403644561768 403
16.530450344085693 403
16.538307666778564 402
16.544355630874634 402
16.551133394241333 402
16.55835223197937 402
16.564419507980347 403
16.57099962234497 403
16.577887058258057 403
16.5840060710907 402
16.59130048751831 402
16.598442554473877 402
16.60453462600708 403
16.61111855506897 403
16.61836552619934 403
16.624415397644043 403
16.63102912902832 402
16.63873291015625 402
16.644898891448975 402
16.65187120437622 403
16.658724546432495 403
16.664777517318726 403
16.671311855316162 403
16.67852282524109 402
16.684515237808228 402
16.692219972610474 402
16.699117422103882 403
16.705113887786865 403
16.711942195892334 403
16.7188241481781 403
16.724836349487305 403
16.731331825256348 403
16.738603115081787 402
16.745380401611328 402
16.7561776638031 403
16.763153791427612 403
16.770405292510986 403
16.77633786201477 403
16.783366441726685 403
16.791117191314697 402
16.7983660697937 402
16.80446696281433 402
16.81108045578003 403
16.817942142486572 403
16.824023246765137 403
16.830934047698975 403
16.837772607803345 402
16.84483790397644 402
16.851449966430664 402
16.85876488685608 403
16.86482834815979 403
16.871373414993286 403
16.878499507904053 403
16.884536743164062 402
16.89107060432434 402
16.89889407157898 402
16.90491485595703 403
16.91184902191162 403
16.9189453125 403
16.924930095672607 403
16.93150520324707 402
16.938587188720703 402
16.945456981658936 402
16.952353954315186 403
16.959198236465454 403
16.96521782875061 403
16.972038507461548 403
16.979076147079468 402
16.985066890716553 402
16.991928815841675 402
16.99997329711914 403
17.005921602249146 403
17.012542724609375 403
17.019364595413208 403
17.025393962860107 403
17.032265663146973 402
17.0392906665802 402
17.046299934387207 403
17.05313992500305 403
17.060147762298584 403
17.0660240650177 403
17.07258701324463 403
17.079381704330444 403
17.085386514663696 402
17.09227991104126 403
17.100547075271606 403
17.106799602508545 403
17.113229751586914 403
17.120238065719604 403
17.126095056533813 402
17.13266634941101 402
17.139832019805908 402
17.150325775146484 403
17.158457279205322 403
17.16455602645874 403
17.17286992073059 402
17.18004560470581 402
17.185953855514526 402
17.192570447921753 403
17.200496196746826 403
17.206376791000366 403
17.21317720413208 403
17.220436811447144 402
17.226338386535645 402
17.233139514923096 402
17.240281105041504 403
17.246177673339844 403
17.253945112228394 403
17.260667324066162 403
17.267273902893066 402
17.273280382156372 402
17.28060030937195 402
17.286888122558594 403
17.29326558113098 403
17.301084518432617 403
17.308170795440674 403
17.314067602157593 403
17.32074737548828 402
17.327372074127197 402
17.333436250686646 402
17.340664386749268 403
17.34727430343628 403
17.354568243026733 403
17.361159563064575 403
17.368212699890137 402
17.374340295791626 402
17.380929946899414 403
17.38784694671631 403
17.393837451934814 403
17.40179443359375 402
17.408703088760376 402
17.4147846698761 402
17.42131495475769 403
17.42851972579956 403
17.43532681465149 402
17.442333459854126 402
17.449366807937622 402
17.457266569137573 402
17.464718103408813 402
17.471322298049927 402
17.478389263153076 402
17.484439849853516 402
17.491084337234497 401
17.498215436935425 402
17.505059242248535 402
17.51189875602722 402
17.51891279220581 402
17.524938106536865 402
17.531480073928833 401
17.53858518600464 401
17.544637441635132 402
17.556140184402466 402
17.563175439834595 402
17.570395946502686 402
17.576273679733276 402
17.583285093307495 402
17.590341806411743 401
17.59623670578003 401
17.60411238670349 402
17.610903024673462 402
17.61755657196045 402
17.62379026412964 402
17.630588054656982 402
17.642662286758423 401
17.649533987045288 401
17.65738320350647 401
17.66344165802002 402
17.67047667503357 402
17.67676091194153 402
17.68316125869751 402
17.690346240997314 402
17.696251153945923 401
17.703289031982422 401
17.711135625839233 401
17.71826410293579 402
17.72429585456848 402
17.730888843536377 402
17.737547159194946 402
17.743520259857178 402
17.750557899475098 401
17.75868248939514 402
17.764735221862793 402
17.77131938934326 402
17.77846097946167 402
17.784503936767578 402
17.79126262664795 402
17.798360347747803 401
17.804466724395752 401
17.812023401260376 402
17.81908369064331 402
17.825098991394043 402
17.831942796707153 402
17.838801383972168 402
17.844796895980835 401
17.851316928863525 401
17.859182357788086 402
17.8652286529541 402
17.87204909324646 402
17.879064798355103 402
17.885074853897095 402
17.891915798187256 402
17.89875316619873 401
17.904740571975708 401
17.912271976470947 401
17.91917657852173 402
17.925174474716187 402
17.931984424591064 402
17.938913822174072 402
17.944926261901855 401
17.955545902252197 401
17.963782787322998 401
17.97078275680542 402
17.977373600006104 402
17.983548164367676 402
17.990588903427124 402
17.9972562789917 401
18.003451585769653 402
18.011293411254883 402
18.01838779449463 402
18.024465799331665 402
18.031062841415405 402
18.038114309310913 401
18.04401445388794 401
18.050751209259033 402
18.05740737915039 402
18.064845323562622 402
18.071404695510864 402
18.078657388687134 402
18.08470058441162 401
18.091265201568604 401
18.098403453826904 401
18.1044659614563 402
18.114344120025635 402
18.125179052352905 402
18.131966829299927 402
18.138771295547485 401
18.144824504852295 401
18.151418447494507 401
18.158592224121094 401
18.16539168357849 402
18.172248363494873 402
18.179354906082153 401
18.185396671295166 401
18.19230318069458 401
18.199185609817505 401
18.2051842212677 401
18.2121479511261 401
18.220264673233032 401
18.22614598274231 401
18.232670307159424 401
18.24003553390503 400
18.24592161178589 400
18.252546787261963 400
18.259393215179443 400
18.266347408294678 400
18.27316665649414 400
18.28016448020935 400
18.285945177078247 400
18.29250168800354 400
18.299461603164673 400
18.305474758148193 400
18.312283754348755 400
18.32022213935852 400
18.326127767562866 400
18.33282232284546 400
18.33998155593872 400
18.345813989639282 400
18.356168031692505 400
18.363158702850342 400
18.371084451675415 400
18.378291368484497 400
18.384296894073486 400
18.390862464904785 400
18.397507905960083 400
18.403462648391724 400
18.410499095916748 400
18.41854476928711 400
18.424542665481567 400
18.431102991104126 400
18.43906593322754 400
18.44503116607666 400
18.45199465751648 400
18.458924293518066 400
18.465828895568848 400
18.473506450653076 400
18.480684518814087 400
18.487256050109863 400
18.4932918548584 400
18.500256061553955 400
18.506086587905884 400
18.51264452934265 400
18.520594358444214 400
18.52681040763855 400
18.53319239616394 400
18.54039478302002 400
18.546234607696533 400
18.553003549575806 400
18.559959173202515 400
18.565785884857178 400
18.573395252227783 400
18.580402851104736 400
18.58624815940857 400
18.592995405197144 400
18.600140810012817 400
18.605971813201904 400
18.61254072189331 400
18.620490074157715 400
18.626359462738037 400
18.633178234100342 400
18.64013695716858 400
18.64594578742981 400
18.65247917175293 400
18.659499645233154 400
18.665526390075684 400
18.67320704460144 400
18.680203437805176 400
18.686033248901367 400
18.692620277404785 400
18.69941806793213 400
18.705366611480713 400
18.716277360916138 400
18.724437952041626 400
18.731170892715454 400
18.738199472427368 400
18.74406099319458 400
18.75067925453186 400
18.761083841323853 400
18.768306016921997 400
18.775065422058105 400
18.782161235809326 400
18.788979530334473 400
18.79492163658142 400
18.801445245742798 400
18.80922555923462 400
18.815194606781006 400
18.82194995880127 400
18.82955527305603 400
18.835827350616455 400
18.84260869026184 400
18.849413633346558 400
18.855350732803345 400
18.86230492591858 400
18.869107246398926 400
18.876060247421265 400
18.88260579109192 400
18.889397859573364 400
18.895339012145996 400
18.90226674079895 400
18.909106492996216 400
18.91504669189453 400
18.9218327999115 400
18.929457902908325 400
18.935433626174927 400
18.942249298095703 400
18.949021100997925 400
18.95496892929077 400
18.961925983428955 400
18.968760013580322 400
18.974724054336548 400
18.982292413711548 400
18.989285707473755 400
18.995226860046387 400
19.00195598602295 400
19.00875473022461 400
19.01474356651306 400
19.021432638168335 400
19.029135942459106 400
19.035091876983643 400
19.041836738586426 400
19.048714876174927 400
19.05471682548523 400
19.061239004135132 400
19.0683114528656 400
19.074291467666626 400
19.08195972442627 400
19.088761568069458 400
19.094753742218018 400
19.101294994354248 400
19.108371257781982 400
19.11436939239502 400
19.121086835861206 400
19.128843784332275 400
19.13485074043274 400
19.141479015350342 400
19.14854860305786 400
19.158912181854248 400
19.164885997772217 400
19.17178964614868 400
19.179489374160767 400
19.18548607826233 400
19.19230556488037 400
19.19925808906555 400
19.205202341079712 400
19.21201753616333 400
19.218797206878662 400
19.22481393814087 400
19.232357501983643 400
19.239198923110962 400
19.245147228240967 400
19.25207543373108 400
19.259023427963257 400
19.265024185180664 400
19.27180552482605 400
19.27860188484192 400
19.285321950912476 400
19.292086124420166 400
19.298918962478638 400
19.304858446121216 400
19.31136155128479 400
19.318567514419556 400
19.324549436569214 400
19.332093238830566 400
19.338968753814697 400
19.344897270202637 400
19.351434230804443 400
19.35849928855896 400
19.36447811126709 400
19.371029138565063 400
19.377940893173218 400
19.385050535202026 400
19.391850233078003 400
19.398630380630493 400
19.40459680557251 400
19.41113543510437 400
19.41814661026001 400
19.423990964889526 400
19.43066430091858 400
19.439419269561768 400
19.44536018371582 400
19.452279567718506 400
19.460317373275757 400
19.466249704360962 400
19.473010301589966 400
19.48000717163086 400
19.487443685531616 400
19.493398666381836 400
19.500531435012817 400
19.506388664245605 400
19.513289213180542 400
19.520293474197388 400
19.526118516921997 400
19.532671689987183 400
19.540674209594727 400
19.54725742340088 400
19.553239345550537 400
19.563858032226562 400
19.570773601531982 400
19.577351570129395 400
19.58350443840027 400
19.59138774871826 400
19.59848117828369 400
19.604465007781982 400
19.61100745201111 400
19.617892026901245 400
19.62413191795349 400
19.630776166915894 400
19.638742208480835 400
19.646235942840576 400
19.65293836593628 400
19.659961462020874 400
19.665539264678955 400
19.67233395576477 400
19.679274320602417 400
19.685264348983765 400
19.692888498306274 400
19.69955277442932 400
19.705523014068604 400
19.712607622146606 400
19.71946907043457 400
19.72541332244873 400
19.73222541809082 400
19.74027371406555 400
19.74612069129944 400
19.75268006324768 400
19.75947141647339 400
19.76542568206787 400
19.772405862808228 400
19.779173851013184 400
19.785120248794556 400
19.792861938476562 400
19.8000271320343 400
19.80585217475891 400
19.812421321868896 400
19.819166660308838 400
19.825127840042114 400
19.831892251968384 400
19.83871102333069 400
19.845465660095215 400
19.852323055267334 400
19.85926604270935 400
19.86521887779236 400
19.87196922302246 400
19.87877368927002 400
19.884748697280884 400
19.892321586608887 400
19.89930534362793 400
19.905279874801636 400
19.91203284263611 400
19.91898536682129 400
19.924934148788452 400
19.931438446044922 400
19.938539028167725 400
19.945244789123535 400
19.952005863189697 400
19.96122407913208 400
19.96914792060852 400
19.975096225738525 400
19.982179880142212 400
19.9891357421875 400
19.995986223220825 400
20.002527475357056 400
20.00933575630188 400
20.015307903289795 400
20.022032260894775 400
20.028942108154297 400
20.034904718399048 400
20.0415518283844 400
20.049487113952637 400
20.05551791191101 400
20.062278747558594 400
20.069130897521973 400
20.075106859207153 400
20.081876039505005 400
20.08869457244873 400
20.095481872558594 400
20.102471113204956 400
20.1148898601532 400
20.121440887451172 400
20.12856125831604 400
20.13451385498047 400
20.141048908233643 400
20.14897656440735 400
20.15493607521057 400
20.161850929260254 400
20.16862964630127 400
20.174598693847656 400
20.181092739105225 400
20.188122272491455 400
20.19396686553955 400
20.201379537582397 400
20.20845317840576 400
20.214468955993652 400
20.221151113510132 400
20.228198289871216 400
20.234083890914917 400
20.240742206573486 400
20.248564958572388 400
20.25456428527832 400
20.26106071472168 400
20.268136978149414 400
20.27402639389038 400
20.28082251548767 400
20.287437200546265 400
20.293804168701172 400
20.301204919815063 400
20.308252096176147 400
20.314088106155396 400
20.320733070373535 400
20.32737898826599 400
20.33338975906372 400
20.34053063392639 400
20.346397638320923 400
20.35434627532959 400
20.364879369735718 400
20.371521472930908 400
20.378769397735596 400
20.38475799560547 400
20.391385555267334 400
20.398584127426147 400
20.405327320098877 400
20.41209125518799 400
20.419028520584106 400
20.424993991851807 400
20.431557178497314 400
20.439422607421875 400
20.44539999961853 400
20.453366994857788 400
20.46133041381836 400
20.468541622161865 400
20.47452425956726 400
20.481048107147217 400
20.48793911933899 400
20.49386477470398 400
20.501357793807983 400
20.508463144302368 400
20.51452326774597 400
20.52122163772583 400
20.528321266174316 400
20.534302473068237 400
20.540870428085327 400
20.54744815826416 400
20.5548152923584 400
20.561306476593018 400
20.568389892578125 400
20.57445192337036 400
20.58113121986389 400
20.58813762664795 400
20.593969106674194 400
20.600637912750244 400
20.608397722244263 400
20.61439609527588 400
20.620918035507202 400
20.62755537033081 400
20.633538484573364 400
20.640681743621826 400
20.647265195846558 400
20.654507637023926 400
20.66107964515686 400
20.66791582107544 400
20.673953771591187 400
20.680782794952393 400
20.687407732009888 400
20.693390369415283 400
20.700528860092163 400
20.708394289016724 400
20.714455366134644 400
20.72104549407959 400
20.728113412857056 400
20.733954906463623 400
20.740639209747314 400
20.746846675872803 400
20.753228902816772 400
20.76494264602661 400
20.771870136260986 400
20.778866291046143 400
20.784828662872314 400
20.791491985321045 400
20.79856038093567 400
20.804542303085327 400
20.812283039093018 400
20.81925654411316 400
20.82526445388794 400
20.832080602645874 400
20.838937044143677 400
20.844879865646362 400
20.851412296295166 400
20.85926127433777 400
20.865232467651367 400
20.871989250183105 400
20.87891697883606 400
20.88486337661743 400
20.891363620758057 400
20.89836883544922 400
20.904351234436035 400
20.911897897720337 400
20.918712377548218 400
20.924699544906616 400
20.931230306625366 400
20.938493013381958 400
20.944498777389526 400
20.95102834701538 400
20.958794832229614 400
20.964832544326782 400
20.971336603164673 400
20.978387594223022 400
20.984395027160645 400
20.990949153900146 400
20.99777364730835 400
21.00395703315735 400
21.01142907142639 400
21.018491506576538 400
21.02448081970215 400
21.031062364578247 400
21.037920713424683 400
21.04395341873169 400
21.05065131187439 400
21.056812524795532 400
21.064608573913574 400
21.071325063705444 400
21.078399658203125 400
21.08441138267517 400
21.0909526348114 400
21.09755849838257 400
21.103535175323486 400
21.111309051513672 400
21.118560552597046 400
21.1245276927948 400
21.131088972091675 400
21.13811707496643 400
21.143964767456055 400
21.15066361427307 400
21.157260179519653 400
21.169004201889038 400
21.174952745437622 400
21.181957244873047 400
21.188913106918335 400
21.19487166404724 400
21.201544284820557 400
21.20863127708435 400
21.215426683425903 400
21.222242832183838 400
21.22907328605652 400
21.235024452209473 400
21.2419650554657 400
21.24874997138977 400
21.254706859588623 400
21.261217832565308 400
21.269116401672363 400
21.27509045600891 400
21.28182578086853 400
21.288681745529175 400
21.294697284698486 400
21.30138063430786 400
21.308464288711548 400
21.31632161140442 400
21.323004484176636 400
21.33015203475952 400
21.335916996002197 400
21.342451810836792 400
21.349265098571777 400
21.355217933654785 400
21.362164974212646 400
21.370055198669434 400
21.375906705856323 400
21.3824462890625 400
21.389233112335205 400
21.395217180252075 400
21.40195941925049 400
21.408777475357056 400
21.415492057800293 400
21.422482013702393 400
21.429300785064697 400
21.435291290283203 400
21.443029642105103 400
21.4502432346344 400
21.456074714660645 400
21.464051008224487 400
21.471863269805908 400
21.478821992874146 400
21.48482346534729 400
21.49133276939392 400
21.498382568359375 400
21.504408359527588 400
21.510971784591675 400
21.518778562545776 400
21.524770975112915 400
21.531296491622925 400
21.538465976715088 400
21.54449701309204 400
21.551049947738647 400
21.55788516998291 400
21.569222688674927 400
21.575234174728394 400
21.582186937332153 400
21.58925175666809 400
21.595237255096436 400
21.60226607322693 400
21.609071016311646 400
21.61502170562744 400
21.622619152069092 400
21.629475593566895 400
21.63542890548706 400
21.642245769500732 400
21.649076461791992 400
21.655068397521973 400
21.661999702453613 400
21.66879892349243 400
21.67553400993347 400
21.68230414390564 400
21.689112901687622 400
21.69507884979248 400
21.701873540878296 400
21.708746910095215 400
21.71472406387329 400
21.72241711616516 400
21.729167222976685 400
21.735101461410522 400
21.741883993148804 400
21.748732328414917 400
21.754712104797363 400
21.7612247467041 400
21.76833152770996 400
21.775107860565186 400
21.7820246219635 400
21.789057731628418 400
21.795065879821777 400
21.801820993423462 400
21.80863308906555 400
21.81458568572998 400
21.82207989692688 400
21.828996181488037 400
21.83495593070984 400
21.84185028076172 400
21.848859071731567 400
21.854830265045166 400
21.861326932907104 400
21.868369102478027 400
21.875117540359497 400
21.88190269470215 400
21.88871717453003 400
21.894704818725586 400
21.9013934135437 400
21.908474445343018 400
21.914456129074097 400
21.92099952697754 400
21.928784608840942 400
21.934802770614624 400
21.94131112098694 400
21.948537826538086 400
21.954524993896484 400
21.961190938949585 400
21.971521139144897 400
21.979973793029785 400
21.985782146453857 400
21.992587327957153 400
21.99936819076538 400
22.005333185195923 400
22.01211404800415 400
22.019103527069092 400
22.02604365348816 400
22.032601833343506 400
22.039405345916748 400
22.04541516304016 400
22.052258014678955 400
22.059112071990967 400
22.065134525299072 400
22.071937561035156 400
22.080047369003296 400
22.08590030670166 400
22.092453479766846 400
22.09926748275757 400
22.105212211608887 400
22.112199544906616 400
22.120585680007935 400
22.128271341323853 400
22.134319067001343 400
22.141024112701416 400
22.147881984710693 400
22.153845071792603 400
22.160611391067505 400
22.16681718826294 400
22.173171997070312 400
22.18080472946167 400
22.18739628791809 400
22.193363904953003 400
22.200466632843018 400
22.20635986328125 400
22.213152408599854 400
22.220074892044067 400
22.225918292999268 400
22.23344612121582 400
22.240574598312378 400
22.246378421783447 400
22.2530996799469 400
22.260268688201904 400
22.26609206199646 400
22.272660732269287 400
22.280576944351196 400
22.28683066368103 400
22.293201446533203 400
22.30022120475769 400
22.30604100227356 400
22.312583684921265 400
22.31953763961792 400
22.3255558013916 400
22.333415269851685 400
22.340379238128662 400
22.34622550010681 400
22.352906227111816 400
22.359861135482788 400
22.365537405014038 400
22.376815795898438 400
22.384721994400024 400
22.39137363433838 400
22.398585557937622 400
22.40457510948181 400
22.41106867790222 400
22.417929649353027 400
22.42387056350708 400
22.430607795715332 400
22.439258575439453 400
22.44525146484375 400
22.45216655731201 400
22.4591543674469 400
22.46607518196106 400
22.472930908203125 400
22.479932069778442 400
22.48741388320923 400
22.493374586105347 400
22.50056004524231 400
22.506375074386597 400
22.513184785842896 400
22.520246982574463 400
22.526108741760254 400
22.53262948989868 400
22.540603637695312 400
22.54679036140442 400
22.553194522857666 400
22.56041193008423 400
22.5723557472229 400
22.579180479049683 400
22.586122035980225 400
22.59266424179077 400
22.599488496780396 400
22.605467557907104 400
22.612284183502197 400
22.619272470474243 400
22.625273942947388 400
22.632259130477905 400
22.640236616134644 400
22.646116018295288 400
22.65264654159546 400
22.659473180770874 400
22.665447235107422 400
22.672249794006348 400
22.679249048233032 400
22.68630290031433 400
22.693106651306152 400
22.70006489753723 400
22.705906867980957 400
22.712478399276733 400
22.719327449798584 400
22.72528338432312 400
22.732030153274536 400
22.740097045898438 400
22.74594020843506 400
22.75248908996582 400
22.75945544242859 400
22.765421152114868 400
22.776009559631348 400
22.782649993896484 400
22.79068350791931 400
22.79728102684021 400
22.80351686477661 400
22.810495853424072 400
22.816402912139893 400
22.823164463043213 400
22.830142974853516 400
22.83594536781311 400
22.843454599380493 400
22.85050344467163 400
22.856356143951416 400
22.86324715614319 400
22.87022876739502 400
22.876044511795044 400
22.882614612579346 400
22.890787839889526 400
22.89741277694702 400
22.903409481048584 400
22.910415649414062 400
22.916274309158325 400
22.923137664794922 400
22.93016290664673 400
22.935962915420532 400
22.943517684936523 400
22.950528621673584 400
22.956358909606934 400
22.963170766830444 400
22.970190286636353 400
22.97601580619812 400
22.98282790184021 400
22.989518642425537 400
22.99735403060913 400
23.003339767456055 400
23.010340929031372 400
23.016207218170166 400
23.023125171661377 400
23.03010106086731 400
23.03592038154602 400
23.0438711643219 400
23.050646543502808 400
23.05680227279663 400
23.063235759735107 400
23.07024359703064 400
23.0760395526886 400
23.082581043243408 400
23.08936858177185 400
23.096381902694702 400
23.103312253952026 400
23.110303163528442 400
23.116156816482544 400
23.122669219970703 400
23.129494190216064 400
23.135467290878296 400
23.142271995544434 400
23.1503643989563 400
23.156243562698364 400
23.163148403167725 400
23.173486471176147 400
23.18062686920166 400
23.186858415603638 400
23.193393230438232 400
23.201212167739868 400
23.208287239074707 400
23.214139699935913 400
23.22093367576599 400
23.227526903152466 400
23.23351001739502 400
23.240520238876343 400
23.248367071151733 400
23.254337549209595 400
23.260913372039795 400
23.26778817176819 400
23.2735378742218 400
23.280696392059326 400
23.28733539581299 400
23.29336404800415 400
23.301151990890503 400
23.308173418045044 400
23.314037561416626 400
23.320737838745117 400
23.327353715896606 400
23.333348989486694 400
23.340499877929688 400
23.34834575653076 400
23.354334831237793 400
23.360904932022095 400
23.367551803588867 400
23.37351155281067 400
23.38053822517395 400
23.386359691619873 400
23.39309787750244 400
23.400954008102417 400
23.407795190811157 400
23.413999795913696 400
23.420668601989746 400
23.427273988723755 400
23.43329405784607 400
23.44111132621765 400
23.448296070098877 400
23.45510983467102 400
23.463096141815186 400
23.47027349472046 400
23.476107597351074 400
23.482645511627197 400
23.48944091796875 400
23.495375394821167 400
23.503211975097656 400
23.510202646255493 400
23.51603055000305 400
23.522873878479004 400
23.529853343963623 400
23.535518646240234 400
23.54246997833252 400
23.54932928085327 400
23.55634045600891 400
23.563048601150513 400
23.5735285282135 400
23.580792903900146 400
23.587350606918335 400
23.593506813049316 400
23.601433277130127 400
23.608554124832153 400
23.61451745033264 400
23.62104868888855 400
23.62792158126831 400
23.63395071029663 400
23.640758514404297 400
23.647377014160156 400
23.654638528823853 400
23.661165475845337 400
23.66836404800415 400
23.67437744140625 400
23.68095850944519 400
23.687772274017334 400
23.69353747367859 400
23.700681686401367 400
23.708563089370728 400
23.719197273254395 400
23.72514319419861 400
23.731878757476807 400
23.738742351531982 400
23.74474549293518 400
23.751325845718384 400
23.75929856300354 400
23.76527452468872 400
23.77202272415161 400
23.778793334960938 400
23.784762620925903 400
23.79128360748291 400
23.798465490341187 400
23.8044536113739 400
23.812663078308105 400
23.820021867752075 400
23.82584285736084 400
23.83240818977356 400
23.839163303375244 400
23.845121383666992 400
23.851884126663208 400
23.85950779914856 400
23.86548638343811 400
23.872337102890015 400
23.87928819656372 400
23.885233640670776 400
23.89195728302002 400
23.89877986907959 400
23.90475630760193 400
23.91230535507202 400
23.919113397598267 400
23.92506766319275 400
23.932053565979004 400
23.939032316207886 400
23.945035934448242 400
23.951797246932983 400
23.959336519241333 400
23.965298175811768 400
23.976009607315063 400
23.982852697372437 400
23.990026235580444 400
23.995829820632935 400
24.00265908241272 400
24.01065492630005 400
24.016862869262695 400
24.023205757141113 400
24.03026509284973 400
24.036134958267212 400
24.042656421661377 400
24.049449682235718 400
24.055400609970093 400
24.06340003013611 400
24.07041358947754 400
24.076260089874268 400
24.083017110824585 400
24.09008479118347 400
24.095933198928833 400
24.102478504180908 400
24.109390258789062 400
24.116344928741455 400
24.123262643814087 400
24.130239248275757 400
24.136130332946777 400
24.1426682472229 400
24.14949131011963 400
24.155476331710815 400
24.163264989852905 400
24.170257806777954 400
24.17607045173645 400
24.18303942680359 400
24.19026756286621 400
24.196089267730713 400
24.202635765075684 400
24.2094886302948 400
24.217259645462036 400
24.22324252128601 400
24.23020911216736 400
24.236088514328003 400
24.24306344985962 400
24.250069856643677 400
24.255903482437134 400
24.263402938842773 400
24.27041506767273 400
24.276276111602783 400
24.282928705215454 400
24.289969205856323 400
24.29578995704651 400
24.302541255950928 400
24.309389114379883 400
24.3163902759552 400
24.323310375213623 400
24.330275058746338 400
24.33611512184143 400
24.342644453048706 400
24.349488735198975 400
24.355426788330078 400
24.3624005317688 400
24.370378971099854 400
24.381009817123413 400
24.387831211090088 400
24.394039392471313 400
24.400819301605225 400
24.407392263412476 400
24.413371562957764 400
24.421231508255005 400
24.428325414657593 400
24.434295892715454 400
24.441824913024902 400
24.448870420455933 400
24.454869031906128 400
24.46883726119995 400
24.477818965911865 400
24.484298706054688 400
24.49108600616455 400
24.50031352043152 400
24.506170749664307 400
24.51286792755127 400
24.523073196411133 400
24.530256986618042 400
24.53607416152954 400
24.54523277282715 400
24.552221298217773 400
24.55900502204895 400
24.5688054561615 400
24.57627034187317 400
24.58318543434143 400
24.590593576431274 400
24.600117683410645 400
24.605939626693726 400
24.612669229507446 400
24.621485233306885 400
24.630614042282104 400
24.636779308319092 400
24.643193006515503 400
24.65086054801941 400
24.658793687820435 400
24.667433977127075 400
24.67460608482361 400
24.681131839752197 400
24.688850164413452 400
24.698310613632202 400
24.70430064201355 400
24.71116018295288 400
24.718746662139893 400
24.72874641418457 400
24.73470187187195 400
24.741393566131592 400
24.752434492111206 400
24.765800952911377 400
24.780449390411377 400
24.786353826522827 400
24.794042110443115 400
24.80241107940674 400
24.81198740005493 400
24.819068908691406 400
24.8260440826416 400
24.835400104522705 400
24.844940900802612 400
24.851848602294922 400
24.858935356140137 400
24.868319988250732 400
24.875114679336548 400
24.882048845291138 400
24.8899347782135 400
24.898921012878418 400
24.904881715774536 400
24.911418676376343 400
24.919414043426514 400
24.92926573753357 400
24.93520975112915 400
24.941961526870728 400
24.949471950531006 400
24.958794355392456 400
24.96477437019348 400
24.97178554534912 400
24.98045253753662 400
24.98921799659729 400
24.995184898376465 400
25.001954317092896 400
25.00955295562744 400
25.018914461135864 400
25.025875568389893 400
25.032520294189453 400
25.04014825820923 400
25.048816680908203 400
25.054798364639282 400
25.061392307281494 400
25.070865631103516 400
25.078914403915405 400
25.084879159927368 400
25.09255051612854 400
25.101840496063232 400
25.1088547706604 400
25.114856004714966 400
25.13745903968811 400
25.14533519744873 400
25.15237307548523 400
25.159317016601562 400
25.168387413024902 400
25.181160926818848 400
25.190155506134033 400
25.197494506835938 400
25.20601725578308 400
25.21303129196167 400
25.22036099433899 400
25.226236820220947 400
25.237415552139282 400
25.243528842926025 400
25.25056219100952 400
25.259487867355347 400
25.26544761657715 400
25.272458791732788 400
25.281330108642578 400
25.28907060623169 400
25.297940731048584 400
25.304016828536987 400
25.310683012008667 400
25.318655252456665 400
25.327415227890015 400
25.33482789993286 400
25.34178900718689 400
25.349239110946655 400
25.35870122909546 400
25.36470627784729 400
25.371257066726685 400
25.380534648895264 400
25.388434648513794 400
25.39444327354431 400
25.402084827423096 400
25.409967184066772 400
25.418882608413696 400
25.424858808517456 400
25.43378448486328 400
25.441545486450195 400
25.4494891166687 400
25.458745002746582 400
25.464848279953003 400
25.471527338027954 400
25.47946572303772 400
25.488624811172485 400
25.496848821640015 400
25.503540992736816 400
25.510713815689087 400
25.518548488616943 400
25.52451753616333 400
25.534716844558716 400
25.541442394256592 400
25.54894256591797 400
25.557353734970093 400
25.56611394882202 400
25.572919607162476 400
25.583427906036377 400
25.59415888786316 400
25.60107421875 400
25.608309030532837 400
25.616204738616943 400
25.62322497367859 400
25.63040065765381 400
25.6392719745636 400
25.645225524902344 400
25.654611110687256 400
25.661171674728394 400
25.668213605880737 400
25.67603898048401 400
25.682927131652832 400
25.690685987472534 400
25.698658227920532 400
25.70778179168701 400
25.714003801345825 400
25.720893621444702 400
25.728150367736816 400
25.73597812652588 400
25.74381685256958 400
25.750776052474976 400
25.759511947631836 400
25.765510082244873 400
25.772308826446533 400
25.780261754989624 400
25.79021978378296 400
25.796074867248535 400
25.803050756454468 400
25.810761213302612 400
25.81999659538269 400
25.825841665267944 400
25.832603454589844 400
25.841480255126953 400
25.84928822517395 400
25.85679578781128 400
25.863497257232666 400
25.871951818466187 400
25.881077766418457 400
25.888299226760864 400
25.895111083984375 400
25.904526710510254 400
25.911255598068237 400
25.918631076812744 400
25.92625617980957 400
25.933218955993652 400
25.94114637374878 400
25.94855284690857 400
25.954504251480103 400
25.961236476898193 400
25.968493461608887 400
25.974501848220825 400
25.98503565788269 400
25.992931127548218 400
26.000169038772583 400
26.00594139099121 400
26.012885093688965 400
26.01985239982605 400
26.025511741638184 400
26.032336950302124 400
26.039281606674194 400
26.04617404937744 400
26.0528507232666 400
26.059500694274902 400
26.06547522544861 400
26.072322607040405 400
26.07912826538086 400
26.08510136604309 400
26.09185791015625 400
26.100051879882812 400
26.105888843536377 400
26.112454414367676 400
26.119231700897217 400
26.125200986862183 400
26.13197374343872 400
26.138948440551758 400
26.145869970321655 400
26.15241265296936 400
26.15937113761902 400
26.16532874107361 400
26.172100067138672 400
26.17891836166382 400
26.18487024307251 400
26.19142746925354 400
26.199172258377075 400
26.205127716064453 400
26.211890697479248 400
26.218859434127808 400
26.22484517097473 400
26.23132348060608 400
26.23838520050049 400
26.2443904876709 400
26.25192379951477 400
26.258755445480347 400
26.264731884002686 400
26.271433353424072 400
26.278648376464844 400
26.284618616104126 400
26.291146755218506 400
26.29898238182068 400
26.30493950843811 400
26.31143355369568 400
26.319034814834595 400
26.324986934661865 400
26.3315532207489 400
26.338783740997314 400
26.344820737838745 400
26.35239028930664 400
26.359163522720337 400
26.365108966827393 400
26.3718900680542 400
26.382323026657104 400
26.38927173614502 400
26.395238399505615 400
26.403234004974365 400
26.410408973693848 400
26.416364908218384 400
26.42311120033264 400
26.430798292160034 400
26.437386512756348 400
26.454429864883423 400
26.463139057159424 400
26.47084879875183 400
26.479506254196167 400
26.485502004623413 400
26.493061065673828 400
26.501556396484375 400
26.50931715965271 400
26.518550634384155 400
26.524550437927246 400
26.531222581863403 400
26.53896188735962 400
26.54781413078308 400
26.554821252822876 400
26.561330556869507 400
26.56905221939087 400
26.575029611587524 400
26.582674503326416 400
26.594926118850708 400
26.60344934463501 400
26.612247943878174 400
26.620155572891235 400
26.627801656723022 400
26.633824348449707 400
26.641122579574585 400
26.64815902709961 400
26.654932022094727 400
26.66187882423401 400
26.66869282722473 400
26.67467737197876 400
26.681957483291626 400
26.688775539398193 400
26.694820165634155 400
26.701467514038086 400
26.709348917007446 400
26.71531629562378 400
26.722097635269165 400
26.728933095932007 400
26.734875679016113 400
26.741369247436523 400
26.748459100723267 400
26.75514507293701 400
26.762094259262085 400
26.768916130065918 400
26.774877309799194 400
26.78518295288086 400
26.792227268218994 400
26.79926300048828 400
26.806175231933594 400
26.81303119659424 400
26.820201635360718 400
26.826072931289673 400
26.83260989189148 400
26.839409351348877 400
26.845340251922607 400
26.852109670639038 400
26.860190391540527 400
26.86598801612854 400
26.872578144073486 400
26.879512786865234 400
26.8855197429657 400
26.892355918884277 400
26.89916205406189 400
26.90507745742798 400
26.912832975387573 400
26.9200119972229 400
26.925857543945312 400
26.932424068450928 400
26.939371347427368 400
26.945332765579224 400
26.952094554901123 400
26.96001887321472 400
26.965906620025635 400
26.97243332862854 400
26.97919511795044 400
26.985156059265137 400
26.991942882537842 400
26.99890446662903 400
27.00484347343445 400
27.012304544448853 400
27.019148111343384 400
27.02508282661438 400
27.0317964553833 400
27.038639068603516 400
27.04457926750183 400
27.05125904083252 400
27.059198141098022 400
27.065196990966797 400
27.07195472717285 400
27.07877016067505 400
27.084717988967896 400
27.091230154037476 400
27.098312377929688 400
27.10429811477661 400
27.111817836761475 400
27.118807554244995 400
27.124774932861328 400
27.13128685951233 400
27.1394784450531 400
27.1454439163208 400
27.15225338935852 400
27.159075260162354 400
27.165939569473267 400
27.17250370979309 400
27.183444261550903 400
27.190641403198242 400
27.196859121322632 400
27.20337963104248 400
27.211252689361572 400
27.21838688850403 400
27.229423999786377 400
27.23535919189453 400
27.24241542816162 400
27.249316215515137 400
27.255263090133667 400
27.263006448745728 400
27.27065658569336 400
27.276875972747803 400
27.28323793411255 400
27.29019284248352 400
27.295979976654053 400
27.302676916122437 400
27.310002088546753 400
27.317375898361206 400
27.323364734649658 400
27.330408096313477 400
27.336265802383423 400
27.342912673950195 400
27.34993600845337 400
27.35578751564026 400
27.363529443740845 400
27.37056827545166 400
27.37681007385254 400
27.383211374282837 400
27.39024066925049 400
27.39612317085266 400
27.40265202522278 400
27.409446716308594 400
27.416772603988647 400
27.423293828964233 400
27.431100606918335 400
27.438390016555786 400
27.444425344467163 400
27.451181411743164 400
27.458385705947876 400
27.4660382270813 400
27.472594261169434 400
27.479527950286865 400
27.485523223876953 400
27.49230432510376 400
27.499122858047485 400
27.505057334899902 400
27.511820793151855 400
27.519405603408813 400
27.525379180908203 400
27.532167196273804 400
27.539123058319092 400
27.54507613182068 400
27.551889896392822 400
27.558736324310303 400
27.564714670181274 400
27.57232403755188 400
27.579124450683594 400
27.589852571487427 400
27.595536708831787 400
27.60261821746826 400
27.609931707382202 400
27.615534782409668 400
27.62326145172119 400
27.630234241485596 400
27.636048316955566 400
27.64263129234314 400
27.649439096450806 400
27.655373573303223 400
27.662362337112427 400
27.670217275619507 400
27.676117658615112 400
27.68267560005188 400
27.689504623413086 400
27.695483207702637 400
27.70243740081787 400
27.709208250045776 400
27.71518039703369 400
27.7231502532959 400
27.730111360549927 400
27.74196457862854 400
27.74879264831543 400
27.75477385520935 400
27.76128125190735 400
27.768349409103394 400
27.77512764930725 400
27.782031059265137 400
27.789461612701416 400
27.795418739318848 400
27.80243706703186 400
27.80936288833618 400
27.815320253372192 400
27.822936058044434 400
27.830185413360596 400
27.835971117019653 400
27.842814683914185 400
27.8494975566864 400
27.855552673339844 400
27.862391233444214 400
27.86918330192566 400
27.876234769821167 400
27.882919311523438 400
27.889971494674683 400
27.895804405212402 400
27.902599096298218 400
27.90938901901245 400
27.915380239486694 400
27.923096179962158 400
27.930153131484985 400
27.935935735702515 400
27.942525148391724 400
27.9493465423584 400
27.955300092697144 400
27.96224331855774 400
27.969102382659912 400
27.976166009902954 400
27.986886262893677 400
27.99347424507141 400
28.000633716583252 400
28.006810903549194 400
28.01333785057068 400
28.020463705062866 400
28.028351068496704 400
28.034300804138184 400
28.040851354599 400
28.04747486114502 400
28.05342960357666 400
28.060420513153076 400
28.06628918647766 400
28.073043823242188 400
28.080943822860718 400
28.08755922317505 400
28.093968629837036 400
28.100668907165527 400
28.107260942459106 400
28.113237619400024 400
28.120221614837646 400
28.12782645225525 400
28.133556365966797 400
28.14071750640869 400
28.1473228931427 400
28.15329599380493 400
28.160279035568237 400
28.166110515594482 400
28.17262840270996 400
28.18063235282898 400
28.18685555458069 400
28.19320011138916 400
28.200416326522827 400
28.206263780593872 400
28.213022232055664 400
28.220211505889893 400
28.22598958015442 400
28.23349165916443 400
28.240488290786743 400
28.246378183364868 400
28.25312304496765 400
28.26025152206421 400
28.266063928604126 400
28.272658348083496 400
28.280543327331543 400
28.286386966705322 400
28.29313826560974 400
28.300143718719482 400
28.305925846099854 400
28.31243395805359 400
28.319336891174316 400
28.325275421142578 400
28.333006620407104 400
28.339980602264404 400
28.345792293548584 400
28.35257863998413 400
28.359396934509277 400
28.365323305130005 400
28.3720760345459 400
28.379029512405396 400
28.390730142593384 400
28.397356271743774 400
28.40349531173706 400
28.41066598892212 400
28.417266368865967 400
28.42323923110962 400
28.432031393051147 400
28.43912410736084 400
28.445093393325806 400
28.45203399658203 400
28.458977460861206 400
28.46592116355896 400
28.472506523132324 400
28.479443550109863 400
28.486855030059814 400
28.493243932724 400
28.500390768051147 400
28.50624656677246 400
28.513025283813477 400
28.52006983757019 400
28.525896549224854 400
28.53345513343811 400
28.540465831756592 400
28.546354055404663 400
28.55312204360962 400
28.56026005744934 400
28.566084623336792 400
28.572672367095947 400
28.579472541809082 400
28.58724856376648 400
28.593234062194824 400
28.60021162033081 400
28.60606098175049 400
28.61289620399475 400
28.620078086853027 400
28.62592387199402 400
28.632449865341187 400
28.640401363372803 400
28.646244287490845 400
28.653063774108887 400
28.660061597824097 400
28.665886163711548 400
28.67242121696472 400
28.67935585975647 400
28.68633222579956 400
28.69311547279358 400
28.70007634162903 400
28.705910205841064 400
28.71623992919922 400
28.72300958633423 400
28.729942798614502 400
28.737382411956787 400
28.743555784225464 400
28.75074577331543 400
28.757344722747803 400
28.76333737373352 400
28.77035880088806 400
28.77620220184326 400
28.782905101776123 400
28.794556379318237 400
28.8013117313385 400
28.808508157730103 400
28.81449294090271 400
28.82118010520935 400
28.828234434127808 400
28.834985494613647 400
28.842466115951538 400
28.84930658340454 400
28.85523509979248 400
28.862117052078247 400
28.86907696723938 400
28.875027418136597 400
28.88180899620056 400
28.889323949813843 400
28.895280122756958 400
28.902021646499634 400
28.90884780883789 400
28.91481900215149 400
28.92153239250183 400
28.9285991191864 400
28.934561491012573 400
28.94214630126953 400
28.948974132537842 400
28.954934120178223 400
28.96143651008606 400
28.96850061416626 400
28.974483966827393 400
28.98118281364441 400
28.98822283744812 400
28.995012044906616 400
29.00195074081421 400
29.008753061294556 400
29.01471710205078 400
29.021281480789185 400
29.02835702896118 400
29.034346103668213 400
29.0421040058136 400
29.048966646194458 400
29.054931163787842 400
29.06143569946289 400
29.068501472473145 400
29.074492692947388 400
29.08102774620056 400
29.08813452720642 400
29.0949125289917 400
29.10183548927307 400
29.1086688041687 400
29.114671230316162 400
29.1211678981781 400
29.128376722335815 400
29.134410858154297 400
29.140963554382324 400
29.148735523223877 400
29.154708862304688 400
29.161412239074707 400
29.16847276687622 400
29.174458742141724 400
29.180986404418945 400
29.191438674926758 400
29.199479579925537 400
29.20546007156372 400
29.212435245513916 400
29.219460248947144 400
29.225377082824707 400
29.232187271118164 400
29.238998651504517 400
29.24592137336731 400
29.252436637878418 400
29.25938892364502 400
29.265334367752075 400
29.27216386795044 400
29.279129028320312 400
29.285090684890747 400
29.291871309280396 400
29.29947304725647 400
29.30543565750122 400
29.31225562095642 400
29.319106101989746 400
29.325157642364502 400
29.331902742385864 400
29.338902711868286 400
29.34588623046875 400
29.352460622787476 400
29.359278440475464 400
29.365253686904907 400
29.372020483016968 400
29.378835439682007 400
29.384791374206543 400
29.391459226608276 400
29.39946174621582 400
29.40542197227478 400
29.412240982055664 400
29.41908049583435 400
29.425016164779663 400
29.432642936706543 400
29.439967155456543 400
29.445554733276367 400
29.453476428985596 400
29.46132230758667 400
29.46837306022644 400
29.474348068237305 400
29.480906009674072 400
29.4875168800354 400
29.493510961532593 400
29.5011727809906 400
29.50822615623474 400
29.51408624649048 400
29.520927906036377 400
29.52755856513977 400
29.533526182174683 400
29.540530920028687 400
29.546765565872192 400
29.554399013519287 400
29.560927629470825 400
29.567551851272583 400
29.573498725891113 400
29.58068871498108 400
29.59114694595337 400
29.598328113555908 400
29.605130195617676 400
29.612044095993042 400
29.61901545524597 400
29.62496066093445 400
29.63146424293518 400
29.638673067092896 400
29.644654273986816 400
29.652334213256836 400
29.6591796875 400
29.665119886398315 400
29.671902894973755 400
29.678720951080322 400
29.68472170829773 400
29.691229343414307 400
29.698397397994995 400
29.70522713661194 400
29.711997032165527 400
29.718827724456787 400
29.72479224205017 400
29.73128318786621 400
29.738353729248047 400
29.745537519454956 400
29.75332999229431 400
29.760465621948242 400
29.76634693145752 400
29.773112535476685 400
29.780240774154663 400
29.786075830459595 400
29.793045043945312 400
29.800041675567627 400
29.80742621421814 400
29.813397884368896 400
29.820558547973633 400
29.82682156562805 400
29.833181858062744 400
29.840182542800903 400
29.846007347106934 400
29.852599620819092 400
29.860535383224487 400
29.86638593673706 400
29.87311100959778 400
29.880249500274658 400
29.886080741882324 400
29.892600536346436 400
29.89939785003662 400
29.90634322166443 400
29.91326904296875 400
29.92022395133972 400
29.926028728485107 400
29.932588815689087 400
29.939844608306885 400
29.945533990859985 400
29.952346086502075 400
29.960289239883423 400
29.96617889404297 400
29.972851037979126 400
29.979485511779785 400
29.985448122024536 400
29.99598741531372 400
30.002917766571045 400
30.01093316078186 400
30.017552137374878 400
30.023958921432495 400
30.030681848526 400
30.036884546279907 400
30.043379306793213 400
30.0504150390625 400
30.05830454826355 400
30.064321517944336 400
30.070902347564697 400
30.077539920806885 400
30.08350110054016 400
30.09048318862915 400
30.096317291259766 400
30.103009939193726 400
30.11072015762329 400
30.11730694770813 400
30.123445987701416 400
30.13044762611389 400
30.13630986213684 400
30.14305853843689 400
30.150058031082153 400
30.155919313430786 400
30.16346001625061 400
30.17061495780945 400
30.18386149406433 400
30.19129514694214 400
30.200035095214844 400
30.20731544494629 400
