00
0.0001857280731201172 0
0.024077177047729492 1
0.030675649642944336 2
0.03844499588012695 4
0.0474550724029541 6
0.05462789535522461 11
0.06811642646789551 15
0.07573962211608887 24
0.09101510047912598 30
0.10049891471862793 35
0.11194682121276855 43
0.12105441093444824 48
0.12797832489013672 56
0.13860750198364258 62
0.14761042594909668 67
0.15430235862731934 76
0.16745901107788086 83
0.17429733276367188 90
0.18025517463684082 98
0.19096136093139648 104
0.19988059997558594 112
0.20659589767456055 122
0.21965241432189941 128
0.2265911102294922 136
0.23575425148010254 146
0.2468576431274414 152
0.252777099609375 158
0.2662332057952881 168
0.27227282524108887 174
0.27874755859375 185
0.2910482883453369 192
0.30019211769104004 200
0.3103141784667969 209
0.3170626163482666 216
0.32590508460998535 222
0.33466577529907227 236
0.3466525077819824 244
0.3556504249572754 251
0.3642878532409668 260
0.3742711544036865 271
0.3858063220977783 278
0.3949456214904785 286
0.4009671211242676 296
0.41448307037353516 306
0.42298412322998047 315
0.43274593353271484 322
0.4408414363861084 332
0.45161938667297363 341
0.464292049407959 350
0.47046732902526855 356
0.477114200592041 365
0.4863440990447998 372
0.4954872131347656 378
0.5027890205383301 387
0.5126786231994629 398
0.5245132446289062 406
0.5304484367370605 411
0.5371034145355225 420
0.5481395721435547 428
0.5559494495391846 434
0.5647604465484619 445
0.572904109954834 450
0.5799412727355957 458
0.5869841575622559 468
0.5984690189361572 474
0.6054620742797852 478
0.6154491901397705 484
0.6215629577636719 488
0.6303057670593262 493
0.6370882987976074 496
0.6462593078613281 498
0.6554093360900879 500
0.6642298698425293 500
0.6702234745025635 501
0.6770727634429932 500
0.6862895488739014 498
0.6949429512023926 497
0.7009932994842529 495
0.7101078033447266 492
0.718576192855835 488
0.7268929481506348 485
0.7328057289123535 478
0.7477314472198486 471
0.7589576244354248 467
0.7662498950958252 460
0.7751009464263916 452
0.7865307331085205 448
0.7925083637237549 443
0.80181884765625 436
0.8145389556884766 432
0.8205161094665527 428
0.8320457935333252 425
0.8428041934967041 424
0.856372594833374 424
0.8623895645141602 424
0.8762156963348389 425
0.8822510242462158 427
0.8890171051025391 430
0.9019560813903809 434
0.9103713035583496 438
0.9207653999328613 444
0.930274486541748 449
0.9400629997253418 453
0.9475371837615967 458
0.957068681716919 461
0.96744704246521 464
0.9778306484222412 465
0.9869673252105713 466
0.9970927238464355 465
1.0048165321350098 463
1.0159196853637695 462
1.024216890335083 459
1.0322754383087158 455
1.0419535636901855 452
1.0487949848175049 448
1.0581276416778564 443
1.067136526107788 440
1.0744972229003906 436
1.0826215744018555 432
1.09171462059021 430
1.0985424518585205 429
1.1099488735198975 428
1.1167397499084473 428
1.1226508617401123 428
1.132427453994751 431
1.147810935974121 433
1.1547257900238037 437
1.1650776863098145 440
1.1747322082519531 444
1.180880069732666 446
1.1881773471832275 450
1.1995387077331543 452
1.2076327800750732 454
1.2169268131256104 454
1.2259972095489502 454
1.2319674491882324 453
1.238778829574585 451
1.2501938343048096 449
1.2569103240966797 446
1.2658209800720215 444
1.274730920791626 440
1.2808074951171875 437
1.2887992858886719 434
1.2982516288757324 432
1.3071227073669434 430
1.3141870498657227 428
1.322953224182129 428
1.335892915725708 428
1.3419387340545654 429
1.3485829830169678 432
1.3603806495666504 434
1.3675861358642578 435
1.3743302822113037 438
1.3824429512023926 440
1.3941032886505127 442
1.4001667499542236 445
1.4105122089385986 445
1.4175045490264893 446
1.4265151023864746 445
1.4350941181182861 444
1.441408395767212 442
1.4519376754760742 439
1.4606890678405762 437
1.4677705764770508 436
1.4746732711791992 432
1.4858894348144531 431
1.4919404983520508 429
1.4985415935516357 428
1.5076401233673096 428
1.5165772438049316 428
1.522517442703247 429
1.5305750370025635 430
1.5396084785461426 433
1.5544087886810303 436
1.56258225440979 437
1.5697517395019531 439
1.5784084796905518 440
1.5875020027160645 440
1.5943684577941895 440
1.602405071258545 440
1.6116797924041748 438
1.6183691024780273 437
1.6274011135101318 435
1.6366240978240967 434
1.6446528434753418 432
1.6526625156402588 430
1.6616039276123047 429
1.6684236526489258 428
1.677464246749878 427
1.6863012313842773 427
1.6923089027404785 427
1.7010536193847656 428
1.710219144821167 429
1.7169759273529053 430
1.725914716720581 431
1.7346785068511963 432
1.7408006191253662 433
1.7497563362121582 434
1.7567203044891357 434
1.765671730041504 435
1.7745227813720703 435
1.7807364463806152 435
1.790036916732788 434
1.796854019165039 433
1.8057048320770264 432
1.814542531967163 431
1.8205618858337402 430
1.8296806812286377 429
1.836552381515503 428
1.8457252979278564 427
1.854729175567627 426
1.8608410358428955 426
1.8697848320007324 426
1.8783800601959229 426
1.8855388164520264 427
1.8945865631103516 428
1.9026906490325928 428
1.909923791885376 430
1.919705867767334 430
1.9283685684204102 431
1.9350860118865967 431
1.9450922012329102 431
1.9557812213897705 431
1.9620583057403564 430
1.9690561294555664 430
1.9778478145599365 429
1.9868464469909668 428
1.9928157329559326 428
1.9999232292175293 426
2.010223865509033 426
2.0170202255249023 426
2.026240587234497 425
2.0322861671447754 425
2.041003704071045 425
2.0478997230529785 426
2.0546391010284424 426
2.0627057552337646 426
2.0696420669555664 427
2.0774903297424316 427
2.0863394737243652 427
2.0923659801483154 428
2.098958969116211 428
2.1081392765045166 428
2.1150760650634766 427
2.1211438179016113 427
2.1320674419403076 426
2.1386871337890625 426
2.1459057331085205 426
2.1546382904052734 425
2.1607096195220947 425
2.1676225662231445 425
2.174382448196411 424
2.1841869354248047 424
2.190187454223633 424
2.1969146728515625 424
2.2059032917022705 424
2.2119269371032715 425
2.218562602996826 425
2.2299015522003174 425
2.2368180751800537 425
2.242767810821533 425
2.252021312713623 425
2.258646249771118 425
2.2657876014709473 425
2.2747554779052734 424
2.2819366455078125 424
2.288726329803467 424
2.296621561050415 424
2.304647445678711 424
2.310791254043579 424
2.3176167011260986 424
2.324510335922241 424
2.3316116333007812 424
2.338229179382324 423
2.348191499710083 423
2.356459856033325 423
2.3624119758605957 423
2.369497776031494 422
2.3763699531555176 422
2.3843283653259277 422
2.3902952671051025 422
2.39695405960083 422
2.4028708934783936 422
2.4099879264831543 422
2.416706085205078 422
2.422636032104492 422
2.4303982257843018 422
2.437105417251587 422
2.4435245990753174 422
2.450921058654785 422
2.45778751373291 422
2.464540481567383 422
2.4705121517181396 422
2.477426528930664 422
2.4849116802215576 422
2.490946054458618 422
2.4978532791137695 422
2.504786968231201 422
2.5109012126922607 422
2.5177152156829834 422
2.524508237838745 422
2.531561851501465 422
2.5382137298583984 422
2.5449204444885254 422
2.5509769916534424 422
2.557809829711914 422
2.5647459030151367 422
2.570845365524292 422
2.577655792236328 422
2.585486888885498 422
2.5915000438690186 421
2.5981366634368896 421
2.604891061782837 420
2.6109254360198975 420
2.623012065887451 420
2.630202054977417 419
2.6421422958374023 419
2.6487791538238525 419
2.6559228897094727 419
2.6646556854248047 419
2.6720504760742188 419
2.685662031173706 419
2.692117214202881 419
2.7010695934295654 419
2.707942485809326 419
2.714672565460205 419
2.7227611541748047 419
2.7296574115753174 418
2.7373735904693604 418
2.7499561309814453 419
2.7568302154541016 419
2.762817144393921 419
2.772045850753784 419
2.7787814140319824 419
2.7867486476898193 418
2.795668363571167 418
2.801757574081421 418
2.8085687160491943 418
2.8175551891326904 418
2.8243019580841064 418
2.8302862644195557 418
2.8399975299835205 418
2.8466668128967285 418
2.8525803089141846 418
2.866267681121826 418
2.8723037242889404 418
2.8814175128936768 418
2.889859437942505 418
2.8969151973724365 418
2.9054670333862305 418
2.914057970046997 418
2.9201056957244873 418
2.9275312423706055 418
2.9342408180236816 418
2.941392660140991 418
2.947974681854248 418
2.954683780670166 418
2.961550235748291 418
2.968235492706299 417
2.9749088287353516 417
2.9887773990631104 417
2.9958717823028564 416
3.0019404888153076 416
3.008502960205078 416
3.015475273132324 416
3.0215554237365723 416
3.0283007621765137 416
3.035020351409912 416
3.0420823097229004 416
3.0489532947540283 416
3.0558664798736572 416
3.061915159225464 416
3.068788528442383 416
3.0762813091278076 416
3.0822741985321045 416
3.089963436126709 416
3.0967721939086914 416
3.1027379035949707 416
3.109959602355957 416
3.116652250289917 416
3.12258243560791 416
3.1294898986816406 416
3.1360538005828857 416
3.142982244491577 416
3.154604434967041 416
3.160741090774536 416
3.167912483215332 416
3.1747963428497314 415
3.1808457374572754 415
3.1876654624938965 415
3.195504665374756 415
3.201470136642456 415
3.2079966068267822 415
3.214679718017578 415
3.220719814300537 415
3.227760076522827 414
3.234567642211914 414
3.2405178546905518 415
3.2490572929382324 415
3.256290912628174 415
3.2622907161712646 415
3.269052505493164 415
3.2762441635131836 415
3.282280683517456 415
3.28942608833313 414
3.2969746589660645 414
3.302929401397705 414
3.3099684715270996 414
3.3166801929473877 414
3.3226253986358643 414
3.329559803009033 415
3.3360347747802734 415
3.34208345413208 415
3.350079298019409 415
3.3567562103271484 415
3.3627431392669678 414
3.369765043258667 414
3.376507520675659 414
3.382422685623169 414
3.3890347480773926 414
3.396897077560425 414
3.4028103351593018 414
3.4099793434143066 414
3.4168412685394287 414
3.422877788543701 414
3.429915428161621 414
3.4366350173950195 414
3.442577600479126 414
3.451136350631714 414
3.4579617977142334 414
3.464841604232788 413
3.4708566665649414 413
3.477677583694458 413
3.4844095706939697 413
3.490342378616333 412
3.4980623722076416 412
3.5048530101776123 412
3.510885000228882 412
3.517685651779175 412
3.5245726108551025 412
3.5305662155151367 412
3.5375235080718994 412
3.5443873405456543 412
3.5560271739959717 412
3.5620524883270264 412
3.568784713745117 412
3.5759377479553223 412
3.5819320678710938 412
3.5887722969055176 412
3.5958433151245117 412
3.602644443511963 412
3.609586238861084 412
3.616035223007202 412
3.622077465057373 412
3.6286630630493164 412
3.6355881690979004 412
3.641557455062866 412
3.6495606899261475 412
3.6560614109039307 412
3.662085771560669 412
3.66866135597229 412
3.67583966255188 412
3.681874990463257 412
3.6884539127349854 412
3.6954336166381836 412
3.7024009227752686 412
3.7095348834991455 412
3.716036319732666 412
3.722058057785034 412
3.7286391258239746 412
3.735600709915161 412
3.7416298389434814 412
3.748220443725586 412
3.7604918479919434 412
3.7677762508392334 412
3.774662494659424 412
3.780700445175171 412
3.787728786468506 412
3.7945284843444824 412
3.8016247749328613 412
3.8090662956237793 412
3.8159525394439697 412
3.8220295906066895 412
3.828803539276123 412
3.835796594619751 412
3.8418827056884766 412
3.8485426902770996 412
3.856534481048584 412
3.8626623153686523 412
3.869633674621582 412
3.8763020038604736 412
3.8823068141937256 412
3.8890621662139893 412
3.8959779739379883 411
3.902916431427002 411
3.909975528717041 410
3.9167068004608154 410
3.922685146331787 410
3.9296884536743164 410
3.9365227222442627 410
3.942458152770996 409
3.9522807598114014 409
3.9617888927459717 409
3.9685842990875244 409
3.9757771492004395 410
3.9818758964538574 410
3.9886176586151123 410
3.9956376552581787 410
4.0016350746154785 410
4.0095055103302 410
4.016057252883911 410
4.022087335586548 410
4.028659820556641 410
4.035640716552734 410
4.041656494140625 410
4.048296689987183 410
4.0560219287872314 410
4.062069654464722 410
4.0688183307647705 410
4.0758538246154785 410
4.081899166107178 410
4.088439702987671 410
4.095418214797974 410
4.101407766342163 410
4.108826398849487 410
4.115845203399658 410
4.121898651123047 410
4.128662586212158 410
4.13563871383667 410
4.141650915145874 410
4.1482672691345215 410
4.154998064041138 410
4.162028074264526 410
4.168630123138428 410
4.175603151321411 410
4.181618690490723 410
4.1884002685546875 410
4.195674419403076 410
4.201734304428101 410
4.209612131118774 410
4.216206789016724 410
4.222123861312866 410
4.228700160980225 410
4.235643148422241 410
4.2416675090789795 410
4.24964451789856 410
4.2564661502838135 410
4.264333009719849 409
4.270339727401733 409
4.277461290359497 409
4.284097909927368 409
4.290114879608154 409
4.297003984451294 409
4.302904844284058 409
4.310962438583374 409
4.3178510665893555 409
4.324754238128662 408
4.330810070037842 408
4.337702751159668 408
4.344462871551514 408
4.360487222671509 408
4.36785364151001 408
4.374868631362915 408
4.382951736450195 408
4.3900182247161865 408
4.396738290786743 408
4.405845403671265 408
4.414853572845459 408
4.422807693481445 408
4.429960250854492 408
4.436644792556763 408
4.445617198944092 408
4.45242714881897 408
4.460070371627808 408
4.467928647994995 408
4.474797964096069 408
4.4808220863342285 408
4.487955093383789 408
4.494649410247803 408
4.500721454620361 408
4.507546901702881 408
4.5149986743927 408
4.52100396156311 408
4.527889013290405 408
4.534620523452759 408
4.540712118148804 408
4.547719240188599 408
4.554469585418701 408
4.560451984405518 408
4.5681657791137695 408
4.574891567230225 408
4.580923795700073 408
4.587937355041504 408
4.594687223434448 408
4.6007373332977295 408
4.607755184173584 408
4.615609407424927 408
4.621675968170166 408
4.628296852111816 408
4.635010242462158 408
4.6410462856292725 408
4.647909879684448 408
4.654606580734253 408
4.660534620285034 407
4.668411731719971 407
4.675139665603638 407
4.681144714355469 407
4.687961101531982 407
4.694685459136963 406
4.700772047042847 406
4.707619667053223 406
4.714438199996948 407
4.721498250961304 407
4.728266000747681 407
4.734997987747192 407
4.741008520126343 407
4.747845888137817 408
4.7584006786346436 408
4.7656755447387695 408
4.772623062133789 407
4.779796838760376 407
4.78678822517395 407
4.792725563049316 407
4.79963493347168 407
4.806071519851685 407
4.812085866928101 407
4.824312448501587 407
4.830809116363525 406
4.837728977203369 406
4.844669580459595 406
4.850724458694458 406
4.857595443725586 406
4.864266395568848 406
4.871386289596558 406
4.8779988288879395 406
4.884698390960693 406
4.890728950500488 406
4.897575378417969 406
4.904414653778076 406
4.910336256027222 406
4.916970252990723 406
4.924714803695679 406
4.930789947509766 406
4.937640428543091 406
4.944296836853027 406
4.950242280960083 406
4.9569292068481445 406
4.962811708450317 406
4.969924211502075 406
4.977729558944702 406
4.98446249961853 406
4.991966247558594 406
4.9985034465789795 406
5.005474090576172 406
5.011483192443848 406
5.018055200576782 406
5.0258917808532715 406
5.031911611557007 406
5.038506746292114 406
5.045493841171265 406
5.0515031814575195 406
5.058065176010132 406
5.06474757194519 406
5.070806503295898 406
5.0784971714019775 406
5.0856406688690186 406
5.091665983200073 406
5.098339557647705 406
5.105479717254639 406
5.111483097076416 406
5.118085622787476 406
5.12580418586731 406
5.13189435005188 406
5.13846755027771 406
5.145598411560059 406
5.15164041519165 406
5.162093877792358 406
5.168787240982056 406
5.176851749420166 406
5.182823657989502 406
5.18999457359314 405
5.196671009063721 405
5.202627420425415 405
5.209778547286987 405
5.216497421264648 405
5.22237491607666 405
5.230113506317139 405
5.236967325210571 405
5.244760274887085 405
5.250811576843262 405
5.257805347442627 405
5.264800786972046 405
5.2708353996276855 405
5.278386116027832 405
5.285517930984497 405
5.29150652885437 405
5.298064708709717 405
5.304751634597778 405
5.310781478881836 405
5.317562103271484 405
5.32443904876709 405
5.331470727920532 405
5.3380210399627686 405
5.344685792922974 405
5.350583791732788 405
5.357538461685181 405
5.3643646240234375 405
5.370340347290039 405
5.377027750015259 405
5.3849475383758545 405
5.390965461730957 405
5.397785186767578 405
5.40451455116272 405
5.4104530811309814 405
5.417144536972046 405
5.42406153678894 405
5.430938482284546 405
5.437819480895996 405
5.444758653640747 405
5.451733827590942 405
5.458394765853882 405
5.465066194534302 405
5.471085548400879 405
5.485106945037842 405
5.492647647857666 405
5.502066373825073 405
5.508809566497803 405
5.520314931869507 405
5.5270609855651855 405
