00
0.0001933574676513672 0
0.030410289764404297 0
0.03727388381958008 0
0.04671049118041992 2
0.06013798713684082 4
0.06687211990356445 6
0.07296299934387207 10
0.08316969871520996 15
0.09263181686401367 18
0.10176920890808105 24
0.10851263999938965 28
0.11729764938354492 34
0.12664008140563965 40
0.1349799633026123 46
0.1432497501373291 52
0.1522507667541504 60
0.16089677810668945 64
0.16802167892456055 70
0.17705345153808594 82
0.18901753425598145 86
0.19722223281860352 97
0.20861411094665527 103
0.21468496322631836 108
0.2237381935119629 119
0.23273372650146484 124
0.23985028266906738 131
0.24973845481872559 142
0.25879454612731934 147
0.26485252380371094 152
0.2738816738128662 163
0.2829747200012207 168
0.2899003028869629 176
0.29789113998413086 186
0.30904698371887207 192
0.3150200843811035 197
0.322324275970459 206
0.3311607837677002 214
0.340254545211792 221
0.35016298294067383 230
0.35717320442199707 237
0.3664109706878662 246
0.37456536293029785 251
0.38181591033935547 260
0.3906238079071045 266
0.3988485336303711 274
0.40912461280822754 279
0.4162719249725342 287
0.4245593547821045 293
0.4336373805999756 298
0.44062042236328125 306
0.45069050788879395 311
0.4599647521972656 315
0.46684956550598145 321
0.47501516342163086 326
0.48420023918151855 330
0.4909505844116211 334
0.49971628189086914 340
0.508772611618042 344
0.5178461074829102 346
0.5240380764007568 351
0.5350213050842285 354
0.5435397624969482 358
0.5536561012268066 362
0.5626347064971924 364
0.5700476169586182 367
0.5818610191345215 372
0.6018373966217041 375
0.6118912696838379 376
0.6221656799316406 379
0.6342287063598633 381
0.6432666778564453 382
0.650775671005249 384
0.6619062423706055 384
0.6692678928375244 386
0.6824686527252197 387
0.6892669200897217 388
0.6986985206604004 388
0.7076618671417236 389
0.7137563228607178 389
0.7228639125823975 390
0.7319459915161133 390
0.738959550857544 391
0.7478222846984863 391
0.7567598819732666 391
0.7629189491271973 392
0.772132158279419 392
0.7790296077728271 392
0.7879905700683594 392
0.7970197200775146 392
0.8031337261199951 393
0.812197208404541 393
0.8191509246826172 393
0.8327465057373047 393
0.8398170471191406 393
0.8489775657653809 394
0.8590717315673828 394
0.8651032447814941 394
0.873643159866333 394
0.8841617107391357 394
0.8939187526702881 394
0.9027469158172607 394
0.911998987197876 393
0.9242827892303467 393
0.9337468147277832 393
0.9430816173553467 394
0.9525296688079834 394
0.9608194828033447 394
0.9719505310058594 394
0.9791045188903809 394
0.9945068359375 394
1.0016698837280273 394
1.0086514949798584 394
1.0198793411254883 394
1.0267114639282227 394
1.0347800254821777 394
1.044471263885498 394
1.050992727279663 394
1.0601027011871338 394
1.069732427597046 394
1.0765299797058105 394
1.0848724842071533 394
1.0941073894500732 394
1.1012144088745117 394
1.1101949214935303 394
1.1171131134033203 394
1.1250560283660889 394
1.1379971504211426 394
1.145721435546875 394
1.1575584411621094 394
1.1645698547363281 394
1.1739740371704102 394
1.182502031326294 394
1.1944208145141602 394
1.2029023170471191 394
1.213912010192871 394
1.2208061218261719 394
1.2278881072998047 394
1.240962028503418 394
1.2485201358795166 394
1.2604610919952393 394
1.2679991722106934 394
1.2770562171936035 394
1.2850825786590576 394
1.2921464443206787 394
1.3008246421813965 394
1.3099234104156494 394
1.316779613494873 394
1.324986219406128 394
1.3344883918762207 394
1.3417251110076904 394
1.348783016204834 394
1.3598034381866455 394
1.3666229248046875 394
1.3726789951324463 394
1.3838560581207275 394
1.3942441940307617 394
1.4048333168029785 394
1.4140520095825195 394
1.420919418334961 394
1.428184986114502 394
1.43910551071167 394
1.445098876953125 394
1.4521725177764893 394
1.4623253345489502 394
1.469092607498169 394
1.4801764488220215 394
1.4885363578796387 394
1.4973042011260986 394
1.5064098834991455 394
1.5124542713165283 394
1.5217211246490479 394
1.5284626483917236 394
1.5375735759735107 394
1.5465049743652344 394
1.554619550704956 394
1.561638355255127 394
1.570321798324585 394
1.577291488647461 394
1.588059663772583 394
1.5941905975341797 394
1.6008710861206055 394
1.6129121780395508 394
1.6198995113372803 394
1.6268610954284668 394
1.638223648071289 394
1.6443018913269043 394
1.6509644985198975 394
1.663879156112671 394
1.6706006526947021 394
1.679718255996704 394
1.6887235641479492 394
1.6947846412658691 394
1.7039873600006104 394
1.7129390239715576 394
1.7199177742004395 394
1.7268836498260498 394
1.7381458282470703 394
1.7442255020141602 394
1.7508747577667236 394
1.7621924877166748 394
1.7692432403564453 394
1.7763936519622803 394
1.7860133647918701 394
1.7945270538330078 394
1.806492567062378 394
1.8149662017822266 394
1.8246195316314697 394
1.8341495990753174 394
1.8408608436584473 394
1.849924087524414 394
1.856858730316162 394
1.8642921447753906 394
1.8736906051635742 394
1.880598783493042 394
1.8887436389923096 394
1.8976383209228516 394
1.9037463665008545 394
1.9104490280151367 394
1.9192750453948975 394
1.9262721538543701 394
1.9323320388793945 394
1.9408822059631348 394
1.9499633312225342 394
1.956878423690796 394
1.9630482196807861 394
1.9720656871795654 394
1.9788305759429932 394
1.9880781173706055 394
1.9942004680633545 394
2.001145362854004 394
2.011992931365967 394
2.018808364868164 394
2.0248327255249023 394
2.033933401107788 394
2.041762351989746 394
2.04845929145813 394
2.0575711727142334 394
2.06370210647583 394
2.0703883171081543 394
2.0791478157043457 394
2.0851783752441406 394
2.09311580657959 394
2.1021337509155273 394
2.1089932918548584 394
2.114988088607788 394
2.124213218688965 394
2.1311259269714355 394
2.1389763355255127 394
2.1478641033172607 394
2.1540422439575195 394
2.1607131958007812 394
2.1697680950164795 394
2.1767618656158447 394
2.182905912399292 394
2.197223663330078 394
2.2035512924194336 394
2.2124886512756348 394
2.219667911529541 394
2.2264561653137207 394
2.234579563140869 394
2.242563009262085 394
2.2495617866516113 394
2.258514881134033 394
2.2646210193634033 394
2.2716641426086426 394
2.2802281379699707 394
2.287017583847046 394
2.2941949367523193 394
2.303255558013916 394
2.3102428913116455 394
2.3170621395111084 394
2.325110673904419 394
2.332176446914673 394
2.3389670848846436 394
2.3490617275238037 394
2.3550567626953125 394
2.3623287677764893 394
2.3692755699157715 394
2.378525972366333 394
2.384622812271118 394
2.395141839981079 394
2.4030487537384033 394
2.410531759262085 394
2.419795513153076 394
2.426809310913086 394
2.4329607486724854 394
2.4439055919647217 394
2.4511466026306152 394
2.4581120014190674 394
2.464850664138794 394
2.4719762802124023 394
2.478943109512329 394
2.484950304031372 394
2.4919803142547607 394
2.4996871948242188 394
2.5064406394958496 394
2.5124917030334473 394
2.5196633338928223 394
2.526397705078125 394
2.5324466228485107 394
2.5396242141723633 394
2.5472023487091064 394
2.553295135498047 394
2.5602307319641113 394
2.5671236515045166 394
2.5732414722442627 394
2.58015775680542 394
2.586965560913086 394
2.5992355346679688 394
2.6064696311950684 394
2.612502098083496 394
2.6196892261505127 394
2.626582622528076 394
2.6326279640197754 394
2.639643907546997 394
2.6472136974334717 394
2.6536030769348145 394
2.6619160175323486 394
2.668750762939453 394
2.674748182296753 394
2.6817288398742676 394
2.688349962234497 394
2.6945252418518066 394
2.7023212909698486 394
2.70919132232666 394
2.7156739234924316 394
2.722409725189209 394
2.7291626930236816 394
2.73569655418396 394
2.7422268390655518 394
2.7500131130218506 394
2.756807327270508 394
2.762906551361084 394
2.769836902618408 394
2.7768425941467285 394
2.782987356185913 394
2.78987455368042 394
2.796725273132324 394
2.803889513015747 394
2.8105781078338623 394
2.8176021575927734 394
2.8237099647521973 394
2.8304078578948975 394
2.8375558853149414 394
2.8436715602874756 394
2.8512256145477295 394
2.8582046031951904 394
2.8663556575775146 394
2.8724570274353027 394
2.8795647621154785 394
2.886461019515991 394
2.892509937286377 394
2.9003567695617676 394
2.907853364944458 394
2.914088249206543 394
2.920734405517578 394
2.9277288913726807 394
2.933892011642456 394
2.940584659576416 394
2.9475865364074707 394
