00
9.489059448242188e-05 0
0.016155242919921875 1
0.02213764190673828 2
0.02864694595336914 3
0.036499977111816406 4
0.04243731498718262 6
0.04994034767150879 10
0.058791160583496094 13
0.06619524955749512 17
0.07224249839782715 21
0.07987141609191895 26
0.08883452415466309 29
0.09599804878234863 32
0.10203671455383301 34
0.10959172248840332 39
0.11874103546142578 42
0.12610459327697754 44
0.1321702003479004 50
0.1414484977722168 54
0.14819574356079102 56
0.1548469066619873 59
0.16289091110229492 62
0.16985630989074707 65
0.17681550979614258 69
0.18613266944885254 72
0.19221282005310059 77
0.19887614250183105 81
0.20671725273132324 84
0.21587133407592773 86
0.22196316719055176 89
0.22861099243164062 92
0.2365281581878662 96
0.2458171844482422 98
0.2519056797027588 102
0.25855302810668945 105
0.2664144039154053 107
0.27245092391967773 109
0.28001856803894043 114
0.28887939453125 118
0.2986185550689697 122
0.3098723888397217 125
0.31694722175598145 127
0.3232707977294922 130
0.3323214054107666 132
0.3392343521118164 134
0.3460986614227295 136
0.35271167755126953 140
0.35962915420532227 144
0.36673521995544434 146
0.37273406982421875 148
0.37975406646728516 150
0.3878142833709717 153
0.39374876022338867 156
0.4004631042480469 160
0.4075164794921875 162
0.4134085178375244 167
0.4200599193572998 169
0.42746520042419434 172
0.43520689010620117 174
0.44127655029296875 175
0.44812726974487305 177
0.45476841926574707 180
0.46080589294433594 183
0.4679100513458252 185
0.47381138801574707 188
0.48066234588623047 190
0.48851871490478516 193
0.49561619758605957 195
0.5015537738800049 198
0.5085041522979736 200
0.5156078338623047 202
0.5215270519256592 205
0.5283420085906982 208
0.5362155437469482 211
0.5422475337982178 212
0.5489768981933594 214
0.5560832023620605 216
0.5621433258056641 218
0.5687685012817383 220
0.575939416885376 222
0.5819492340087891 225
0.589555025100708 228
0.596489667892456 230
0.6024973392486572 232
0.6094982624053955 233
0.6163651943206787 234
0.6224133968353271 236
0.6292901039123535 238
0.637488603591919 241
0.6433935165405273 244
0.6500372886657715 246
0.6569502353668213 247
0.6629729270935059 250
0.6700389385223389 251
0.6769452095031738 253
0.6832261085510254 256
0.6909449100494385 259
0.7023766040802002 262
0.7093913555145264 265
0.7163598537445068 266
0.7224066257476807 268
0.7296514511108398 270
0.7365670204162598 272
0.7436819076538086 274
0.7504487037658691 275
0.7575371265411377 277
0.763516902923584 278
0.7706091403961182 280
0.7776813507080078 281
0.7836301326751709 282
0.7919142246246338 284
0.7985169887542725 286
0.8056509494781494 288
0.8115887641906738 290
0.8183491230010986 291
0.8252778053283691 292
0.8322744369506836 294
0.8398916721343994 295
0.8474700450897217 296
0.8535299301147461 298
0.8602490425109863 299
0.8669779300689697 300
0.8732199668884277 301
0.8798739910125732 302
0.8867411613464355 304
0.8938157558441162 306
0.9008252620697021 308
0.9080259799957275 309
0.9159767627716064 310
0.9220876693725586 312
0.9288740158081055 313
0.9361221790313721 315
0.9429066181182861 317
0.9498019218444824 319
0.9566857814788818 320
0.9626846313476562 321
0.9697082042694092 322
0.9765877723693848 324
0.9825847148895264 326
0.989368200302124 328
0.9969682693481445 330
1.0032143592834473 331
1.0098884105682373 333
1.016808271408081 334
1.0228166580200195 335
1.0298800468444824 336
1.0367555618286133 337
1.0437445640563965 340
1.0505576133728027 341
1.0575640201568604 342
1.0634620189666748 344
1.0700292587280273 346
1.0808842182159424 347
1.0881690979003906 348
1.0960259437561035 352
1.1074817180633545 354
1.1133627891540527 355
1.120100975036621 356
1.1274540424346924 358
1.1333529949188232 360
1.1399626731872559 362
1.148197889328003 363
1.1548380851745605 364
1.1609838008880615 365
1.1680333614349365 366
1.1742768287658691 368
1.1807138919830322 370
1.1877644062042236 372
1.1936790943145752 372
1.2015564441680908 373
1.2084646224975586 374
1.215540885925293 376
1.2214746475219727 378
1.2282652854919434 378
1.2349507808685303 379
1.240952968597412 380
1.2487425804138184 382
1.2558622360229492 383
1.261913776397705 384
1.268775463104248 386
1.275914192199707 386
1.2819674015045166 388
1.2886748313903809 389
1.2958157062530518 390
1.302626371383667 391
1.309523344039917 393
1.3164355754852295 394
1.3224916458129883 396
1.329545259475708 397
1.3364994525909424 398
1.3425242900848389 399
1.3503179550170898 400
1.357421875 400
1.363312005996704 402
1.3699610233306885 402
1.3768582344055176 403
1.3828766345977783 403
1.3899660110473633 404
1.3968620300292969 404
1.4047675132751465 404
1.4108388423919678 405
1.4180476665496826 406
1.4247944355010986 407
1.430882453918457 408
1.4382221698760986 408
1.444878339767456 408
1.4521820545196533 408
1.4587180614471436 408
1.4658305644989014 409
1.4718728065490723 410
1.4785263538360596 412
1.485640287399292 412
1.4915359020233154 413
1.502934455871582 412
1.5100712776184082 412
1.5174696445465088 412
1.5233514308929443 413
1.5300374031066895 414
1.536947250366211 414
1.543231725692749 415
1.5502679347991943 414
1.5582032203674316 414
1.5648353099822998 414
1.570976972579956 415
1.578538417816162 416
1.5861358642578125 416
1.5921552181243896 416
1.598679542541504 416
1.6065847873687744 417
1.6126799583435059 418
1.6195156574249268 419
1.6265308856964111 419
1.6325502395629883 420
1.6394679546356201 420
1.6463215351104736 420
1.6533010005950928 420
1.659933090209961 421
1.6668245792388916 422
1.672853708267212 424
1.679903268814087 424
1.686929702758789 425
1.6929600238800049 424
1.6998581886291504 424
1.7078568935394287 424
1.7137649059295654 426
1.720597743988037 426
1.7276465892791748 426
1.733548879623413 427
1.7402458190917969 427
1.747493028640747 428
1.7533934116363525 428
1.7608757019042969 428
1.767916202545166 428
1.7737765312194824 429
1.780608892440796 430
1.7876722812652588 432
1.7935848236083984 432
1.800276756286621 432
1.8081858158111572 433
1.8148396015167236 434
1.8208577632904053 434
1.828596830368042 434
1.835730791091919 434
1.8417701721191406 436
1.8485074043273926 436
1.8555712699890137 436
1.8623840808868408 436
1.8693821430206299 438
1.8762199878692627 438
1.8822658061981201 438
1.8888218402862549 438
1.8959758281707764 439
1.9065656661987305 440
1.9159791469573975 442
1.9220311641693115 442
1.9288606643676758 443
1.9362316131591797 443
1.942276954650879 443
1.9488165378570557 443
1.9559781551361084 444
1.9628305435180664 445
1.9697372913360596 445
1.9766321182250977 446
1.9826626777648926 446
1.9897148609161377 446
1.9982030391693115 447
2.0048327445983887 448
2.01216983795166 449
2.018742561340332 449
2.0258491039276123 450
2.031886339187622 449
2.0384976863861084 449
2.0453662872314453 449
2.051722526550293 450
2.0583410263061523 451
2.0663530826568604 452
2.0723752975463867 452
2.078979253768921 452
2.0861308574676514 452
2.092142105102539 453
2.098651885986328 454
2.105954170227051 455
2.112793207168579 455
2.1196885108947754 455
2.126568555831909 454
2.132535219192505 455
2.1394035816192627 455
2.146224021911621 456
2.152266502380371 456
2.1588919162750244 458
2.1669387817382812 458
2.172976016998291 457
2.1798551082611084 457
2.186722755432129 457
2.1927201747894287 458
2.1998064517974854 459
2.206677198410034 460
2.2137439250946045 460
2.2204835414886475 460
2.22771954536438 460
2.233637571334839 461
2.24054217338562 462
2.247581958770752 462
2.2534637451171875 463
2.2600505352020264 464
2.2681500911712646 464
2.274817705154419 464
2.2808780670166016 463
2.2880923748016357 464
2.2947592735290527 464
2.3058829307556152 466
2.312237024307251 466
2.320019006729126 465
2.3274621963500977 465
2.3333380222320557 465
2.3398897647857666 466
2.3468780517578125 467
2.352886438369751 468
2.3597822189331055 468
2.367828607559204 468
2.373779058456421 468
2.3805487155914307 468
2.387544870376587 470
2.393465042114258 470
2.400085687637329 470
2.407463788986206 471
2.4133336544036865 472
2.4209609031677246 473
2.4280128479003906 473
2.4342517852783203 473
2.4406964778900146 473
2.447751760482788 473
2.4536449909210205 474
2.4605910778045654 476
2.46865177154541 476
2.475796937942505 476
2.481877326965332 477
2.4885036945343018 478
2.4955711364746094 478
2.50150990486145 479
2.514716386795044 478
2.5220253467559814 477
2.5287392139434814 477
2.535886287689209 477
2.5419058799743652 478
2.5485682487487793 479
2.555673837661743 480
2.5616719722747803 480
2.5694143772125244 480
2.5764057636260986 480
2.582451343536377 481
2.5896098613739014 482
2.5965542793273926 482
2.6025643348693848 483
2.6093947887420654 482
2.6163907051086426 482
2.6234021186828613 483
2.630082607269287 484
2.6369481086730957 484
2.6432132720947266 484
2.6500494480133057 483
2.6569249629974365 483
2.66296124458313 483
2.670811653137207 483
2.6779234409332275 483
2.684227466583252 484
2.6907286643981934 484
2.6977977752685547 484
2.7087550163269043 483
2.7161448001861572 483
2.7229232788085938 483
2.7300117015838623 483
2.7373828887939453 483
2.743312358856201 483
2.7499570846557617 483
2.756887435913086 482
2.7629425525665283 482
2.7700273990631104 483
2.7779808044433594 483
2.784287929534912 483
2.790708065032959 482
2.7978200912475586 482
2.8037607669830322 482
2.8106040954589844 481
2.817676305770874 481
2.8258018493652344 481
2.832549810409546 481
2.839444160461426 481
2.8464996814727783 480
2.8525688648223877 480
2.859410285949707 479
2.866309642791748 479
2.8723161220550537 479
2.8799941539764404 479
2.887413263320923 479
2.893385887145996 478
2.900036573410034 478
2.9069244861602783 478
2.9132275581359863 477
2.920928716659546 477
2.9288816452026367 476
2.936131477355957 476
2.942220687866211 476
2.949343681335449 476
2.9562129974365234 476
2.9622628688812256 476
2.9688992500305176 476
2.9769468307495117 475
2.9832608699798584 474
2.98990797996521 474
2.9968082904815674 474
3.0028975009918213 474
3.0099987983703613 474
3.0169103145599365 474
3.0229759216308594 473
3.0308241844177246 472
3.037959575653076 472
3.04419207572937 472
3.050694465637207 472
3.0578134059906006 472
3.0638065338134766 472
3.0708138942718506 472
3.078684091567993 472
3.0859289169311523 471
3.0920019149780273 470
3.098585605621338 469
3.110034942626953 470
3.117424964904785 470
3.1233575344085693 471
3.131592035293579 471
3.1385273933410645 470
3.1456761360168457 470
3.1517398357391357 469
3.158543348312378 469
3.16565203666687 469
3.1742732524871826 469
3.1821837425231934 468
3.189326047897339 468
3.196420907974243 468
3.202641487121582 468
3.2095296382904053 467
3.216473340988159 466
3.222642421722412 466
3.2304344177246094 466
3.2377238273620605 466
3.243675470352173 466
3.2506356239318848 466
3.25776743888855 466
3.263725996017456 465
3.270486831665039 464
3.277527332305908 464
3.2853164672851562 464
3.2914698123931885 464
3.2982170581817627 464
3.304898262023926 464
3.3114023208618164 463
3.3181865215301514 462
3.324843645095825 462
3.332014560699463 462
3.3387176990509033 462
3.345844030380249 462
3.3519320487976074 462
3.358583688735962 461
3.3658699989318848 461
3.3719723224639893 460
3.378589630126953 460
3.386409282684326 460
3.392526626586914 460
3.399397373199463 460
3.40629243850708 460
3.412323236465454 460
3.418945789337158 460
3.4262869358062744 459
3.433384895324707 458
3.4400370121002197 458
3.446897268295288 458
3.452972173690796 458
3.4598748683929443 458
3.4668116569519043 458
3.4728527069091797 458
3.4797840118408203 457
3.4880688190460205 456
3.494690418243408 456
3.5008673667907715 457
3.5123026371002197 457
3.5193047523498535 457
3.5263500213623047 457
3.532423496246338 456
3.5403292179107666 456
3.5477845668792725 456
3.553767442703247 455
3.5606191158294678 455
3.56767201423645 455
3.5736472606658936 455
3.5804741382598877 455
3.588355302810669 454
3.595266819000244 454
3.6013827323913574 454
3.6083474159240723 454
3.615288734436035 453
3.621412754058838 453
3.6283624172210693 453
3.635279655456543 453
3.642319679260254 453
3.648944854736328 452
3.6560604572296143 452
3.662161350250244 452
3.6689271926879883 452
3.682007074356079 452
3.6897082328796387 452
3.696648359298706 452
3.7027034759521484 451
3.7102930545806885 450
3.7189793586730957 450
3.726275682449341 450
3.7323203086853027 450
3.740002155303955 450
3.750744342803955 450
3.763417959213257 450
3.7708933353424072 449
3.7795534133911133 448
3.7888588905334473 448
3.7966063022613525 449
3.804795503616333 449
3.8142611980438232 450
3.820712089538574 449
3.828465461730957 449
3.8361990451812744 449
3.8453588485717773 448
3.851790428161621 448
3.858449697494507 448
3.8656251430511475 448
3.874763250350952 448
3.8828976154327393 447
3.891411542892456 446
3.8988070487976074 446
3.908970355987549 447
3.9197640419006348 448
3.92800235748291 448
3.9362783432006836 448
3.9456517696380615 447
3.9523873329162598 446
3.959681749343872 446
3.966724157333374 446
3.9727838039398193 446
3.979734182357788 445
3.986715078353882 445
3.9981815814971924 445
4.006764650344849 446
4.013513565063477 446
4.021888732910156 445
4.028815984725952 444
4.037585496902466 444
4.046338796615601 444
4.052712440490723 444
4.059589624404907 444
4.066563129425049 444
4.072606086730957 444
4.079463958740234 444
4.087641716003418 443
4.094985008239746 442
4.100977182388306 442
4.108102321624756 443
4.1147801876068115 443
4.120847225189209 443
4.1279683113098145 442
4.13423490524292 442
4.140674829483032 442
4.148594617843628 441
4.155843734741211 441
4.161938428878784 441
4.1685590744018555 441
4.17566990852356 440
4.181778430938721 440
4.188513517379761 440
4.1963372230529785 440
4.2024266719818115 440
4.209524869918823 440
4.2164435386657715 439
4.222497940063477 439
4.229383230209351 438
4.236332416534424 438
4.242370128631592 439
4.250080347061157 439
4.256934642791748 440
4.262952089309692 439
4.270042181015015 439
4.2774646282196045 439
4.283386468887329 438
4.290035724639893 438
4.298125982284546 438
4.304837703704834 438
4.316373348236084 438
4.3223865032196045 437
4.3295135498046875 436
4.336567163467407 436
4.342578887939453 436
4.350503444671631 437
4.357550382614136 437
4.363441705703735 437
4.370225667953491 436
4.377385377883911 436
4.383343696594238 436
4.390240669250488 436
4.396971940994263 436
4.404890775680542 435
4.411380290985107 435
4.4180991649627686 435
4.424823760986328 435
4.43089747428894 435
4.43799090385437 435
4.444290637969971 434
4.451980352401733 434
4.458634376525879 434
4.465831995010376 434
4.471930503845215 434
4.478562593460083 434
4.485699653625488 434
4.49174952507019 434
4.498373508453369 434
4.506504058837891 433
4.5149006843566895 433
4.5212082862854 433
4.528074502944946 433
4.534779787063599 433
4.541278839111328 433
4.548104286193848 433
4.555982828140259 432
4.562038421630859 432
4.568745851516724 432
4.575981378555298 432
4.582041501998901 432
4.588630437850952 432
4.595835208892822 432
4.602622985839844 432
4.609582901000977 431
4.616480588912964 431
4.622647285461426 431
4.629727363586426 431
4.636651039123535 431
4.642709255218506 431
4.649588346481323 431
4.657710313796997 431
4.663680791854858 431
4.670685529708862 431
4.67777681350708 431
4.683767080307007 431
4.690751075744629 430
4.697856903076172 430
4.705693483352661 430
4.716927766799927 431
4.722983360290527 431
4.730032920837402 431
4.737437725067139 430
4.743372917175293 430
4.7502760887146 430
4.758126497268677 430
4.764814615249634 430
4.770858287811279 430
4.777926683425903 429
4.7842066287994385 429
4.790678977966309 428
4.7978715896606445 429
4.804185628890991 430
4.811941146850586 430
4.81861424446106 429
4.825809478759766 428
4.832643032073975 428
4.839476108551025 428
4.846410036087036 428
4.852444410324097 429
4.86030387878418 429
4.867535352706909 428
4.873423099517822 428
4.880040884017944 428
4.886932134628296 428
4.892973899841309 428
4.899856805801392 428
4.907965660095215 427
4.91577410697937 427
4.921950578689575 427
4.928887605667114 427
4.936199426651001 427
4.942262411117554 427
4.948872327804565 427
4.956023454666138 427
4.96288275718689 426
4.969801425933838 426
4.976725339889526 426
4.982743501663208 426
4.989847421646118 426
4.996752023696899 426
5.002763271331787 426
5.0106751918792725 426
5.017832040786743 426
5.024191617965698 426
5.030665159225464 426
5.037702560424805 426
5.04367995262146 426
5.05063271522522 425
5.057868719100952 425
5.065814256668091 425
5.071932554244995 425
5.0792694091796875 425
5.086236476898193 425
5.0922698974609375 425
5.098859786987305 425
5.106184244155884 425
5.138440132141113 424
5.145644187927246 424
5.152911186218262 424
5.160323858261108 424
5.168344974517822 424
5.17532205581665 424
5.181476593017578 424
5.1883556842803955 424
5.195258855819702 424
5.2014405727386475 423
5.208204984664917 423
5.2160890102386475 423
5.222167015075684 423
5.228919744491577 423
5.236090898513794 423
5.2421488761901855 423
5.248741388320923 422
5.255959749221802 422
5.2619948387146 423
5.269788980484009 423
5.276683330535889 423
5.282723426818848 423
5.289757251739502 422
5.2966296672821045 422
5.302670001983643 422
5.309566020965576 422
5.317887544631958 422
5.324232578277588 422
5.3306498527526855 422
5.337689161300659 422
5.34367299079895 422
5.350636005401611 422
5.357706308364868 422
5.363691091537476 422
5.371745586395264 422
5.378396034240723 421
5.385591983795166 421
5.391535043716431 421
5.398346424102783 421
5.4052464962005615 421
5.411567687988281 420
5.419361591339111 420
5.426229000091553 420
5.432265996932983 420
5.4388556480407715 421
5.446148633956909 420
5.452239990234375 420
5.45884895324707 420
5.466184377670288 420
5.473258972167969 420
5.4799299240112305 420
5.486859560012817 420
5.492890119552612 420
5.499833822250366 420
5.5067126750946045 420
5.518612384796143 420
5.5260841846466064 420
5.532175779342651 420
5.53895902633667 420
5.5461106300354 420
5.5521910190582275 419
5.558758497238159 419
5.565908670425415 419
5.572833776473999 419
5.579914808273315 420
5.58694052696228 420
5.593220472335815 419
5.599871635437012 419
5.606753349304199 419
5.612772703170776 419
5.620669364929199 419
5.627710580825806 419
5.633663892745972 419
5.640524625778198 418
5.647794961929321 419
5.653775691986084 419
5.66059947013855 420
5.667637586593628 419
5.675580263137817 418
5.6815266609191895 418
5.688237190246582 418
5.695205450057983 419
5.701222896575928 419
5.708222150802612 419
5.714930295944214 418
5.722073793411255 418
5.72871208190918 418
5.735929250717163 418
5.741984128952026 418
5.748645067214966 418
5.755780220031738 418
5.761887788772583 418
5.7686896324157715 417
5.776559114456177 417
5.782573461532593 418
5.789443731307983 418
5.7963480949401855 418
5.802385091781616 417
5.808976411819458 417
5.816135406494141 417
5.823308229446411 417
5.830968856811523 417
5.838206768035889 416
5.8449037075042725 416
5.850953817367554 416
5.8580322265625 417
5.864287614822388 417
5.870745897293091 417
5.878670692443848 416
5.885981798171997 416
5.892022371292114 416
5.898618221282959 416
5.905799388885498 416
5.917482852935791 416
5.924948692321777 417
5.931525707244873 416
5.938462495803833 416
5.945698022842407 416
5.951893329620361 416
5.958513498306274 416
5.9657604694366455 416
5.971848487854004 416
5.979534864425659 416
5.986562728881836 416
5.9925596714019775 416
5.999431371688843 416
6.006471395492554 416
6.0125768184661865 416
6.019411563873291 416
6.027450084686279 415
6.03337025642395 415
6.040006160736084 415
6.0469114780426025 415
6.052975177764893 415
6.059873104095459 415
6.066932678222656 415
6.072967529296875 415
6.08479118347168 415
6.0909104347229 414
6.098134994506836 414
6.104825019836426 414
6.110874176025391 415
6.117920637130737 415
6.1242687702178955 415
6.132002115249634 414
6.138624906539917 414
6.145810127258301 414
6.151874542236328 414
6.15850043296814 414
6.165656566619873 414
6.1717588901519775 414
6.179471492767334 414
6.186525583267212 414
6.192575216293335 414
6.19941520690918 414
6.2063210010528564 414
6.212357997894287 414
6.219212770462036 414
6.2262489795684814 414
6.233371734619141 414
6.239975690841675 414
6.247282981872559 414
6.253222227096558 414
6.259873151779175 414
6.266742706298828 414
6.2727742195129395 414
6.280595779418945 413
6.287705421447754 413
6.29365086555481 413
6.300456285476685 413
6.307717800140381 413
6.318029403686523 413
6.324296474456787 413
6.332059144973755 413
6.338802337646484 413
6.345988035202026 413
6.352012634277344 413
6.3587799072265625 413
6.366121768951416 412
6.372258424758911 413
6.378827810287476 414
6.386773109436035 414
6.392776012420654 413
6.39966893196106 412
6.4065937995910645 412
6.412616729736328 412
6.419499158859253 413
6.426507949829102 413
6.433550596237183 413
6.440286874771118 413
6.44729208946228 412
6.453293085098267 412
6.459971189498901 412
6.466904401779175 412
6.472914218902588 412
6.479812383651733 412
6.488033771514893 412
6.494317293167114 412
6.500733375549316 412
6.507801532745361 412
6.5137879848480225 412
6.520649194717407 411
6.527736186981201 411
6.535325765609741 412
6.541503667831421 412
6.548428535461426 412
6.555349588394165 412
6.561468839645386 412
6.568206310272217 412
6.574845790863037 411
6.580881118774414 411
6.588806629180908 411
6.596063852310181 411
6.60271692276001 411
6.609694242477417 412
6.616734743118286 412
6.622774600982666 411
6.6296775341033936 411
6.637752532958984 411
6.643701553344727 412
6.650489807128906 412
6.657519578933716 411
6.663419485092163 411
6.6703269481658936 411
6.677590370178223 411
6.68350076675415 411
6.6913981437683105 411
6.698209762573242 411
6.704911947250366 411
6.710906744003296 411
6.721913576126099 411
6.728763103485107 411
6.7360875606536865 410
6.742984294891357 410
6.750319957733154 410
6.757622003555298 410
6.763533592224121 411
6.770243883132935 411
6.776953220367432 410
6.783235788345337 410
6.791402578353882 410
6.798214912414551 410
6.804821968078613 410
6.810837984085083 410
6.817957878112793 410
6.8242340087890625 410
6.831751346588135 410
6.8395209312438965 410
6.846629858016968 410
6.8526599407196045 410
6.859492301940918 410
6.866349697113037 410
6.872389793395996 410
6.879509687423706 410
6.886387348175049 410
6.8934645652771 410
6.900240898132324 410
6.907464504241943 410
6.913326740264893 410
6.920895338058472 410
6.928127288818359 409
6.934783458709717 409
6.942259311676025 409
6.948873519897461 409
6.955986976623535 410
6.961994886398315 410
6.968723773956299 410
6.975834369659424 409
6.9819419384002686 409
6.988547086715698 409
6.996391534805298 409
7.002436399459839 409
7.009474754333496 409
7.016391754150391 409
7.022425413131714 409
7.0294342041015625 409
7.036360502243042 409
7.043331146240234 409
7.04997181892395 409
7.0568554401397705 409
7.06287693977356 409
7.069810152053833 409
7.076698541641235 409
7.082736968994141 409
7.089781761169434 409
7.097888231277466 409
7.103800058364868 409
7.110602855682373 409
7.121485710144043 409
7.1283557415008545 409
7.135267019271851 409
7.144214391708374 409
7.150907039642334 409
7.157999277114868 409
7.164243698120117 409
7.170702219009399 408
7.177812814712524 408
7.183756589889526 409
7.19054102897644 409
7.198479413986206 409
7.205777168273926 409
7.211884498596191 409
7.2185218334198 409
7.225629806518555 408
7.231545448303223 408
7.238332271575928 408
7.245253086090088 408
7.252252101898193 408
7.258795261383057 408
7.266137599945068 408
7.272201299667358 408
7.278796195983887 408
7.285921812057495 408
7.291935682296753 408
7.299642324447632 408
7.306546211242676 408
7.312556505203247 408
7.3194639682769775 408
7.32651686668396 408
7.332525014877319 408
7.339374303817749 407
7.346226692199707 407
7.353320121765137 407
7.359968185424805 408
7.366904973983765 408
7.3729493618011475 408
7.379857063293457 408
7.386896371841431 408
7.392924070358276 408
7.401270151138306 407
7.408094644546509 407
7.414786100387573 407
7.420886993408203 408
7.427932262420654 408
7.434220790863037 408
7.440677165985107 408
7.447847366333008 408
7.4558281898498535 408
7.461894989013672 407
7.4685447216033936 407
7.475643873214722 407
7.481743335723877 407
7.4884936809539795 407
7.495576858520508 407
7.50233268737793 407
7.509372711181641 407
7.519769906997681 407
7.526900053024292 407
7.532921552658081 406
7.540016412734985 407
7.547377586364746 407
7.554891347885132 407
7.560919284820557 406
7.568201541900635 406
7.574843883514404 406
7.580928802490234 406
7.588038206100464 407
7.594733238220215 407
7.601942777633667 406
7.608584403991699 406
7.6156768798828125 406
7.62183141708374 406
7.628606081008911 407
7.63578724861145 407
7.641892433166504 406
7.648491621017456 406
7.656545639038086 406
7.662565231323242 406
7.669366121292114 407
7.676218032836914 407
7.682256698608398 406
7.689266204833984 406
7.70158576965332 407
7.7094080448150635 408
7.716299772262573 408
7.722317695617676 408
7.728950023651123 408
7.736107349395752 407
7.742128610610962 406
7.7488789558410645 406
7.756756544113159 406
7.762827157974243 407
7.769725322723389 407
7.7766032218933105 407
7.782649278640747 407
7.7897045612335205 406
7.796669960021973 406
7.802708148956299 406
7.810561180114746 406
7.817728519439697 407
7.823673248291016 407
7.83147931098938 407
7.840642929077148 406
7.847849130630493 406
7.85582423210144 406
7.8619420528411865 406
7.868813514709473 406
7.8760271072387695 406
7.882087707519531 406
7.888674020767212 406
7.895835876464844 406
7.901927471160889 406
7.909587383270264 405
7.921435117721558 405
7.928439617156982 405
7.935340642929077 406
7.941736459732056 406
7.948686838150024 406
7.955867052078247 405
7.96272611618042 405
7.969576597213745 405
7.976499557495117 405
7.982550144195557 405
7.989508628845215 406
7.996345520019531 406
8.00235891342163 405
8.010054111480713 405
8.016948461532593 405
8.023216485977173 405
8.029836177825928 405
8.036664485931396 406
8.042687892913818 406
8.049736022949219 406
8.056628227233887 405
8.063749551773071 405
8.070506572723389 405
8.077500581741333 406
8.08335828781128 406
8.089986801147461 406
8.096925497055054 405
8.102982997894287 405
8.111393928527832 405
8.118160247802734 405
8.124831199645996 405
8.130858182907104 405
8.137920379638672 406
8.14420223236084 406
8.150664329528809 405
8.157917261123657 405
8.16590690612793 405
8.171948432922363 406
8.178704738616943 406
8.185846328735352 406
8.191938400268555 405
8.198545694351196 404
8.205660104751587 404
8.212465524673462 405
8.219376564025879 406
8.226425647735596 406
8.23244047164917 406
8.239383220672607 405
8.246219396591187 404
8.252230644226074 404
8.25877833366394 404
8.26667833328247 405
8.272737741470337 405
8.279592752456665 405
8.286663293838501 404
8.292706727981567 404
8.299600601196289 404
8.306663751602173 404
8.313634872436523 404
8.325350999832153 404
8.331732034683228 404
8.338526487350464 404
8.345847606658936 404
8.351943731307983 404
8.358497381210327 404
8.36641526222229 404
8.372406244277954 404
8.379290103912354 404
8.386159420013428 404
8.392155170440674 404
8.39870548248291 404
8.405964374542236 404
8.411994695663452 404
8.419721126556396 404
8.426572561264038 404
8.432605504989624 404
8.439657211303711 404
8.446545124053955 404
8.452518224716187 404
8.459378957748413 404
8.467494487762451 404
8.473345279693604 404
8.479975938796997 404
8.48685336112976 404
8.492866277694702 404
8.499770402908325 404
8.506656646728516 404
8.51267385482788 404
8.520575046539307 404
8.527745246887207 404
8.533699750900269 404
8.540553569793701 404
8.547625064849854 404
8.553552389144897 404
8.560288906097412 404
8.56828236579895 404
8.575198411941528 404
8.58123230934143 404
8.588189601898193 404
8.594809532165527 404
8.600854635238647 404
8.607919216156006 404
8.61419153213501 404
8.6218581199646 404
8.628491163253784 404
8.635568857192993 404
8.641473293304443 404
8.648350715637207 404
8.655244827270508 404
8.661216735839844 404
8.668766498565674 404
8.675939559936523 404
8.681981563568115 404
8.688595056533813 404
8.695814847946167 404
8.701858043670654 404
8.708692789077759 404
8.715821743011475 404
8.727460622787476 404
8.73335862159729 404
8.74025821685791 404
8.747433185577393 404
8.753343105316162 404
8.759925603866577 404
8.766939640045166 404
8.77482271194458 404
8.780908107757568 404
8.787939548492432 404
8.794242143630981 404
8.800894737243652 404
8.80790090560913 404
8.814197778701782 404
8.821878671646118 404
8.829684972763062 404
8.836602687835693 404
8.842630863189697 404
8.84945273399353 404
8.856353759765625 404
8.862354278564453 404
8.868942975997925 404
8.87680435180664 404
8.882885932922363 404
8.88991403579712 404
8.896827936172485 404
8.902864456176758 404
8.909788846969604 403
8.91665244102478 403
8.925812721252441 404
8.93190050125122 404
8.93873929977417 404
8.946210145950317 404
8.95224142074585 404
8.95895266532898 404
8.966064214706421 404
8.97280740737915 404
8.979742288589478 403
8.986650228500366 403
8.992715120315552 403
8.999573945999146 403
9.006594896316528 404
9.012579441070557 404
9.019416570663452 404
9.027474880218506 403
9.033358335494995 403
9.04000997543335 403
9.046929121017456 403
9.052950143814087 403
9.05979871749878 403
9.066811323165894 403
9.07283067703247 403
9.080636501312256 403
9.087915420532227 403
9.093823432922363 403
9.100655794143677 403
9.108339309692383 403
9.11525845527649 403
9.127294063568115 403
9.133286952972412 403
9.140050888061523 403
9.147428512573242 403
9.15336799621582 403
9.15995740890503 403
9.166860580444336 403
9.172876119613647 403
9.180798530578613 403
9.188004970550537 403
9.194263219833374 403
9.200685024261475 403
9.207755327224731 403
9.213675498962402 403
9.220633029937744 403
9.228501081466675 403
9.2356436252594 403
9.241567373275757 403
9.248517751693726 403
9.255581378936768 403
9.261473417282104 403
9.268194675445557 403
9.27481722831726 403
9.282157897949219 403
9.288748264312744 403
9.295861005783081 403
9.30188512802124 403
9.30872130393982 403
9.31583046913147 403
9.321920156478882 403
9.329562902450562 403
9.336512804031372 403
9.342501640319824 403
9.34951376914978 403
9.356408834457397 403
9.36243224143982 403
9.36956524848938 403
9.376436710357666 403
9.383533954620361 403
9.39028263092041 403
9.397268295288086 403
9.40297555923462 403
9.409852981567383 403
9.416672706604004 403
9.422690153121948 403
9.430591344833374 403
9.437809944152832 403
9.443744659423828 403
9.450462341308594 403
9.45755386352539 403
9.463437557220459 403
9.470038890838623 403
9.477445602416992 403
9.484961032867432 403
9.49145770072937 403
9.498168468475342 403
9.504820585250854 403
9.510859489440918 402
9.517916202545166 403
9.528544902801514 403
9.536524057388306 403
9.542579650878906 403
9.549763917922974 403
9.556660413742065 402
9.562711477279663 402
9.569527864456177 403
9.576411962509155 403
9.583470821380615 403
9.590091228485107 402
9.596923589706421 402
9.602984189987183 402
9.61003589630127 402
9.616875648498535 402
9.622869968414307 403
9.629748821258545 403
9.637835502624512 403
9.643794536590576 402
9.650598049163818 402
9.657675504684448 402
9.663549661636353 403
9.67043399810791 403
9.67747950553894 403
9.683392763137817 402
9.690968990325928 402
9.698025226593018 402
9.706372499465942 403
9.712419748306274 403
9.719306468963623 403
9.72635793685913 403
9.73235273361206 402
9.740098237991333 402
9.746947526931763 402
9.753278493881226 402
9.759931564331055 403
9.766810178756714 403
9.772844552993774 403
9.779768705368042 402
9.787911891937256 402
9.79421877861023 402
9.800720930099487 402
9.807780504226685 402
9.813719511032104 403
9.820480346679688 403
9.828265905380249 403
9.834949970245361 402
9.842223167419434 402
9.84893536567688 403
9.856056690216064 403
9.862153053283691 403
9.86891484260559 402
9.876041173934937 402
9.882118225097656 402
9.889683723449707 402
9.89656138420105 403
9.902572631835938 403
9.909647941589355 402
9.916574001312256 402
9.928356170654297 402
9.93580174446106 403
9.942675352096558 403
9.949724912643433 403
9.956655979156494 403
9.962713956832886 403
9.969690799713135 402
9.976579904556274 402
9.982599020004272 402
9.990539312362671 402
9.99776816368103 402
10.003745555877686 402
10.010491847991943 403
10.017542839050293 403
10.023430824279785 402
10.030332088470459 402
10.037567853927612 402
10.045305490493774 402
10.051393508911133 402
10.058128118515015 402
10.064774513244629 402
10.070858716964722 402
10.077923059463501 402
10.083827257156372 402
10.09203028678894 402
10.098668813705444 402
10.105825662612915 402
10.111892938613892 402
10.118514060974121 402
10.12575387954712 402
10.13187289237976 401
10.138582706451416 402
10.146607637405396 402
10.152648687362671 402
10.159559488296509 402
10.166480541229248 402
10.172508478164673 401
10.17936635017395 401
10.186289548873901 402
10.193278312683105 402
10.199965238571167 402
10.207274198532104 402
10.213301658630371 401
10.21996283531189 401
10.226842641830444 401
10.23287296295166 402
10.239755392074585 402
10.247854471206665 402
10.253803253173828 402
10.260737895965576 401
10.280289888381958 400
10.287441730499268 400
10.293336391448975 401
10.30087661743164 402
10.307966232299805 402
10.314319849014282 402
10.320804595947266 401
10.331531286239624 401
10.338401794433594 401
10.34628176689148 401
10.352317333221436 402
10.359217882156372 402
10.366114377975464 402
10.372186660766602 401
10.37875747680664 401
10.386068344116211 401
10.392133235931396 402
10.399805307388306 402
10.406752586364746 402
10.412769317626953 402
10.419659614562988 401
10.426552295684814 401
10.432586669921875 402
10.439391851425171 402
10.446374416351318 402
10.453464269638062 401
10.460234880447388 401
10.466962814331055 401
10.473219871520996 401
10.47987699508667 402
10.486762285232544 402
10.492769479751587 402
10.50065016746521 401
10.5078444480896 401
10.51376748085022 401
10.520782232284546 401
10.527837038040161 402
10.53372311592102 402
10.540509700775146 402
10.547570705413818 402
10.555247068405151 401
10.561278104782104 401
10.568230628967285 402
10.574865341186523 402
10.58089280128479 402
10.587971210479736 402
10.594205141067505 401
10.60194730758667 402
10.608545780181885 402
10.615628957748413 402
10.621549606323242 402
10.628506183624268 401
10.6355881690979 401
10.64152455329895 401
10.64841341972351 402
10.656345129013062 402
10.66237473487854 402
10.669239282608032 402
10.676095247268677 401
10.682172775268555 401
10.688953399658203 401
10.696037769317627 402
10.702805519104004 402
10.709732294082642 401
10.71662425994873 401
10.7226402759552 401
10.734244585037231 402
10.740854501724243 402
10.748181104660034 402
10.756287574768066 402
10.762269496917725 402
10.768898248672485 402
10.776190996170044 401
10.782262563705444 401
10.788892269134521 402
10.796028852462769 402
10.80206561088562 402
10.809970378875732 401
10.81684947013855 401
10.82289743423462 401
10.830702543258667 401
10.837712287902832 402
10.843593835830688 402
10.850311994552612 402
10.858200550079346 401
10.86484432220459 401
10.871201276779175 401
10.878079175949097 401
10.884787797927856 401
10.89085602760315 401
10.89789342880249 401
10.90587306022644 401
10.91195273399353 401
10.919604539871216 402
10.926796197891235 402
10.932831048965454 401
10.939902305603027 401
10.946950435638428 401
10.952983617782593 402
10.960756540298462 402
10.967864513397217 402
10.973796844482422 401
10.980653524398804 401
10.987916946411133 401
10.994246006011963 402
11.000680923461914 402
11.008563995361328 401
11.01567792892456 401
11.021733283996582 401
11.02841567993164 402
11.035310506820679 402
11.041728734970093 402
11.048567771911621 402
11.05565071105957 401
11.062512874603271 401
11.069507837295532 401
11.080249309539795 402
11.087413311004639 402
11.093332767486572 402
11.09992241859436 401
11.10695219039917 401
11.114831686019897 402
11.120860815048218 402
11.130743265151978 402
11.13867735862732 401
11.145961284637451 401
11.152068138122559 401
11.15981912612915 401
11.166916608810425 401
11.172950506210327 401
11.179814577102661 401
11.18670392036438 401
11.192713260650635 401
11.199544668197632 401
11.206419706344604 401
11.21349024772644 401
11.220086812973022 401
11.22747540473938 401
11.233359813690186 401
11.239975452423096 401
11.246856927871704 401
11.252866506576538 401
11.259784936904907 401
11.267818212509155 401
11.273736238479614 401
11.280478954315186 402
11.287707567214966 402
11.293669700622559 401
11.300658941268921 401
11.307731628417969 400
11.315582513809204 401
11.3215012550354 402
11.328214883804321 402
11.334841966629028 402
11.340880870819092 401
11.348079919815063 401
11.354787826538086 401
11.360871315002441 401
11.368695974349976 402
11.375829219818115 402
11.381898164749146 402
11.388519287109375 401
11.395554065704346 401
11.401475429534912 401
11.408393859863281 401
11.41624665260315 402
11.422245502471924 402
11.42924952507019 402
11.436109781265259 401
11.442116975784302 401
11.448697328567505 401
11.455838203430176 401
11.461896657943726 402
11.469741106033325 402
11.476634979248047 402
11.482661008834839 401
11.48950743675232 401
11.49640941619873 401
11.502441644668579 401
11.509311437606812 401
11.516839265823364 401
11.522897481918335 402
11.535297632217407 402
11.541579484939575 401
11.548523187637329 401
11.555877923965454 401
11.561935424804688 401
11.569529294967651 401
11.576405048370361 401
11.582409858703613 401
11.58945608139038 401
11.596319913864136 401
11.602370262145996 401
11.608971357345581 401
11.616109132766724 401
11.62484073638916 401
11.630867719650269 401
11.637943506240845 401
11.644203424453735 401
11.650870323181152 401
11.657967805862427 401
11.664216756820679 401
11.671927213668823 401
11.678560256958008 400
11.685844898223877 400
11.691922664642334 400
11.698528289794922 400
11.705725193023682 401
11.711920499801636 400
11.719611883163452 400
11.72652816772461 400
11.732585906982422 400
11.73939847946167 400
11.746199131011963 400
11.752151250839233 400
11.758703231811523 400
11.765929222106934 400
11.772751092910767 400
11.779540777206421 400
11.78639531135559 400
11.792365789413452 400
11.798964738845825 400
11.806050539016724 400
11.812022924423218 400
11.818729162216187 400
11.827808618545532 400
11.833750247955322 400
11.840473413467407 400
11.847453355789185 400
11.853326797485352 400
11.859910726547241 400
11.866751194000244 400
11.873777866363525 400
11.8805673122406 400
11.887791395187378 400
11.893686294555664 400
11.90042781829834 400
11.90743374824524 400
11.913301229476929 400
11.920899152755737 400
11.932563304901123 400
11.939546585083008 400
11.946718692779541 400
11.95270037651062 400
11.959633588790894 400
11.96652865409851 400
11.973524332046509 400
11.980075120925903 400
11.986892223358154 400
11.992879152297974 400
11.999720096588135 400
12.006703853607178 400
12.012661695480347 400
12.019467830657959 400
12.027497291564941 400
12.033352375030518 400
12.03989052772522 400
12.04675841331482 400
12.052725791931152 400
12.059479713439941 400
12.066497564315796 400
12.072498798370361 400
12.080435037612915 400
12.0874764919281 400
12.09333062171936 400
12.099900245666504 400
12.106727361679077 400
12.11269736289978 400
12.119429111480713 400
12.127507448196411 400
12.133362293243408 400
12.139944553375244 400
12.146785974502563 400
12.152716398239136 400
12.159482717514038 400
12.166299104690552 400
12.172267436981201 400
12.17985463142395 400
12.186942100524902 400
12.192931652069092 400
12.199734210968018 400
12.206724166870117 400
12.212698936462402 400
12.219453811645508 400
12.226304054260254 400
12.233319282531738 400
12.239884614944458 400
12.24686884880066 400
12.252835988998413 400
12.25971007347107 400
12.266556024551392 400
12.272527933120728 400
12.281889915466309 400
12.288458585739136 400
12.295340299606323 400
12.301401376724243 400
12.30821180343628 400
12.314821720123291 400
12.321917295455933 400
12.332260131835938 400
12.340435266494751 400
12.347705364227295 400
12.353586673736572 400
12.360451459884644 400
12.367708683013916 400
12.373543739318848 400
12.380967855453491 400
12.387978792190552 400
12.393807172775269 400
12.400594234466553 400
12.40763521194458 400
12.41345500946045 400
12.420037508010864 400
12.427364826202393 400
12.434848308563232 400
12.440826416015625 400
12.447859048843384 400
12.453728199005127 400
12.460366487503052 400
12.467626571655273 400
12.473454236984253 400
12.48003101348877 400
12.488186120986938 400
12.494835615158081 400
12.500820636749268 400
12.507832050323486 400
12.513711214065552 400
12.520479440689087 400
12.52746057510376 400
12.534823656082153 400
12.54083251953125 400
12.548014402389526 400
12.554186582565308 400
12.560601234436035 400
12.56760311126709 400
12.57339334487915 400
12.579975366592407 400
12.587995290756226 400
12.594194889068604 400
12.600740432739258 400
12.60792851448059 400
12.613782167434692 400
12.6205575466156 400
12.627529382705688 400
12.634941101074219 400
12.640953540802002 400
12.647979497909546 400
12.653815507888794 400
12.66060209274292 400
12.667754173278809 400
12.673631429672241 400
12.680285930633545 400
12.688147783279419 400
12.694744348526001 400
12.70075535774231 400
12.707807064056396 400
12.713716268539429 400
12.720472574234009 400
12.727633237838745 400
12.738761901855469 400
12.751372814178467 400
12.758251190185547 400
12.76484203338623 400
12.77085566520691 400
12.777874231338501 400
12.783787965774536 400
12.791952848434448 400
12.7985258102417 400
12.805568218231201 400
12.811427116394043 400
12.818121433258057 400
12.824723482131958 400
12.831884145736694 400
12.839474439620972 400
12.846451044082642 400
12.85243010520935 400
12.859490156173706 400
12.866357564926147 400
12.872326850891113 400
12.878844261169434 400
12.885969400405884 400
12.89271879196167 400
12.899455070495605 400
12.906368970870972 400
12.913333415985107 400
12.920060396194458 400
12.927445411682129 400
12.933288812637329 400
12.941286087036133 400
12.948038816452026 400
12.954245567321777 400
12.960649967193604 400
12.967835426330566 400
12.973725318908691 400
12.9803626537323 400
12.987662315368652 400
12.995565414428711 400
13.001427412033081 400
13.008095502853394 400
13.014695167541504 400
13.02069640159607 400
13.027828454971313 400
13.033701181411743 400
13.040354490280151 400
13.048211097717285 400
13.05484938621521 400
13.060790300369263 400
13.067849397659302 400
13.073748350143433 400
13.080453634262085 400
13.087622165679932 400
13.095207691192627 400
13.100965738296509 400
13.108029842376709 400
13.113825798034668 400
13.120773792266846 400
13.127788543701172 400
13.138185262680054 400
13.14631962776184 400
13.15230393409729 400
13.159216165542603 400
13.166039943695068 400
13.171991109848022 400
13.178553581237793 400
13.185580015182495 400
13.19145941734314 400
13.199227571487427 400
13.206174612045288 400
13.212158203125 400
13.21872615814209 400
13.22580862045288 400
13.231836318969727 400
13.238393306732178 400
13.246427536010742 400
13.2524254322052 400
13.25922703742981 400
13.266202688217163 400
13.27221393585205 400
13.278720378875732 400
13.285957336425781 400
13.291950464248657 400
13.299429655075073 400
13.306287288665771 400
13.312251091003418 400
13.318777799606323 400
13.326010704040527 400
13.33198356628418 400
13.338520526885986 400
13.345561742782593 400
13.352364301681519 400
13.358932256698608 400
13.365988492965698 400
13.37194013595581 400
13.378644466400146 400
13.385866403579712 400
13.39189600944519 400
13.399548530578613 400
13.406404733657837 400
13.412381887435913 400
13.41892123222351 400
13.425993204116821 400
13.4319326877594 400
13.438483476638794 400
13.445698738098145 400
13.452579736709595 400
13.459343910217285 400
13.466176271438599 400
13.472196340560913 400
13.478697299957275 400
13.485785722732544 400
13.491744995117188 400
13.499372720718384 400
13.506384372711182 400
13.512346982955933 400
13.518874645233154 400
13.525970220565796 400
13.53195333480835 400
13.542222023010254 400
13.549887657165527 400
13.55696177482605 400
13.563211917877197 400
13.570035934448242 400
13.576850175857544 400
13.582826375961304 400
13.58965539932251 400
13.596469640731812 400
13.603475332260132 400
13.610069990158081 400
13.616934537887573 400
13.622928857803345 400
13.6299147605896 400
13.636950969696045 400
13.642940759658813 400
13.649779081344604 400
13.657752513885498 400
13.663663387298584 400
13.670348405838013 400
13.677384376525879 400
13.683229207992554 400
13.69002103805542 400
13.696885824203491 400
13.70379376411438 400
13.71054720878601 400
13.717574119567871 400
13.723362445831299 400
13.729897260665894 400
13.736728429794312 400
13.742703437805176 400
13.749694108963013 400
13.757709264755249 400
13.763546466827393 400
13.770361423492432 400
13.777516841888428 400
13.78335452079773 400
13.789878606796265 400
13.796692371368408 400
13.803699016571045 400
13.810649394989014 400
13.817681789398193 400
13.823534727096558 400
13.830955266952515 400
13.838230848312378 400
13.844844818115234 400
13.850813865661621 400
13.85859227180481 400
13.865777015686035 400
13.871837139129639 400
13.87845253944397 400
13.88533353805542 400
13.891296148300171 400
13.898218154907227 400
13.905942916870117 400
13.912713766098022 400
13.919652700424194 400
13.926782369613647 400
13.932762622833252 400
13.943445205688477 400
13.95023798942566 400
13.958192110061646 400
13.964832305908203 400
13.970939636230469 400
13.977931261062622 400
13.983766078948975 400
13.990681171417236 400
13.997684240341187 400
14.003518342971802 400
14.011388301849365 400
14.018059730529785 400
14.024685382843018 400
14.03085708618164 400
14.037856817245483 400
14.043760776519775 400
14.050668954849243 400
14.058417797088623 400
14.065328121185303 400
14.071386337280273 400
14.07811951637268 400
14.084701538085938 400
14.090742111206055 400
14.09773588180542 400
14.103585720062256 400
14.111746549606323 400
14.118363380432129 400
14.126240968704224 400
14.132242202758789 400
14.138750076293945 400
14.14582371711731 400
14.15185260772705 400
14.15960955619812 400
14.16670846939087 400
14.172674655914307 400
14.179457426071167 400
14.186239004135132 400
14.192250967025757 400
14.198766469955444 400
14.205855369567871 400
14.212612867355347 400
14.219402313232422 400
14.226355075836182 400
14.23232102394104 400
14.238853931427002 400
14.245981931686401 400
14.251958847045898 400
14.25851035118103 400
14.266434669494629 400
14.272462606430054 400
14.279345273971558 400
14.28637409210205 400
14.292360544204712 400
14.298913717269897 400
14.306037664413452 400
14.312745809555054 400
14.319548606872559 400
14.326407432556152 400
14.332437992095947 400
14.342787742614746 400
14.349841833114624 400
14.356835126876831 400
14.363815546035767 400
14.370684146881104 400
14.377664566040039 400
14.383503913879395 400
14.390069961547852 400
14.396888971328735 400
14.402842283248901 400
14.409858465194702 400
14.418070793151855 400
14.424263715744019 400
14.43065619468689 400
14.437677383422852 400
14.443542003631592 400
14.45024061203003 400
14.456921339035034 400
14.463751077651978 400
14.47081708908081 400
14.477828025817871 400
14.483686685562134 400
14.49045467376709 400
14.497491836547852 400
14.50334620475769 400
14.509880781173706 400
14.517837047576904 400
14.523735046386719 400
14.53061294555664 400
14.537628889083862 400
14.543453693389893 400
14.550311088562012 400
14.557357549667358 400
14.563222646713257 400
14.570661306381226 400
14.577682733535767 400
14.583565711975098 400
14.590359210968018 400
14.597397804260254 400
14.60325026512146 400
14.609851121902466 400
14.617830991744995 400
14.623711109161377 400
14.630435466766357 400
14.637527704238892 400
14.643341779708862 400
14.650039911270142 400
14.656878471374512 400
14.66283893585205 400
14.670763969421387 400
14.677926778793335 400
14.683789491653442 400
14.690560102462769 400
14.69758129119873 400
14.703380823135376 400
14.710088014602661 400
14.716945886611938 400
14.724793672561646 400
14.730831623077393 400
14.741726636886597 400
14.748453855514526 400
14.756842374801636 400
14.762833833694458 400
14.770895719528198 400
14.777955770492554 400
14.783782243728638 400
14.790565967559814 400
14.797539234161377 400
14.80335807800293 400
14.810047626495361 400
14.816852331161499 400
14.823782205581665 400
14.831891298294067 400
14.83845329284668 400
14.845313549041748 400
14.85137391090393 400
14.858068227767944 400
14.864322423934937 400
14.871950626373291 400
14.878501176834106 400
14.885712623596191 400
14.891817092895508 400
14.898367881774902 400
14.905232429504395 400
14.912261962890625 400
14.918930292129517 400
14.92729640007019 400
14.932979106903076 400
14.940076351165771 400
14.947447299957275 400
14.95331597328186 400
14.959857702255249 400
14.966664552688599 400
14.973740816116333 400
14.980433940887451 400
14.987409353256226 400
14.993266344070435 400
14.999880075454712 400
15.006891250610352 400
15.012851238250732 400
15.019700765609741 400
15.027772426605225 400
15.033622980117798 400
15.040329456329346 400
15.047356605529785 400
15.05297303199768 400
15.05979037284851 400
15.066743850708008 400
15.072703838348389 400
15.08043098449707 400
15.087566137313843 400
15.09342622756958 400
15.100018501281738 400
15.10680627822876 400
15.112815618515015 400
15.119683027267456 400
15.127813339233398 400
15.133684396743774 400
15.145247220993042 400
15.15143871307373 400
15.15829348564148 400
15.164886951446533 400
15.170965194702148 400
15.178617000579834 400
15.185814380645752 400
15.19800877571106 400
15.204259395599365 400
15.210654258728027 400
15.217631816864014 400
15.223528623580933 400
15.231420278549194 400
15.238125085830688 400
15.244703769683838 400
15.250879287719727 400
15.257951021194458 400
15.263794183731079 400
15.270550727844238 400
15.277501821517944 400
15.285194158554077 400
15.290959358215332 400
15.297954797744751 400
15.3038010597229 400
15.310773849487305 400
15.31778860092163 400
15.323677062988281 400
15.3318932056427 400
15.338499784469604 400
15.345359325408936 400
15.351418733596802 400
15.358091592788696 400
15.364696979522705 400
15.37087106704712 400
15.377929449081421 400
15.385794878005981 400
15.391843557357788 400
15.398447751998901 400
15.405339479446411 400
15.411269426345825 400
15.418035507202148 400
15.42428708076477 400
15.432010173797607 400
15.43859314918518 400
15.445626735687256 400
15.451469659805298 400
15.458339214324951 400
15.464963912963867 400
15.470969200134277 400
15.477988004684448 400
15.485978364944458 400
15.491942405700684 400
15.49848198890686 400
15.505552291870117 400
15.511451721191406 400
15.518120527267456 400
15.524775743484497 400
15.530802488327026 400
15.542403936386108 400
15.549559354782104 400
15.556594133377075 400
15.562566041946411 400
15.569471836090088 400
15.576221704483032 400
15.58295488357544 400
15.590017795562744 400
15.601845979690552 400
15.608590841293335 400
15.615624189376831 400
15.621486186981201 400
15.628175735473633 400
15.636065244674683 400
15.642040967941284 400
15.64856767654419 400
15.656059741973877 400
15.662003993988037 400
15.66873049736023 400
15.675780534744263 400
15.681785821914673 400
15.689332246780396 400
15.696211338043213 400
15.702167987823486 400
15.708672046661377 400
15.721668004989624 400
15.729648351669312 400
15.739681720733643 400
15.74654769897461 400
15.755968570709229 400
15.761951684951782 400
15.771214008331299 400
15.778483152389526 400
15.785346508026123 400
15.795782327651978 400
15.801753997802734 400
15.81008267402649 400
15.81693720817566 400
15.822962284088135 400
15.831371784210205 400
15.838852882385254 400
15.84615707397461 400
15.852147102355957 400
15.858668565750122 400
15.866218328475952 400
15.872193336486816 400
15.878740310668945 400
15.885846853256226 400
15.892652750015259 400
15.899453163146973 400
15.9064199924469 400
15.913492202758789 400
15.920327186584473 400
15.927533864974976 400
15.933364152908325 400
15.945876836776733 400
15.951957941055298 400
15.958662509918213 400
15.965957641601562 400
15.971978425979614 400
15.978694915771484 400
15.985747814178467 400
15.992589473724365 400
15.999367952346802 400
16.00618004798889 400
16.01215410232544 400
16.018670082092285 400
16.02594304084778 400
16.031917810440063 400
16.03849983215332 400
16.046369314193726 400
16.052369117736816 400
16.058900833129883 400
16.065962076187134 400
16.071957111358643 400
16.082552433013916 400
16.089593172073364 400
16.09758496284485 400
16.103408813476562 400
16.110106229782104 400
16.116947650909424 400
16.12294912338257 400
16.12973380088806 400
16.13657021522522 400
16.14352297782898 400
16.150357007980347 400
16.16260838508606 400
16.169905424118042 400
16.17675018310547 400
16.182703733444214 400
16.189470529556274 400
16.197490692138672 400
16.203331232070923 400
16.21006441116333 400
16.21691608428955 400
16.222883462905884 400
16.229719877243042 400
16.23671054840088 400
16.242707014083862 400
16.250356674194336 400
16.257372856140137 400
16.263234615325928 400
16.270017862319946 400
16.276808977127075 400
16.282790660858154 400
16.28958296775818 400
16.29751467704773 400
16.303345680236816 400
16.309879302978516 400
16.31668782234192 400
16.322654962539673 400
16.329625606536865 400
16.336447954177856 400
16.347798109054565 400
16.35371708869934 400
16.36062717437744 400
16.3679416179657 400
16.37378430366516 400
16.380536556243896 400
16.38767123222351 400
16.39348530769348 400
16.401254892349243 400
16.408068895339966 400
16.414313793182373 400
16.420665502548218 400
16.427661180496216 400
16.4334979057312 400
16.440101623535156 400
16.44811248779297 400
16.45479416847229 400
16.46081566810608 400
16.467855215072632 400
16.473738193511963 400
16.480454206466675 400
16.487454891204834 400
16.493347883224487 400
16.501415729522705 400
16.50823712348938 400
16.51481032371521 400
16.52083134651184 400
16.52784824371338 400
16.53371787071228 400
16.540430307388306 400
16.547417402267456 400
16.554845571517944 400
16.560829401016235 400
16.568026542663574 400
16.574209690093994 400
16.580615520477295 400
16.587616682052612 400
16.59345555305481 400
16.601210355758667 400
16.608034372329712 400
16.614216089248657 400
16.620607137680054 400
16.628502130508423 400
16.63558602333069 400
16.64142608642578 400
16.6480655670166 400
16.65590524673462 400
16.66191601753235 400
16.668493270874023 400
16.675337076187134 400
16.68137764930725 400
16.68822145462036 400
16.69479751586914 400
16.702009439468384 400
16.708614110946655 400
16.715738534927368 400
16.721748113632202 400
16.728331565856934 400
16.734956741333008 400
16.740954399108887 400
16.75266718864441 400
16.75976824760437 400
16.76672339439392 400
16.772693634033203 400
16.77959966659546 400
16.78642773628235 400
16.792388439178467 400
16.799360275268555 400
16.807493209838867 400
16.813348293304443 400
16.819945096969604 400
16.827810764312744 400
16.833730697631836 400
16.840438842773438 400
16.84741520881653 400
16.854273080825806 400
16.860687732696533 400
16.867831230163574 400
16.873741149902344 400
16.880465507507324 400
16.887620449066162 400
16.893470764160156 400
16.900028228759766 400
16.907981872558594 400
16.91381549835205 400
16.921799898147583 400
16.928610801696777 400
16.935819625854492 400
16.941869735717773 400
16.948426961898804 400
16.9552800655365 400
16.962202548980713 400
16.968738079071045 400
16.975830793380737 400
16.9818594455719 400
16.988587379455566 400
16.995644569396973 400
17.001502513885498 400
17.008972644805908 400
17.016201972961426 400
17.022234439849854 400
17.028733730316162 400
17.035797595977783 400
17.04181480407715 400
17.04856562614441 400
17.055613040924072 400
17.06247615814209 400
17.06927514076233 400
17.07609534263611 400
17.082070350646973 400
17.088634729385376 400
17.095674514770508 400
17.101537466049194 400
17.10943579673767 400
17.116230249404907 400
17.122223377227783 400
17.128713369369507 400
17.135852575302124 400
17.141867637634277 400
17.152498245239258 400
17.160481214523315 400
17.167752742767334 400
17.173613786697388 400
17.18047523498535 400
17.187484741210938 400
17.19332528114319 400
17.201772451400757 400
17.20836067199707 400
17.216071844100952 400
17.222060441970825 400
17.228759765625 400
17.235822200775146 400
17.241891384124756 400
17.24848961830139 400
17.25534224510193 400
17.26749086380005 400
17.273355960845947 400
17.28025245666504 400
17.287537336349487 400
17.293360233306885 400
17.299896240234375 400
17.307660818099976 400
17.31524920463562 400
17.320977210998535 400
17.327967405319214 400
17.333828926086426 400
17.340606212615967 400
17.34776210784912 400
17.35366916656494 400
17.36033868789673 400
17.36821222305298 400
17.374807834625244 400
17.380823850631714 400
17.387868881225586 400
17.39375066757202 400
17.40036630630493 400
17.40758442878723 400
17.415311336517334 400
17.42137908935547 400
17.42807698249817 400
17.43425750732422 400
17.44069766998291 400
17.447686910629272 400
17.453529596328735 400
17.460087776184082 400
17.479923009872437 400
17.48680567741394 400
17.492797374725342 400
17.502002477645874 400
17.508552074432373 400
17.516716241836548 400
17.52599024772644 400
17.531960248947144 400
17.538629293441772 400
17.548942804336548 400
17.557995557785034 400
17.565892457962036 400
17.57600450515747 400
17.581977128982544 400
17.58869743347168 400
17.59645986557007 400
17.608153343200684 400
17.61677050590515 400
17.626582860946655 400
17.632580757141113 400
17.640880584716797 400
17.649693965911865 400
17.65657949447632 400
17.66295337677002 400
17.670945405960083 400
17.677974939346313 400
17.684303998947144 400
17.69063448905945 400
17.698126077651978 400
17.704833030700684 400
17.710973024368286 400
17.71799612045288 400
17.725833415985107 400
17.73791527748108 400
17.744226455688477 400
17.750624656677246 400
17.757678985595703 400
17.76352596282959 400
17.771735191345215 400
17.778343439102173 400
17.78495979309082 400
17.790919542312622 400
17.79815673828125 400
17.80477476119995 400
17.810763120651245 400
17.81781768798828 400
17.825831413269043 400
17.832484006881714 400
17.839351892471313 400
17.84618902206421 400
17.852192878723145 400
17.858734369277954 400
17.865822553634644 400
17.872581720352173 400
17.8793625831604 400
17.886349201202393 400
17.892346143722534 400
17.898900270462036 400
17.905965089797974 400
17.91201877593994 400
17.919570922851562 400
17.927877187728882 400
17.933761835098267 400
17.94067883491516 400
17.95185947418213 400
17.958600282669067 400
17.965821027755737 400
17.971863508224487 400
17.979591608047485 400
17.986419439315796 400
17.99244236946106 400
17.998985528945923 400
18.00619864463806 400
18.01219606399536 400
18.018739938735962 400
18.026578426361084 400
18.032506227493286 400
18.03930687904358 400
18.046163320541382 400
18.05215811729431 400
18.05890941619873 400
18.066141843795776 400
18.07212495803833 400
18.07966637611389 400
18.086565732955933 400
18.092518091201782 400
18.09931516647339 400
18.106154441833496 400
18.112146615982056 400
18.118682384490967 400
18.126648902893066 400
18.132690906524658 400
18.139513969421387 400
18.14634943008423 400
18.15228796005249 400
18.1588397026062 400
18.16590976715088 400
18.17188858985901 400
18.17948293685913 400
18.186559915542603 400
18.19255018234253 400
18.199313163757324 400
18.2061665058136 400
18.212125539779663 400
18.218682765960693 400
18.225813150405884 400
18.23255443572998 400
18.239354610443115 400
18.246347665786743 400
18.252309560775757 400
18.25883197784424 400
18.265918731689453 400
18.27697443962097 400
18.284794330596924 400
18.290945291519165 400
18.298107147216797 400
18.30476140975952 400
18.310922861099243 400
18.318599462509155 400
18.325690269470215 400
18.33250117301941 400
18.339314699172974 400
18.346173524856567 400
18.356698989868164 400
18.362672328948975 400
18.369707107543945 400
18.37669801712036 400
18.383722066879272 400
18.390430212020874 400
18.397501230239868 400
18.403342962265015 400
18.409900426864624 400
18.41673231124878 400
18.422697067260742 400
18.42963933944702 400
18.437666654586792 400
18.44356369972229 400
18.450349807739258 400
18.45743155479431 400
18.463252305984497 400
18.46993350982666 400
18.476807117462158 400
18.48380136489868 400
18.490702152252197 400
18.49775767326355 400
18.50365662574768 400
18.510477304458618 400
18.517467975616455 400
18.523353576660156 400
18.529874086380005 400
18.537923097610474 400
18.543781042099 400
18.550687313079834 400
18.557712078094482 400
18.563579082489014 400
18.57023525238037 400
18.577479362487793 400
18.584946155548096 400
18.590956687927246 400
18.597968339920044 400
18.604196786880493 400
18.61076593399048 400
18.61778450012207 400
18.623666048049927 400
18.630361795425415 400
18.638093948364258 400
18.644285678863525 400
18.650628089904785 400
18.65766215324402 400
18.66354012489319 400
18.67033624649048 400
18.67727017402649 400
18.682958602905273 400
18.690699100494385 400
18.69770336151123 400
18.703531503677368 400
18.710365295410156 400
18.717460870742798 400
18.723323345184326 400
18.730043411254883 400
18.737961769104004 400
18.743805408477783 400
18.75529980659485 400
18.761544942855835 400
18.76839542388916 400
18.775261163711548 400
18.781471014022827 400
18.789337873458862 400
18.796183824539185 400
18.80216145515442 400
18.808647632598877 400
18.815698862075806 400
18.821572303771973 400
18.82896137237549 400
18.836194276809692 400
18.842978954315186 400
18.849985122680664 400
18.85684561729431 400
18.862828731536865 400
18.869648218154907 400
18.876754760742188 400
18.882744073867798 400
18.890475511550903 400
18.897480487823486 400
18.903329133987427 400
18.91007089614868 400
18.91807746887207 400
18.924290418624878 400
18.930803298950195 400
18.93799114227295 400
18.945831775665283 400
18.951863050460815 400
18.958425760269165 400
18.96535325050354 400
18.971731662750244 400
18.978334426879883 400
18.985188722610474 400
18.99217653274536 400
18.99873161315918 400
19.005763053894043 400
19.011741876602173 400
19.018357753753662 400
19.025253772735596 400
19.031486988067627 400
19.03817653656006 400
19.04607081413269 400
19.052056789398193 400
19.058584928512573 400
19.065625429153442 400
19.07147479057312 400
19.07817506790161 400
19.084800720214844 400
19.092195510864258 400
19.09889006614685 400
19.105955123901367 400
19.11196279525757 400
19.118540287017822 400
19.12557077407837 400
19.13226580619812 400
19.138774871826172 400
19.146774291992188 400
19.157609939575195 400
19.163453817367554 400
19.17046308517456 400
19.177608013153076 400
19.183462619781494 400
19.190038681030273 400
19.198035955429077 400
19.204211711883545 400
19.2107994556427 400
19.217811584472656 400
19.22368597984314 400
19.230631351470947 400
19.237610340118408 400
19.24524998664856 400
19.251262426376343 400
19.258050203323364 400
19.264243841171265 400
19.270797729492188 400
19.277837991714478 400
19.28367280960083 400
19.290340423583984 400
19.298165798187256 400
19.304770708084106 400
19.31078028678894 400
19.317805290222168 400
19.323673725128174 400
19.330668210983276 400
19.337693452835083 400
19.343538522720337 400
19.35096502304077 400
19.358160495758057 400
19.364805936813354 400
19.370803356170654 400
19.377805948257446 400
19.383706092834473 400
19.39060616493225 400
19.398390531539917 400
19.4051992893219 400
19.410967111587524 400
19.418007850646973 400
19.424200773239136 400
19.43058681488037 400
19.43757700920105 400
19.443368196487427 400
19.45139789581299 400
19.458096981048584 400
19.46469759941101 400
19.470738649368286 400
19.47774839401245 400
19.48363733291626 400
19.49053454399109 400
19.49751377105713 400
19.504934072494507 400
19.511397123336792 400
19.51810050010681 400
19.5246901512146 400
19.53065299987793 400
19.53768038749695 400
19.543521404266357 400
19.555856704711914 400
19.561933279037476 400
19.56874108314514 400
19.576008558273315 400
19.58198070526123 400
19.588508367538452 400
19.59557604789734 400
19.602393865585327 400
19.60892629623413 400
19.616175651550293 400
19.622167825698853 400
19.628846645355225 400
19.6359703540802 400
19.64195203781128 400
19.648478507995605 400
19.65635108947754 400
19.662365913391113 400
19.6688871383667 400
19.675931215286255 400
19.681933164596558 400
19.688626289367676 400
19.695683002471924 400
19.702414512634277 400
19.708983898162842 400
19.716052055358887 400
19.722007989883423 400
19.728543996810913 400
19.73556876182556 400
19.742764711380005 400
19.749788761138916 400
19.757662534713745 400
19.76349186897278 400
19.770050525665283 400
19.776947259902954 400
19.782963037490845 400
19.789775848388672 400
19.79662036895752 400
19.803626775741577 400
19.810527801513672 400
19.81748938560486 400
19.823341846466064 400
19.8308048248291 400
19.837819814682007 400
19.843698978424072 400
19.850345611572266 400
19.858211040496826 400
19.864806175231934 400
19.870959758758545 400
19.878125429153442 400
19.884754180908203 400
19.890771627426147 400
19.897791147232056 400
19.905627965927124 400
19.91150212287903 400
19.91930079460144 400
19.926343202590942 400
19.932318687438965 400
19.938983917236328 400
19.946064233779907 400
19.95202612876892 400
19.963345527648926 400
19.970038652420044 400
19.977266550064087 400
19.982958555221558 400
19.99003791809082 400
19.99691152572632 400
20.002886056900024 400
20.010854959487915 400
20.01785397529602 400
20.02373743057251 400
20.030354022979736 400
20.03739356994629 400
20.043212890625 400
20.049983978271484 400
20.05795645713806 400
20.06424856185913 400
20.070624351501465 400
20.07765293121338 400
20.083571672439575 400
20.090299129486084 400
20.09696364402771 400
20.102968215942383 400
20.110933542251587 400
20.118895292282104 400
20.126120805740356 400
20.13213539123535 400
20.13896131515503 400
20.146021842956543 400
20.152069807052612 400
20.15966820716858 400
20.166724681854248 400
20.172719955444336 400
20.179499864578247 400
20.18632483482361 400
20.192298650741577 400
20.198830604553223 400
20.212003231048584 400
20.218642711639404 400
20.2258038520813 400
20.231820106506348 400
20.238396167755127 400
20.245296955108643 400
20.251279830932617 400
20.258077383041382 400
20.265985012054443 400
20.272029161453247 400
20.27858877182007 400
20.285777807235718 400
20.291821002960205 400
20.29840350151062 400
20.30529284477234 400
20.312109231948853 400
20.318713426589966 400
20.325820922851562 400
20.331868886947632 400
20.338448762893677 400
20.345316410064697 400
20.351526498794556 400
20.36276412010193 400
20.369770765304565 400
20.37673044204712 400
20.382733583450317 400
20.38969850540161 400
20.39673161506653 400
20.402722597122192 400
20.409658908843994 400
20.417749404907227 400
20.42360758781433 400
20.430234909057617 400
20.436928510665894 400
20.44295597076416 400
20.449769020080566 400
20.4566068649292 400
20.462581872940063 400
20.470459938049316 400
20.477471590042114 400
20.483312606811523 400
20.489877462387085 400
20.496747970581055 400
20.502715587615967 400
20.509458541870117 400
20.51727032661438 400
20.523250818252563 400
20.5300874710083 400
20.53690457344055 400
20.542845249176025 400
20.549668312072754 400
20.55654811859131 400
20.56252431869507 400
20.570263624191284 400
20.57694387435913 400
20.582953929901123 400
20.589954376220703 400
20.59679889678955 400
20.6027672290802 400
20.609622716903687 400
20.617527723312378 400
20.623461723327637 400
20.630029916763306 400
20.636873722076416 400
20.642832279205322 400
20.649826049804688 400
20.656790494918823 400
20.66278624534607 400
20.67052149772644 400
20.677436590194702 400
20.683269500732422 400
20.689865827560425 400
20.696714878082275 400
20.70272207260132 400
20.709659099578857 400
20.716551542282104 400
20.723676204681396 400
20.730353832244873 400
20.737396717071533 400
20.743212699890137 400
20.749860763549805 400
20.760302782058716 400
20.767565488815308 400
20.775288343429565 400
20.781489372253418 400
20.78842258453369 400
20.795268297195435 400
20.800964832305908 400
20.80800151824951 400
20.81421422958374 400
20.821890115737915 400
20.82957625389099 400
20.836405992507935 400
20.84237241744995 400
20.848891973495483 400
20.855964183807373 400
20.861963272094727 400
20.868512392044067 400
20.876317739486694 400
20.882296562194824 400
20.88923192024231 400
20.89605975151062 400
20.9020254611969 400
20.90854239463806 400
20.916625499725342 400
20.923643827438354 400
20.93053674697876 400
20.937720775604248 400
20.943620204925537 400
20.950501680374146 400
20.95751118659973 400
20.963350772857666 400
20.969897985458374 400
20.977909803390503 400
20.98378086090088 400
20.990500688552856 400
20.997485637664795 400
21.003365755081177 400
21.01005268096924 400
21.01687216758728 400
21.024301290512085 400
21.030694246292114 400
21.03770351409912 400
21.04351258277893 400
21.050488233566284 400
21.057505130767822 400
21.06336212158203 400
21.07006812095642 400
21.080302953720093 400
21.08860683441162 400
21.09564185142517 400
21.10152530670166 400
21.108192682266235 400
21.11482262611389 400
21.120840072631836 400
21.12868070602417 400
21.13578200340271 400
21.141770362854004 400
21.14833664894104 400
21.15496325492859 400
21.166080474853516 400
21.172054290771484 400
21.179858207702637 400
21.186907291412354 400
21.1928768157959 400
21.199721813201904 400
21.206573724746704 400
21.212520837783813 400
21.219335079193115 400
21.22618865966797 400
21.232947826385498 400
21.239760875701904 400
21.246737957000732 400
21.252697467803955 400
21.259494066238403 400
21.266297817230225 400
21.272295475006104 400
21.279792070388794 400
21.286597728729248 400
21.29253649711609 400
21.299314737319946 400
21.30635952949524 400
21.312291145324707 400
21.318843841552734 400
21.32593035697937 400
21.3327534198761 400
21.339547634124756 400
21.346399068832397 400
21.35234761238098 400
21.35888361930847 400
21.36609172821045 400
21.372101545333862 400
21.379638671875 400
21.38658595085144 400
21.392529249191284 400
21.39931583404541 400
21.40616011619568 400
21.412134885787964 400
21.418697834014893 400
21.425931215286255 400
21.432684898376465 400
21.439682483673096 400
21.44655418395996 400
21.45250177383423 400
21.459325551986694 400
21.466137170791626 400
21.472158432006836 400
21.478663682937622 400
21.48670768737793 400
21.49266219139099 400
21.499464750289917 400
21.506298542022705 400
21.512278079986572 400
21.51880431175232 400
21.525933980941772 400
21.532697677612305 400
21.539496660232544 400
21.54645848274231 400
21.552448749542236 400
21.563253164291382 400
21.570248126983643 400
21.577444076538086 400
21.5848445892334 400
21.590956687927246 400
21.597965717315674 400
21.60382080078125 400
21.6107177734375 400
21.61769127845764 400
21.623531818389893 400
21.63006615638733 400
21.638111352920532 400
21.64525008201599 400
21.651813745498657 400
21.65837049484253 400
21.664984941482544 400
21.671416521072388 400
21.678105354309082 400
21.685831785202026 400
21.69187092781067 400
21.698590755462646 400
21.705637454986572 400
21.711490392684937 400
21.718206644058228 400
21.724817037582397 400
21.730939626693726 400
21.73861026763916 400
21.745655298233032 400
21.75151252746582 400
21.75825047492981 400
21.764822721481323 400
21.77082085609436 400
21.77783966064453 400
21.78367781639099 400
21.79155206680298 400
21.798290252685547 400
21.804901838302612 400
21.81084442138672 400
21.81782579421997 400
21.82370901107788 400
21.83175039291382 400
21.839366912841797 400
21.846330881118774 400
21.85231852531433 400
21.858843088150024 400
21.86592435836792 400
21.871934175491333 400
21.878483057022095 400
21.885544776916504 400
21.892382860183716 400
21.89892601966858 400
21.90613627433777 400
21.91209602355957 400
21.91987419128418 400
21.92680811882019 400
21.93275809288025 400
21.940677642822266 400
21.947678565979004 400
21.95354723930359 400
21.964811325073242 400
21.97138524055481 400
21.97823143005371 400
21.984825611114502 400
21.99225401878357 400
21.998803853988647 400
22.005926847457886 400
22.01193928718567 400
22.01847767829895 400
22.025731086730957 400
22.031759023666382 400
22.038326025009155 400
22.04621696472168 400
22.052238941192627 400
22.05872368812561 400
22.065779447555542 400
22.07176685333252 400
22.078341245651245 400
22.085289478302002 400
22.09245204925537 400
22.099257469177246 400
22.106067419052124 400
22.112058639526367 400
22.118605852127075 400
22.12563157081604 400
22.131510972976685 400
22.13825511932373 400
22.146209001541138 400
22.152198553085327 400
22.158719062805176 400
22.16583514213562 400
22.17186141014099 400
22.17841672897339 400
22.185258626937866 400
22.190958976745605 400
22.198748350143433 400
22.205962419509888 400
22.21335196495056 400
22.22004723548889 400
22.226903915405273 400
22.23287034034729 400
22.239692211151123 400
22.24773073196411 400
22.253588914871216 400
22.260229349136353 400
22.267454147338867 400
22.273263931274414 400
22.279892683029175 400
22.286694288253784 400
22.292661905288696 400
22.30036163330078 400
22.30743145942688 400
22.313302278518677 400
22.319886207580566 400
22.326884984970093 400
22.3328857421875 400
22.339720487594604 400
22.34786295890808 400
22.353753089904785 400
22.3647358417511 400
22.370917558670044 400
22.378111839294434 400
22.38468909263611 400
22.390946865081787 400
22.398617267608643 400
22.40567898750305 400
22.411531448364258 400
22.4182231426239 400
22.424813508987427 400
22.430792331695557 400
22.43782067298889 400
22.44373393058777 400
22.451865911483765 400
22.45842719078064 400
22.465280532836914 400
22.471281051635742 400
22.478219032287598 400
22.48482394218445 400
22.490801334381104 400
22.498624086380005 400
22.505822896957397 400
22.511857986450195 400
22.518413305282593 400
22.525296449661255 400
22.531269788742065 400
22.538023948669434 400
22.544196844100952 400
22.551872730255127 400
22.558674097061157 400
22.56588912010193 400
22.57188653945923 400
22.578447818756104 400
22.585330724716187 400
22.59127402305603 400
22.59803009033203 400
22.606076955795288 400
22.612070322036743 400
22.618678092956543 400
22.625914096832275 400
22.63192129135132 400
22.638497591018677 400
22.645575523376465 400
22.652369737625122 400
22.65887713432312 400
22.665942430496216 400
