00
9.72747802734375e-05 0
0.013605117797851562 0
0.02053046226501465 1
0.026460647583007812 2
0.03574776649475098 4
0.04245638847351074 6
0.04951786994934082 9
0.05735635757446289 14
0.06970071792602539 18
0.07570648193359375 24
0.08420133590698242 27
0.09135937690734863 31
0.0992894172668457 37
0.10721492767333984 44
0.11412167549133301 48
0.12110376358032227 53
0.12837958335876465 60
0.13444924354553223 65
0.14338207244873047 70
0.15018391609191895 74
0.15620779991149902 79
0.16407012939453125 84
0.17296051979064941 89
0.1797959804534912 92
0.185805082321167 98
0.19333267211914062 103
0.20126867294311523 110
0.21057891845703125 114
0.2165851593017578 120
0.22362756729125977 124
0.23041462898254395 128
0.23638558387756348 134
0.2442164421081543 138
0.2531092166900635 142
0.259906530380249 146
0.26588940620422363 150
0.2734858989715576 156
0.2824828624725342 158
0.28957629203796387 161
0.2955448627471924 166
0.30304741859436035 172
0.31188416481018066 175
0.3185393810272217 179
0.3245723247528076 183
0.33230042457580566 187
0.340207576751709 190
0.3472483158111572 194
0.35396814346313477 198
0.36101436614990234 202
0.36687254905700684 207
0.37363481521606445 210
0.3804666996002197 214
0.3864564895629883 216
0.3932809829711914 220
0.4014134407043457 223
0.40728306770324707 228
0.4140584468841553 231
0.42106103897094727 234
0.42693519592285156 238
0.4344024658203125 241
0.44141054153442383 244
0.44927334785461426 247
0.45510244369506836 251
0.46195483207702637 256
0.4731767177581787 260
0.48016858100891113 262
0.48610663414001465 265
0.4930882453918457 268
0.5011744499206543 270
0.506969690322876 273
0.5144386291503906 277
0.5216765403747559 280
0.5278792381286621 284
0.5343997478485107 286
0.5415356159210205 289
0.5473618507385254 293
0.5553433895111084 297
0.5619409084320068 300
0.5685696601867676 303
0.5745306015014648 305
0.5816996097564697 307
0.5878393650054932 310
0.5941743850708008 313
0.6018927097320557 316
0.6085729598999023 318
0.6145410537719727 321
0.6215167045593262 323
0.6273322105407715 326
0.6342325210571289 328
0.6414330005645752 330
0.6472923755645752 333
0.655174970626831 337
0.661895751953125 339
0.668461799621582 342
0.674426794052124 344
0.6814835071563721 346
0.6873500347137451 348
0.694169282913208 350
0.7019791603088379 354
0.7089099884033203 356
0.7148971557617188 358
0.7216341495513916 361
0.7277908325195312 363
0.734215259552002 364
0.7412497997283936 365
0.7470746040344238 368
0.7549839019775391 370
0.7618062496185303 371
0.768423318862915 373
0.7744498252868652 375
0.7814099788665771 376
0.7872796058654785 378
0.79390549659729 380
0.8008806705474854 382
0.8083846569061279 383
0.814403772354126 384
0.8215615749359131 386
0.8273682594299316 388
0.8341128826141357 389
0.8410758972167969 390
0.8469069004058838 392
0.8545877933502197 393
0.8615906238555908 396
0.8731107711791992 398
0.8801889419555664 399
0.8861689567565918 400
0.8932340145111084 401
0.8999724388122559 402
0.906559944152832 403
0.9133358001708984 406
0.9201641082763672 407
0.9260976314544678 408
0.9328875541687012 409
0.9398133754730225 410
0.9457604885101318 412
0.9522387981414795 414
0.9600069522857666 415
0.9659698009490967 416
0.9724924564361572 417
0.9795510768890381 418
0.9854881763458252 420
0.9920153617858887 422
0.9989686012268066 424
1.005336046218872 426
1.0129120349884033 427
1.0198824405670166 428
1.0258266925811768 430
1.032331943511963 432
1.0394444465637207 433
1.0454556941986084 435
1.0520553588867188 436
1.0600404739379883 437
1.0659668445587158 438
1.0725741386413574 440
1.0796351432800293 441
1.0856616497039795 442
1.092214822769165 444
1.0992259979248047 444
1.105140209197998 446
1.1128630638122559 446
1.119887113571167 447
1.1258165836334229 448
1.1323354244232178 449
1.1394145488739014 450
1.1454572677612305 450
1.1521685123443604 450
1.1599416732788086 450
1.1659023761749268 451
1.1723473072052002 452
1.179563283920288 453
1.1855218410491943 453
1.1920757293701172 453
1.198899269104004 454
1.204561710357666 454
1.212364912033081 454
1.2194240093231201 455
1.2254438400268555 456
1.2320942878723145 456
1.2389240264892578 456
1.2451534271240234 456
1.2517967224121094 457
1.258371353149414 458
1.2700793743133545 460
1.276069164276123 460
1.2831668853759766 459
1.2901268005371094 459
1.2961249351501465 459
1.3030588626861572 460
1.3097975254058838 461
1.316523551940918 462
1.3233237266540527 462
1.3301477432250977 462
1.3360710144042969 462
1.3428945541381836 462
1.3496594429016113 463
1.3556315898895264 464
1.3634023666381836 464
1.3702077865600586 464
1.3761317729949951 465
1.3829138278961182 466
1.3896598815917969 466
1.3956124782562256 466
1.4021222591400146 467
1.4089653491973877 468
1.4161639213562012 469
1.4230620861053467 470
1.4298653602600098 469
1.445775032043457 469
1.455397129058838 470
1.4655554294586182 472
1.4721355438232422 472
1.479353904724121 473
1.4872593879699707 474
1.494173288345337 473
1.5013327598571777 472
1.5088088512420654 473
1.5165798664093018 474
1.5244340896606445 474
1.5335016250610352 474
1.5405731201171875 475
1.5465092658996582 476
1.5542609691619873 476
1.5633480548858643 476
1.5712895393371582 476
1.5771105289459229 477
1.5861387252807617 478
1.5929505825042725 479
1.5999047756195068 480
1.6095695495605469 479
1.6189255714416504 478
1.6261658668518066 478
1.6351308822631836 478
1.6418054103851318 478
1.6483817100524902 479
1.6543104648590088 482
1.6713635921478271 484
1.677281141281128 484
1.686283826828003 484
1.6933505535125732 484
1.7003440856933594 484
1.7094221115112305 485
1.7155115604400635 486
1.7231714725494385 486
1.730281114578247 485
1.7402424812316895 485
1.746199131011963 485
1.7536661624908447 485
1.7630326747894287 486
1.7708885669708252 486
1.7765781879425049 486
1.784423828125 485
1.7920866012573242 485
1.8042938709259033 485
1.8117387294769287 485
1.8219280242919922 484
1.8288164138793945 484
1.8345584869384766 483
1.8424444198608398 483
1.850212812423706 483
1.866286277770996 484
1.8749866485595703 486
1.882507562637329 486
1.8905189037322998 485
1.9011917114257812 484
1.910006046295166 483
1.9162583351135254 482
1.9253661632537842 483
1.9357666969299316 483
1.94346284866333 483
1.9545650482177734 480
1.9696729183197021 478
1.9811596870422363 477
1.987069845199585 477
1.9956703186035156 478
2.0024688243865967 478
2.012192726135254 478
2.021282196044922 477
2.028918981552124 476
2.0348429679870605 475
2.0415701866149902 474
2.047412157058716 474
2.054081916809082 474
2.061269521713257 474
2.0671446323394775 474
2.079667806625366 472
2.085667848587036 471
2.0923242568969727 471
2.09952449798584 471
2.1055490970611572 471
2.112131357192993 470
2.1189608573913574 470
2.125856637954712 469
2.132455348968506 468
2.139690399169922 468
2.145622730255127 467
2.1521544456481934 467
2.159182548522949 467
2.1650454998016357 467
2.171741008758545 466
2.1796419620513916 465
2.1856274604797363 464
2.192295789718628 464
2.199422836303711 464
2.20546293258667 464
2.212052345275879 464
2.218909978866577 463
2.224879741668701 462
2.2323644161224365 462
2.2394981384277344 462
2.2455592155456543 461
2.252131938934326 460
2.258967638015747 460
2.265176296234131 459
2.2718355655670166 459
2.27962064743042 459
2.285599946975708 459
2.292166233062744 458
2.2992162704467773 458
2.3051183223724365 457
2.311781167984009 456
2.318390130996704 456
2.32454514503479 456
2.332301139831543 455
2.3412764072418213 455
2.347116231918335 454
2.353632926940918 454
2.3604989051818848 454
2.3664653301239014 454
2.3733043670654297 454
2.381441116333008 453
2.387342691421509 452
2.3939414024353027 452
2.4011638164520264 452
2.4070558547973633 452
2.4136393070220947 451
2.420535087585449 450
2.426525831222534 450
2.435447931289673 450
2.4421780109405518 450
2.449382781982422 450
2.455443859100342 450
2.462017297744751 449
2.4730377197265625 448
2.4801714420318604 447
2.48724627494812 446
2.4942009449005127 446
2.5014243125915527 446
2.5073294639587402 447
2.515148162841797 447
2.5219955444335938 447
2.5288052558898926 446
2.535994291305542 446
2.5429351329803467 446
2.549774408340454 446
2.555860757827759 445
2.5625157356262207 445
2.5695979595184326 444
2.5755364894866943 444
2.582249402999878 444
2.5901284217834473 444
2.602429151535034 444
2.6095755100250244 443
2.615548849105835 442
2.6222083568573 442
2.6292965412139893 443
2.6360628604888916 443
2.642886161804199 442
2.6497316360473633 442
2.6557605266571045 441
2.662337064743042 441
2.669419527053833 441
2.675473213195801 441
2.6821649074554443 441
2.6900484561920166 440
2.69616961479187 440
2.702930212020874 439
2.7099218368530273 439
2.715975284576416 439
2.722557306289673 439
2.7296199798583984 439
2.7363204956054688 438
2.7434375286102295 438
2.7502362728118896 438
2.756258964538574 438
2.7630715370178223 438
2.769911289215088 437
2.7759311199188232 437
2.7825207710266113 436
2.7903900146484375 436
2.7964162826538086 437
2.8034310340881348 437
2.8102245330810547 436
2.816227436065674 436
2.8229799270629883 436
2.8298263549804688 436
2.835822820663452 436
2.8435866832733154 435
2.8504180908203125 434
2.8564155101776123 434
2.8634445667266846 435
2.874128580093384 435
2.8814001083374023 435
2.887312412261963 434
2.8954548835754395 434
2.902172327041626 434
2.9092485904693604 433
2.9151272773742676 433
2.9220314025878906 433
2.9289138317108154 432
2.9349935054779053 432
2.942512035369873 433
2.949594020843506 433
2.955556631088257 432
2.962131977081299 432
2.969302177429199 432
2.9753687381744385 431
2.982111930847168 431
2.9891715049743652 430
2.996044874191284 430
3.0029003620147705 431
3.00978946685791 431
3.015777111053467 431
3.022338628768921 430
3.0294153690338135 430
3.0354816913604736 430
3.0432722568511963 430
3.0501606464385986 429
3.0561437606811523 429
3.0629310607910156 428
3.0698063373565674 428
3.0758376121520996 429
3.082385301589966 429
3.0894358158111572 429
3.096299409866333 429
3.103299856185913 428
3.110149621963501 428
3.1161155700683594 428
3.1229705810546875 428
3.1298019886016846 428
3.1358327865600586 427
3.1433401107788086 427
3.1502442359924316 426
3.1562914848327637 426
3.1632916927337646 426
3.170194387435913 427
3.176156520843506 427
3.1829512119293213 426
3.189798355102539 426
3.1965672969818115 426
3.2034573554992676 426
3.2103183269500732 426
3.2162814140319824 426
3.2232494354248047 426
3.2302868366241455 425
3.2362916469573975 425
3.2431044578552246 424
3.2510061264038086 424
3.2569057941436768 425
3.2634966373443604 425
3.2703309059143066 424
3.281874895095825 424
3.288543462753296 423
3.2957780361175537 423
3.3025338649749756 422
3.3096446990966797 422
3.3156144618988037 423
3.3222012519836426 423
3.3292605876922607 423
3.3351850509643555 423
3.342012405395508 422
3.34999418258667 422
3.3560283184051514 422
3.3656890392303467 422
3.372377634048462 422
3.379615545272827 422
3.3856260776519775 422
3.3923401832580566 422
3.4003641605377197 422
3.4063620567321777 422
3.413231134414673 422
3.420048713684082 421
3.4260542392730713 420
3.433638095855713 420
3.440462827682495 420
3.4464197158813477 420
3.454219102859497 421
3.4614202976226807 421
3.4673633575439453 420
3.4740917682647705 420
3.4810798168182373 420
3.4869349002838135 420
3.4936792850494385 420
3.5015757083892822 419
3.5078234672546387 419
3.5155038833618164 419
3.5223498344421387 419
3.5295777320861816 419
3.5355913639068604 419
3.5423030853271484 419
3.550161123275757 419
3.5561983585357666 419
3.5629587173461914 419
3.5697848796844482 418
3.5758261680603027 418
3.5825483798980713 419
3.5896174907684326 419
3.595576524734497 419
3.6032261848449707 419
3.6100380420684814 418
3.6160521507263184 418
3.623039722442627 418
3.629913568496704 418
3.635903835296631 418
3.6428210735321045 418
3.6496310234069824 418
3.6563127040863037 417
3.6631429195404053 417
3.670015335083008 417
3.685640811920166 417
3.6923718452453613 416
3.6996912956237793 416
3.706495761871338 416
3.713365316390991 416
3.720209836959839 417
3.7261390686035156 417
3.7329299449920654 416
3.7397685050964355 416
3.745732307434082 416
3.752408742904663 416
3.7604475021362305 416
3.766449451446533 416
3.773282289505005 416
3.780111312866211 416
3.7860665321350098 416
3.7929913997650146 416
3.799800157546997 416
3.8065595626831055 416
3.8134171962738037 415
3.820441246032715 415
3.8264482021331787 415
3.8332948684692383 415
3.8401434421539307 415
3.8461387157440186 415
3.8529646396636963 415
3.860961675643921 414
3.8665778636932373 414
3.8734519481658936 415
3.880491256713867 415
3.8864150047302246 414
3.8932721614837646 414
3.9001424312591553 414
3.90720272064209 414
3.913851261138916 414
3.9205052852630615 414
3.9265077114105225 414
3.9333508014678955 413
3.940308094024658 413
3.946293354034424 414
3.953078031539917 414
3.961113691329956 413
3.9669301509857178 413
3.9734787940979004 413
3.9803781509399414 413
3.9863271713256836 413
3.993156909942627 413
4.00016975402832 413
4.006153106689453 413
4.014061450958252 412
4.021088361740112 413
4.026949405670166 413
4.0334978103637695 413
4.04036808013916 413
4.046308994293213 412
4.053062200546265 412
4.0610671043396 412
4.066965103149414 413
4.0734968185424805 413
4.084217548370361 413
4.091397285461426 413
4.097322463989258 412
4.104172706604004 412
4.112016677856445 412
4.1189069747924805 412
4.125171184539795 412
4.131864547729492 412
4.138526916503906 412
4.144877672195435 411
4.151622295379639 411
4.157832860946655 411
4.165473222732544 411
4.172038316726685 412
4.178905487060547 412
4.185123443603516 412
4.19176721572876 411
4.198399066925049 411
4.20440149307251 411
4.2120959758758545 411
4.219172716140747 411
4.22503137588501 411
4.231689929962158 411
4.238350868225098 411
4.244496583938599 411
4.2514894008636475 411
4.257349967956543 410
4.265368461608887 410
4.2722296714782715 410
4.27927303314209 410
4.285266637802124 411
4.291893720626831 410
4.298499822616577 410
4.30481219291687 410
4.311613082885742 410
4.319468259811401 410
4.325495481491089 410
4.332023859024048 410
4.338883876800537 409
4.344864368438721 409
4.35162878036499 409
4.357889413833618 409
4.365587472915649 409
4.372117280960083 409
4.379173755645752 409
4.385462760925293 409
4.39242696762085 409
4.3995842933654785 409
4.4056408405303955 409
4.41217041015625 409
4.420252084732056 409
4.4262378215789795 409
4.433922052383423 409
4.44101357460022 409
4.446878671646118 409
4.453421115875244 409
4.460283994674683 409
4.467318773269653 408
4.474067211151123 408
4.48508095741272 409
4.491931200027466 409
4.498487949371338 409
4.504837512969971 409
4.511629104614258 409
4.520459413528442 409
4.52646017074585 408
4.533550977706909 408
4.541008949279785 408
4.546900033950806 408
4.55346941947937 409
4.560291290283203 409
4.567257881164551 409
4.574045658111572 408
4.580994367599487 408
4.586563348770142 408
4.593408823013306 408
4.600373029708862 407
4.608532667160034 408
4.614501953125 408
4.6222288608551025 408
4.629286289215088 408
4.6353302001953125 408
4.641938209533691 408
4.648532390594482 408
4.654553174972534 407
4.661773920059204 407
4.669455051422119 408
4.675482511520386 408
4.682064533233643 408
4.689154386520386 408
4.695014476776123 407
4.701687574386597 407
4.7083070278167725 407
4.714318752288818 407
4.722139358520508 407
4.729171514511108 407
4.735060930252075 407
4.7417402267456055 407
4.748301267623901 407
4.754295825958252 407
4.761241912841797 407
4.767081022262573 406
4.774818420410156 406
4.781778573989868 406
4.788404226303101 407
4.794527053833008 407
4.801539421081543 407
4.807431936264038 406
4.814218044281006 406
4.822023630142212 406
4.828898191452026 406
4.8349738121032715 407
4.841787815093994 407
4.848416566848755 407
4.85440993309021 406
4.86139988899231 406
4.8672661781311035 406
4.875189781188965 406
4.88559627532959 406
4.8922951221466064 406
4.899653911590576 407
4.905608177185059 407
4.91230845451355 406
4.919527530670166 406
4.926294803619385 406
4.9330973625183105 406
4.939887523651123 406
4.945832967758179 406
4.952326536178589 406
4.959607839584351 406
4.965574502944946 406
4.972116470336914 406
4.979812383651733 406
4.985823631286621 406
4.99232816696167 406
4.999415397644043 406
5.00540018081665 406
5.011994361877441 405
5.018911600112915 405
5.02616286277771 405
5.032955169677734 405
5.039793014526367 406
5.045786142349243 406
5.052452087402344 405
5.059539318084717 405
5.065512418746948 405
5.072120904922485 405
5.080104351043701 405
5.086132287979126 406
5.092875719070435 406
5.0997254848480225 406
5.111926317214966 405
5.118850469589233 404
5.124539852142334 405
5.132331371307373 406
5.13956356048584 406
5.145548105239868 406
5.152138948440552 405
5.159174203872681 405
5.1650354862213135 404
5.17172908782959 404
5.179755687713623 405
5.18568754196167 405
5.192224502563477 406
5.199402332305908 406
5.2054762840271 405
5.212060213088989 405
5.21893048286438 405
5.225016355514526 405
5.232431173324585 405
5.239526748657227 405
5.24549674987793 405
5.252026319503784 404
5.258897066116333 404
5.265127420425415 404
5.271808624267578 405
5.282023668289185 405
5.2899956703186035 405
5.295981168746948 404
5.3029327392578125 404
5.310026168823242 404
5.316046714782715 404
5.323033809661865 404
5.330575704574585 404
5.336568832397461 404
5.343388080596924 404
5.350228548049927 404
5.356194972991943 404
5.36295223236084 404
5.369765043258667 404
5.375807523727417 404
5.383565902709961 404
5.390368461608887 404
5.396301984786987 404
5.403087377548218 404
5.409907817840576 404
5.415868759155273 404
5.422395706176758 404
5.429584503173828 404
5.4372358322143555 404
5.444195747375488 404
5.451176404953003 404
5.457018852233887 404
5.463597297668457 404
5.470425605773926 404
5.476394414901733 404
5.484254360198975 404
5.491227865219116 404
5.4970924854278564 404
5.5039238929748535 404
5.511125087738037 404
5.518317461013794 404
5.524445533752441 404
5.5316102504730225 403
5.539601564407349 403
5.545560121536255 403
5.552124500274658 403
5.558914661407471 403
5.565114974975586 403
5.571958303451538 403
5.578581809997559 403
5.585761547088623 403
5.592268705368042 403
5.599366664886475 403
5.6053547859191895 403
5.611954212188721 403
5.618526458740234 403
5.624983072280884 403
5.631627798080444 403
5.63944149017334 403
5.6454503536224365 403
5.65205717086792 403
5.658886194229126 403
5.664859294891357 403
5.671597719192505 403
5.677794694900513 403
5.690859317779541 403
5.6965556144714355 403
5.703619003295898 403
5.710555553436279 403
5.716531991958618 403
5.723381519317627 403
5.730170249938965 403
5.737173557281494 403
5.744044065475464 403
5.75098991394043 403
5.756561994552612 403
5.763592720031738 403
5.770400285720825 403
5.776381731033325 403
5.783211708068848 403
5.791223526000977 403
5.797056436538696 403
5.803852796554565 403
5.810482978820801 403
5.81646990776062 403
5.823310613632202 403
5.830292701721191 403
5.836255311965942 403
5.843952894210815 403
5.850974798202515 403
5.856555938720703 403
5.863494157791138 403
5.870312213897705 403
5.876277208328247 403
5.8830554485321045 403
5.890875577926636 403
5.896545648574829 403
5.903390884399414 403
5.910200357437134 403
5.9161152839660645 403
5.923136949539185 403
5.929990768432617 403
5.935955762863159 403
5.943601131439209 403
5.950387001037598 402
5.956387758255005 403
5.963341236114502 403
5.970177412033081 403
5.976147413253784 403
5.98316764831543 403
5.99000883102417 402
5.996957302093506 402
6.003458023071289 402
6.010326623916626 402
6.016278982162476 402
6.0230395793914795 402
6.02983832359314 402
6.035809516906738 403
6.043474197387695 403
6.050277471542358 402
6.0562639236450195 402
6.063021183013916 402
6.069900751113892 402
6.075825452804565 402
6.086101055145264 402
6.094186067581177 402
6.10142707824707 402
6.1073150634765625 402
6.1141698360443115 402
6.121187925338745 402
6.1269941329956055 402
6.13350248336792 402
6.140314817428589 402
6.147353172302246 402
6.153952598571777 402
6.161104440689087 402
6.166941165924072 402
6.173459768295288 402
6.180290222167969 402
6.186262369155884 402
6.193008661270142 402
6.200890302658081 402
6.206575155258179 402
6.213332891464233 402
6.220338582992554 402
6.226287603378296 402
6.233020305633545 402
6.23983097076416 402
6.246506690979004 402
6.253312587738037 402
6.260185956954956 402
6.266141891479492 402
6.272906541824341 401
6.279833555221558 402
6.285829544067383 402
6.292355060577393 402
6.300147294998169 402
6.306102991104126 402
6.312874794006348 402
6.319692850112915 401
6.325663328170776 401
6.3321592807769775 401
6.339326620101929 402
6.345356702804565 402
6.353122711181641 402
6.360004901885986 402
6.365924596786499 402
6.37243390083313 401
6.379516839981079 401
6.385499000549316 401
6.392038345336914 402
6.399995565414429 402
6.405949354171753 402
6.412495136260986 402
6.419563055038452 402
6.425507545471191 401
6.436823606491089 402
6.450169324874878 403
6.459897994995117 403
6.468533515930176 403
6.4745588302612305 402
6.48175573348999 401
6.492388010025024 401
6.502321243286133 401
6.509610176086426 401
6.519429922103882 402
6.5254902839660645 402
6.532195806503296 402
6.539650201797485 402
6.547865867614746 401
6.555481433868408 401
6.562084913253784 402
6.571183919906616 402
6.577045679092407 402
6.583891868591309 402
6.591691732406616 401
6.601460695266724 401
6.607405424118042 401
6.614313840866089 402
6.623663425445557 402
6.632304906845093 402
6.641069650650024 401
6.649796962738037 401
6.656436443328857 401
6.6632750034332275 401
6.674475908279419 401
6.6814985275268555 402
6.689326524734497 402
6.695319890975952 401
6.704040050506592 401
6.712981939315796 402
6.719762325286865 402
6.725691556930542 402
6.733246564865112 402
6.743291616439819 401
6.7501513957977295 401
6.759800672531128 401
6.765814542770386 401
6.773324966430664 401
6.782164573669434 401
6.789224147796631 401
6.795032262802124 401
6.808359146118164 401
6.816985368728638 401
6.82414698600769 401
6.831313610076904 401
6.838847398757935 401
6.844573259353638 401
6.861595392227173 401
6.871124029159546 401
6.880104064941406 400
6.891886472702026 400
6.903109312057495 401
6.9113078117370605 402
6.917165756225586 402
6.929722785949707 401
6.93572211265564 401
6.943488359451294 402
6.95246148109436 402
6.961862325668335 402
6.968940019607544 402
6.9769978523254395 401
6.983661413192749 401
6.990520238876343 401
7.000875473022461 401
7.008345365524292 402
7.016328811645508 402
7.023122787475586 401
7.029930114746094 401
7.035916566848755 400
7.042460203170776 401
7.049511194229126 401
7.055500507354736 401
7.063169240951538 401
7.069995880126953 401
7.075912237167358 401
7.082397699356079 400
7.089482307434082 400
7.095472812652588 401
7.101980209350586 401
7.109727621078491 400
7.117169141769409 400
7.124034404754639 400
7.131214618682861 400
7.136999130249023 400
7.143476247787476 400
7.150270223617554 400
7.156182050704956 400
7.163610219955444 401
7.17038369178772 401
7.176358222961426 400
7.1832849979400635 400
7.190157651901245 400
7.196067810058594 400
7.202872276306152 400
7.209620714187622 400
7.21636176109314 400
7.223063230514526 401
7.229795694351196 401
7.23581862449646 400
7.242459535598755 400
7.249513864517212 400
7.255520582199097 400
7.2632317543029785 400
7.270003080368042 400
7.2758870124816895 400
7.2823426723480225 401
7.292832136154175 401
7.299997329711914 400
7.305962085723877 400
7.3138587474823 400
7.320503234863281 400
7.326373100280762 400
7.333083629608154 400
7.3432776927948 401
7.35454797744751 401
7.361750841140747 400
7.369595766067505 400
7.375521898269653 400
7.382062673568726 400
7.388886213302612 400
7.395055294036865 400
7.401664733886719 400
7.407421827316284 400
7.415123224258423 400
7.421923637390137 400
7.428481817245483 401
7.435588836669922 400
7.442143440246582 400
7.449148893356323 400
7.454967260360718 400
7.46159553527832 400
7.469370603561401 400
7.475335359573364 400
7.481999635696411 401
7.488532781600952 401
7.494527816772461 400
7.501543283462524 400
7.507378578186035 400
7.515058517456055 400
7.523009538650513 400
7.529942512512207 401
7.535869121551514 401
7.542927026748657 401
7.549741983413696 400
7.555698871612549 400
7.562176465988159 400
7.569905519485474 400
7.579370021820068 401
7.585326910018921 401
7.5920729637146 400
7.598947763442993 400
7.605437755584717 400
7.611967325210571 400
7.619773864746094 400
7.625749588012695 400
7.632222652435303 400
7.639218091964722 401
7.645053863525391 401
7.651905536651611 400
7.658495664596558 400
7.664567470550537 400
7.672357082366943 400
7.6793389320373535 400
7.685330152511597 401
7.695871353149414 401
7.702544212341309 401
7.709757089614868 400
7.715693473815918 400
7.723531723022461 400
7.730284690856934 400
7.736192464828491 401
7.742892026901245 401
7.755077362060547 400
7.7617576122283936 400
7.768290042877197 399
7.775466680526733 399
7.782287120819092 399
7.789404392242432 399
7.795366048812866 400
7.801913499832153 400
7.808794260025024 400
7.8145668506622314 400
7.8223350048065186 399
7.82928729057312 399
7.83516788482666 399
7.841985702514648 399
7.8485846519470215 400
7.854521989822388 400
7.861516237258911 400
7.867377281188965 400
7.875187873840332 400
7.881786108016968 399
7.888396263122559 399
7.894403696060181 399
7.901549577713013 400
7.907378911972046 400
7.914276599884033 400
7.922034740447998 400
7.928945779800415 400
7.934863805770874 400
7.941564559936523 399
7.947402715682983 399
7.954149961471558 400
7.961251497268677 400
7.9671080112457275 400
7.9750001430511475 399
7.981625318527222 399
7.987432956695557 399
7.99421238899231 400
8.001214981079102 400
8.007056951522827 400
8.013599872589111 400
8.020527362823486 400
8.028309345245361 399
8.034257173538208 399
8.041415929794312 400
8.047268867492676 400
8.05414366722107 400
8.061116456985474 400
8.066935777664185 400
8.07440185546875 400
8.081563472747803 400
8.087387323379517 400
8.09853196144104 400
8.104855060577393 400
8.111751079559326 400
8.117927551269531 400
8.125601291656494 399
8.132098197937012 399
8.138925790786743 400
8.145355701446533 400
8.15195369720459 400
8.158546447753906 400
8.164475440979004 400
8.1716148853302 400
8.179448127746582 400
8.185403108596802 400
8.191912174224854 400
8.198495864868164 400
8.204530477523804 400
8.211445093154907 400
8.217275381088257 400
8.224036693572998 400
8.23174262046814 400
8.237888813018799 400
8.244210243225098 400
8.251189231872559 400
8.25693678855896 400
8.263598442077637 400
8.270378112792969 400
8.27731204032898 400
8.283942699432373 400
8.290550708770752 400
8.296481370925903 400
8.3034348487854 400
8.310234546661377 400
8.316150903701782 400
8.323054552078247 400
8.330396890640259 400
8.336310148239136 400
8.34305477142334 400
8.349818706512451 400
8.35573935508728 400
8.362232446670532 400
8.36922287940979 400
8.375030994415283 400
8.382469892501831 400
8.38947057723999 400
8.395434379577637 400
8.401942253112793 400
8.408486127853394 400
8.414363622665405 400
8.421344518661499 400
8.427182674407959 400
8.435807704925537 400
8.442402124404907 400
8.44942021369934 400
8.45531940460205 400
8.461831092834473 400
8.468369960784912 400
8.474315404891968 400
8.48201608657837 400
8.488547801971436 400
8.499562978744507 400
8.505492210388184 400
8.512129068374634 400
8.520089149475098 400
8.526036024093628 400
8.533928155899048 400
8.54103422164917 400
8.546568870544434 400
8.553308010101318 400
8.560283899307251 400
8.5661780834198 400
8.572854280471802 400
8.57962703704834 400
8.586320161819458 400
8.592985391616821 400
8.599744081497192 400
8.605692863464355 400
8.61220383644104 400
8.619329690933228 400
8.625187158584595 400
8.63180947303772 400
8.639587879180908 400
8.64551854133606 400
8.651981830596924 400
8.658500671386719 400
8.664398431777954 400
8.67137360572815 400
8.677203178405762 400
8.689575910568237 400
8.695507049560547 400
8.701991319656372 400
8.708530902862549 400
8.714449167251587 400
8.721392631530762 400
8.727229595184326 400
8.735045194625854 400
8.741807222366333 400
8.748353481292725 400
8.754266738891602 400
8.76126480102539 400
8.76701045036316 400
8.773492097854614 400
8.780239343643188 400
8.787188529968262 400
8.793640613555908 400
8.800564765930176 400
8.806518793106079 400
8.813281536102295 400
8.820186614990234 400
8.826085329055786 400
8.832879066467285 400
8.840369462966919 400
8.846282243728638 400
8.852956056594849 400
8.859860181808472 400
8.865761518478394 400
8.872209310531616 400
8.879159450531006 400
8.884872674942017 400
8.896225214004517 400
8.903076648712158 400
8.909946203231812 400
8.915876626968384 400
8.922865390777588 400
8.929627656936646 400
8.935490846633911 400
8.942953824996948 400
8.949872255325317 400
8.95579218864441 400
8.962251424789429 400
8.969265937805176 400
8.97505784034729 400
8.981813192367554 400
8.989533185958862 400
8.995500564575195 400
9.002001523971558 400
9.008538246154785 400
9.01447057723999 400
9.021409273147583 400
9.027263164520264 400
9.033959865570068 400
9.041766166687012 400
9.048307418823242 400
9.054243326187134 400
9.061105012893677 400
9.066890001296997 400
9.073406457901001 400
9.080302953720093 400
9.086219549179077 400
9.093855619430542 400
9.100971698760986 400
9.106544733047485 400
9.113280773162842 400
9.12001371383667 400
9.125892162322998 400
9.13233995437622 400
9.13937497138977 400
9.146085500717163 400
9.152872323989868 400
9.159789562225342 400
9.165729761123657 400
9.17221474647522 400
9.179193019866943 400
9.18498182296753 400
9.192399501800537 400
9.199464797973633 400
9.205379962921143 400
9.212035417556763 400
9.218831062316895 400
9.224898099899292 400
9.231601238250732 400
9.237366437911987 400
9.245146751403809 400
9.251811981201172 400
9.258352279663086 400
9.26426100730896 400
9.271246910095215 400
9.277050733566284 400
9.283703565597534 400
9.290425539016724 400
9.301762104034424 400
9.308286666870117 400
9.314401865005493 400
9.321482419967651 400
9.327322244644165 400
9.333913564682007 400
9.341032981872559 400
9.348404884338379 400
9.354329347610474 400
9.361278057098389 400
9.367019414901733 400
9.373499155044556 400
9.380229711532593 400
9.386126518249512 400
9.392850160598755 400
9.400498867034912 400
9.407098293304443 400
9.413604736328125 400
9.4203519821167 400
9.426258563995361 400
9.43370795249939 400
9.440505981445312 400
9.447357654571533 400
9.453922748565674 400
9.46100902557373 400
9.466563701629639 400
9.473471641540527 400
9.480205297470093 400
9.48608922958374 400
9.49284291267395 400
9.500426530838013 400
9.506315231323242 400
9.513040542602539 400
9.521146535873413 400
9.526899576187134 400
9.533560991287231 400
9.54047441482544 400
9.547375917434692 400
9.554172277450562 400
9.56109356880188 400
9.566866159439087 400
9.573410987854004 400
9.580305576324463 400
9.586210012435913 400
9.592934370040894 400
9.60057806968689 400
9.606494665145874 400
9.613263845443726 400
9.620021104812622 400
9.625911712646484 400
9.632340431213379 400
9.639520645141602 400
9.645466327667236 400
9.652997970581055 400
9.659728288650513 400
9.665657997131348 400
9.672122955322266 400
9.67891240119934 400
9.684569120407104 400
9.691584587097168 400
9.703250646591187 400
9.710153579711914 400
9.71607780456543 400
9.723010540008545 400
9.729923963546753 400
9.735822677612305 400
9.742262125015259 400
9.749245166778564 400
9.757420301437378 400
9.764265537261963 400
9.771216630935669 400
9.776985883712769 400
9.783494472503662 400
9.790237426757812 400
9.796182870864868 400
9.803834676742554 400
9.810457229614258 400
9.816372156143188 400
9.823269605636597 400
9.830094337463379 400
9.835977554321289 400
9.842873096466064 400
9.849613189697266 400
9.85631775856018 400
9.863205194473267 400
9.869948387145996 400
9.875861883163452 400
9.88250732421875 400
9.88948655128479 400
9.895453214645386 400
9.901977300643921 400
9.909635543823242 400
9.91551160812378 400
9.921972274780273 400
9.92850637435913 400
9.93440055847168 400
9.941564798355103 400
9.947361946105957 400
9.955133438110352 400
9.96177887916565 400
9.96833086013794 400
9.97418475151062 400
9.981086254119873 400
9.986822366714478 400
9.993556499481201 400
10.000478506088257 400
10.007326126098633 400
10.01392388343811 400
10.020519256591797 400
10.026421308517456 400
10.033190965652466 400
10.03998589515686 400
10.045885562896729 400
10.052372217178345 400
10.060228824615479 400
10.066147327423096 400
10.072882890701294 400
10.079656839370728 400
10.085530757904053 400
10.092002153396606 400
10.102347135543823 400
10.11031723022461 400
10.116239786148071 400
10.123249530792236 400
10.130083560943604 400
10.13599443435669 400
10.142460107803345 400
10.149477243423462 400
10.15545129776001 400
10.162988662719727 400
10.16973066329956 400
10.175642967224121 400
10.182250499725342 400
10.189266204833984 400
10.195114374160767 400
10.201724767684937 400
10.209496974945068 400
10.215473890304565 400
10.221962690353394 400
10.228540420532227 400
10.234468221664429 400
10.241593599319458 400
10.247398138046265 400
10.261342763900757 400
10.26724624633789 400
10.27390170097351 400
10.280504941940308 400
10.286372661590576 400
10.293181896209717 400
10.300129413604736 400
10.306100130081177 400
10.313674449920654 400
10.320452451705933 400
10.326398372650146 400
10.33314037322998 400
10.339906692504883 400
10.345821619033813 400
10.352246761322021 400
10.359402418136597 400
10.366162300109863 400
10.372948408126831 400
10.379867315292358 400
10.385796070098877 400
10.392266273498535 400
10.399234533309937 400
10.405029535293579 400
10.412429809570312 400
10.419636011123657 400
10.42551064491272 400
10.432957172393799 400
10.439770936965942 400
10.44568419456482 400
10.452150583267212 400
10.458926916122437 400
10.465891361236572 400
10.472360610961914 400
10.47945499420166 400
10.48542833328247 400
10.49194049835205 400
10.502378225326538 400
10.510462760925293 400
10.517815113067627 400
10.524340867996216 400
10.531410694122314 400
10.53725552558899 400
10.544051885604858 400
10.55100131034851 400
10.556533336639404 400
10.5642728805542 400
10.571222305297852 400
10.577090740203857 400
10.583678007125854 400
10.590471267700195 400
10.596367835998535 400
10.603313684463501 400
10.610102653503418 400
10.616919755935669 400
10.623395681381226 400
10.630151987075806 400
10.636065006256104 400
10.643088817596436 400
10.649795293807983 400
10.65572738647461 400
10.66235065460205 400
10.670032024383545 400
10.675966024398804 400
10.682398319244385 400
10.689512252807617 400
10.695470333099365 400
10.701947689056396 400
10.708510160446167 400
10.714391946792603 400
10.72236442565918 400
10.729405641555786 400
10.735362529754639 400
10.741901159286499 400
10.748430728912354 400
10.754342794418335 400
10.761247873306274 400
10.76881194114685 400
10.774997472763062 400
10.781790018081665 400
10.788331508636475 400
10.794245958328247 400
10.801224708557129 400
10.80697226524353 400
10.813445329666138 400
10.82135009765625 400
10.827166080474854 400
10.833637475967407 400
10.840521097183228 400
10.846424579620361 400
10.85322380065918 400
10.859999656677246 400
10.865902185440063 400
10.873349666595459 400
10.880135774612427 400
10.886059999465942 400
10.892567873001099 400
10.903441667556763 400
10.91032075881958 400
10.91620945930481 400
10.923924684524536 400
10.930530071258545 400
10.936460256576538 400
10.943263053894043 400
10.950007200241089 400
10.95589566230774 400
10.962491750717163 400
10.9694983959198 400
10.976224422454834 400
10.982923746109009 400
10.989662647247314 400
10.995559930801392 400
11.001996517181396 400
11.008530855178833 400
11.014471054077148 400
11.022220849990845 400
11.02938199043274 400
11.035274982452393 400
11.041851043701172 400
11.048393249511719 400
11.054300546646118 400
11.061290502548218 400
11.0670907497406 400
11.074849367141724 400
11.081760883331299 400
11.08829140663147 400
11.094241857528687 400
11.101152896881104 400
11.106969356536865 400
11.1134672164917 400
11.120202779769897 400
11.127171277999878 400
11.133667707443237 400
11.140559911727905 400
11.146483182907104 400
11.153263330459595 400
11.160183906555176 400
11.166100025177002 400
11.172846794128418 400
11.180382490158081 400
11.186274290084839 400
11.193021059036255 400
11.199920415878296 400
11.205839395523071 400
11.212286472320557 400
11.219271183013916 400
11.225954055786133 400
11.232402086257935 400
11.239408254623413 400
11.24532961845398 400
11.251892566680908 400
11.258426189422607 400
11.26451325416565 400
11.271467685699463 400
11.279246807098389 400
11.285051822662354 400
11.291788578033447 400
11.302152156829834 400
11.309287071228027 400
11.315112352371216 400
11.321991443634033 400
11.329917669296265 400
11.335826396942139 400
11.342288494110107 400
11.349255323410034 400
11.3550705909729 400
11.361629486083984 400
11.367411851882935 400
11.374075412750244 400
11.381999731063843 400
11.38852858543396 400
11.394450187683105 400
11.401448488235474 400
11.407262802124023 400
11.414036273956299 400
11.421135425567627 400
11.427913427352905 400
11.435323476791382 400
11.442055940628052 400
11.448901891708374 400
11.454553604125977 400
11.461533784866333 400
11.467328071594238 400
11.47392201423645 400
11.481614351272583 400
11.487385272979736 400
11.494049549102783 400
11.501139402389526 400
11.508398056030273 400
11.514469385147095 400
11.52156138420105 400
11.527371883392334 400
11.535348415374756 400
11.541852474212646 400
11.548410415649414 400
11.554499387741089 400
11.561583995819092 400
11.567384004592896 400
11.574074983596802 400
11.58183217048645 400
11.588379859924316 400
11.594311237335205 400
11.601279020309448 400
11.607112407684326 400
11.613632917404175 400
11.62053370475769 400
11.626474142074585 400
11.63428282737732 400
11.641214370727539 400
11.64696979522705 400
11.65343451499939 400
11.660157918930054 400
11.666092157363892 400
11.672853231430054 400
11.679793357849121 400
11.686519622802734 400
11.693332433700562 400
11.703562498092651 400
11.710521697998047 400
11.716461896896362 400
11.723391771316528 400
11.730293035507202 400
11.737269401550293 400
11.744166374206543 400
11.751106262207031 400
11.75689959526062 400
11.763423442840576 400
11.770160675048828 400
11.776068210601807 400
11.783485651016235 400
11.790343761444092 400
11.796225786209106 400
11.803082704544067 400
11.809948444366455 400
11.815871000289917 400
11.822364807128906 400
11.829387664794922 400
11.83612847328186 400
11.843072414398193 400
11.849804401397705 400
11.855727672576904 400
11.86236023902893 400
11.869347333908081 400
11.87532353401184 400
11.881816148757935 400
11.889634132385254 400
11.895542621612549 400
11.902006387710571 400
11.909244298934937 400
11.91583251953125 400
11.922415494918823 400
11.929407835006714 400
11.936039924621582 400
11.943053960800171 400
11.949798345565796 400
11.95569372177124 400
11.96213984489441 400
11.968938112258911 400
11.974809408187866 400
11.98170280456543 400
11.989528179168701 400
11.995469331741333 400
12.00196099281311 400
12.008507251739502 400
12.014418125152588 400
12.021380424499512 400
12.027244806289673 400
12.03387975692749 400
12.041831731796265 400
12.04835295677185 400
12.05431056022644 400
12.061262369155884 400
12.067031383514404 400
12.073686838150024 400
12.080454349517822 400
12.08634901046753 400
12.093960046768188 400
12.104539632797241 400
12.111685514450073 400
12.117823362350464 400
12.124348163604736 400
12.131407737731934 400
12.137269258499146 400
12.14486312866211 400
12.151570558547974 400
12.157387971878052 400
12.164269924163818 400
12.171246528625488 400
12.177031993865967 400
12.183538675308228 400
12.19148850440979 400
12.19731330871582 400
12.204164266586304 400
12.211086750030518 400
12.216816663742065 400
12.223571300506592 400
12.23031997680664 400
12.236214876174927 400
12.243906021118164 400
12.250510215759277 400
12.256404399871826 400
12.264490842819214 400
12.27144980430603 400
12.277259111404419 400
12.28407883644104 400
12.29162883758545 400
12.29790735244751 400
12.304206371307373 400
12.311116218566895 400
12.316897630691528 400
12.323413133621216 400
12.330374240875244 400
12.336296796798706 400
12.344165325164795 400
12.351086616516113 400
12.356576204299927 400
12.363337516784668 400
12.37011170387268 400
12.376016855239868 400
12.382507085800171 400
12.38953685760498 400
12.396268606185913 400
12.403148651123047 400
12.409892559051514 400
12.415839910507202 400
12.42228102684021 400
12.4292631149292 400
12.435853004455566 400
12.442330360412598 400
12.450105428695679 400
12.456010580062866 400
12.462945222854614 400
12.46970272064209 400
12.475641965866089 400
12.482146978378296 400
12.48893427848816 400
12.495838165283203 400
12.507180213928223 400
12.51391339302063 400
12.521122455596924 400
12.52693223953247 400
12.53358769416809 400
12.540360450744629 400
12.547271728515625 400
12.55391263961792 400
12.560513257980347 400
12.566417694091797 400
12.573177337646484 400
12.580161094665527 400
12.586058855056763 400
12.592974662780762 400
12.600475549697876 400
12.606394529342651 400
12.61318325996399 400
12.619987487792969 400
12.625885963439941 400
12.6323983669281 400
12.639579772949219 400
12.64548945426941 400
12.652966499328613 400
12.659660816192627 400
12.677847385406494 400
12.684214353561401 400
12.691223621368408 400
12.698511838912964 400
12.704827785491943 400
12.711598634719849 400
12.71741008758545 400
12.72425889968872 400
12.731189250946045 400
12.736960411071777 400
12.74343466758728 400
12.751216173171997 400
12.756988048553467 400
12.763640880584717 400
12.770446538925171 400
12.776347160339355 400
12.783032178878784 400
12.789846658706665 400
12.795790672302246 400
12.80330228805542 400
12.810085773468018 400
12.81605315208435 400
12.822983503341675 400
12.829771518707275 400
12.835713863372803 400
12.842170238494873 400
12.84935736656189 400
12.856111288070679 400
12.86287236213684 400
12.869600772857666 400
12.87550139427185 400
12.882193326950073 400
12.889157772064209 400
12.894895076751709 400
12.90241527557373 400
12.912993431091309 400
12.919974565505981 400
12.925880908966064 400
12.9324631690979 400
12.939669132232666 400
12.945574283599854 400
12.953107595443726 400
12.95993161201477 400
12.96585202217102 400
12.972293615341187 400
12.979412078857422 400
12.985397338867188 400
12.991979598999023 400
12.99850606918335 400
13.005829572677612 400
13.012317657470703 400
13.019285440444946 400
13.025101661682129 400
13.031734466552734 400
13.037851810455322 400
13.04416275024414 400
13.051076412200928 400
13.058295488357544 400
13.064377069473267 400
13.071327209472656 400
13.07712697982788 400
13.083623170852661 400
13.090367317199707 400
13.096276760101318 400
13.10300588607788 400
13.111032247543335 400
13.116565942764282 400
13.123471021652222 400
13.130248069763184 400
13.136160135269165 400
13.142880201339722 400
13.149614572525024 400
13.156211376190186 400
13.162963390350342 400
13.169705629348755 400
13.175605535507202 400
13.18222165107727 400
13.189208030700684 400
13.195005416870117 400
13.201631546020508 400
13.209277391433716 400
13.215137720108032 400
13.221755981445312 400
13.228301286697388 400
13.23420786857605 400
13.241321325302124 400
13.247101783752441 400
13.253576278686523 400
13.2615225315094 400
13.267345905303955 400
13.273955583572388 400
13.28086805343628 400
13.286495208740234 400
13.293271780014038 400
13.300187110900879 400
13.31153154373169 400
13.317341327667236 400
13.324183464050293 400
13.331238746643066 400
13.337003469467163 400
13.343472957611084 400
13.35023283958435 400
13.356154441833496 400
13.36392092704773 400
13.371027708053589 400
13.376821517944336 400
13.383392333984375 400
13.390164613723755 400
13.396093368530273 400
13.402833938598633 400
13.410382986068726 400
13.416281461715698 400
13.423176765441895 400
13.429990768432617 400
13.43681025505066 400
13.443331003189087 400
13.450083255767822 400
13.456000328063965 400
13.463578224182129 400
13.470362424850464 400
13.476258277893066 400
13.483124494552612 400
13.489922285079956 400
13.495839357376099 400
13.502466201782227 400
13.511399984359741 400
13.517281532287598 400
13.524183511734009 400
13.531286239624023 400
13.537131547927856 400
13.543899774551392 400
13.550512552261353 400
13.556426763534546 400
13.564054727554321 400
13.57096791267395 400
13.576562643051147 400
13.583346128463745 400
13.590099573135376 400
13.595989227294922 400
13.602938413619995 400
13.609673023223877 400
13.616350650787354 400
13.623058557510376 400
13.62996792793274 400
13.635882377624512 400
13.642334699630737 400
13.649275302886963 400
13.655115365982056 400
13.66193437576294 400
13.66978931427002 400
13.675712823867798 400
13.685949563980103 400
13.69245958328247 400
13.699416875839233 400
13.709682941436768 400
13.716434240341187 400
13.723454236984253 400
13.730367422103882 400
13.73626708984375 400
13.74299931526184 400
13.749749422073364 400
13.75568699836731 400
13.762327909469604 400
13.770148754119873 400
13.776054859161377 400
13.782927513122559 400
13.789673089981079 400
13.795572280883789 400
13.802063703536987 400
13.808863639831543 400
13.815615177154541 400
13.822207927703857 400
13.829177618026733 400
13.834873914718628 400
13.841778755187988 400
13.848365306854248 400
13.854303359985352 400
13.86124038696289 400
13.868812799453735 400
13.874523878097534 400
13.881486177444458 400
13.88730263710022 400
13.89415979385376 400
13.901233673095703 400
13.907014608383179 400
13.913541078567505 400
13.9215247631073 400
13.927319049835205 400
13.933946132659912 400
13.940537929534912 400
13.946485996246338 400
13.953266859054565 400
13.96015453338623 400
13.966064691543579 400
13.973565101623535 400
13.980330467224121 400
13.986228704452515 400
13.99297571182251 400
13.999692916870117 400
14.005622863769531 400
14.012112617492676 400
14.020010948181152 400
14.025962352752686 400
14.03243112564087 400
14.039436340332031 400
14.045386791229248 400
14.051907777786255 400
14.058452367782593 400
14.064353466033936 400
14.072101354598999 400
14.07886290550232 400
14.08496880531311 400
14.091594219207764 400
14.097390413284302 400
14.104083061218262 400
14.114561796188354 400
14.12243127822876 400
14.129665613174438 400
14.135590076446533 400
14.142319202423096 400
14.1494300365448 400
14.155399322509766 400
14.161916255950928 400
14.168474435806274 400
14.175503253936768 400
14.18201994895935 400
14.188808917999268 400
14.19450855255127 400
14.201620817184448 400
14.207380771636963 400
14.214136123657227 400
14.221068859100342 400
14.228458881378174 400
14.23437237739563 400
14.241322755813599 400
14.247100114822388 400
14.253605365753174 400
14.260512828826904 400
14.266466617584229 400
14.274211406707764 400
14.28135085105896 400
14.287129402160645 400
14.293642520904541 400
14.30040979385376 400
14.30631399154663 400
14.313026428222656 400
14.319950819015503 400
14.326942205429077 400
14.333440780639648 400
14.340174674987793 400
14.346081972122192 400
14.352873086929321 400
14.359618425369263 400
14.36552095413208 400
14.372024059295654 400
14.379961252212524 400
14.385843515396118 400
14.392301321029663 400
14.399239778518677 400
14.404994487762451 400
14.412118673324585 400
14.41940951347351 400
14.426103591918945 400
14.433612823486328 400
14.440534114837646 400
14.446453094482422 400
14.453196287155151 400
14.46003794670105 400
14.465950965881348 400
14.472407579421997 400
14.48022198677063 400
14.486157655715942 400
14.492897510528564 400
14.499775171279907 400
14.50568675994873 400
14.517048120498657 400
14.523678064346313 400
14.53180193901062 400
14.53835916519165 400
14.544583082199097 400
14.551518201828003 400
14.557348012924194 400
14.564166784286499 400
14.571111917495728 400
14.577902793884277 400
14.584196090698242 400
14.591105699539185 400
14.596924543380737 400
14.603429794311523 400
14.61015796661377 400
14.616069316864014 400
14.623060464859009 400
14.630536317825317 400
14.636470079421997 400
14.643262386322021 400
14.650004386901855 400
14.655954360961914 400
14.66239619255066 400
14.66955852508545 400
14.67687702178955 400
14.684462547302246 400
14.691444158554077 400
14.697272300720215 400
14.703898429870605 400
14.71052360534668 400
14.716419696807861 400
14.723150968551636 400
14.731088399887085 400
14.736883163452148 400
14.743574142456055 400
14.750383853912354 400
14.7562997341156 400
14.763007164001465 400
14.76979112625122 400
14.775683164596558 400
14.783200979232788 400
14.789988040924072 400
14.795904874801636 400
14.80257272720337 400
14.809573888778687 400
14.815472841262817 400
14.82199764251709 400
14.828498125076294 400
14.835638284683228 400
14.842150211334229 400
14.84917163848877 400
14.854976415634155 400
14.861770629882812 400
14.867916107177734 400
14.874213218688965 400
14.881127834320068 400
14.8883957862854 400
14.89432144165039 400
14.901264429092407 400
14.907063961029053 400
14.918352603912354 400
14.924520254135132 400
14.931768417358398 400
14.93954873085022 400
14.945467710494995 400
14.951984167098999 400
14.95853853225708 400
14.964515686035156 400
14.971457242965698 400
14.977262258529663 400
14.985193014144897 400
14.991866111755371 400
14.998402118682861 400
15.00434947013855 400
15.011264562606812 400
15.017029762268066 400
15.023534774780273 400
15.030274868011475 400
15.037259340286255 400
15.04412293434143 400
15.051084756851196 400
15.056844711303711 400
15.063555002212524 400
15.07033085823059 400
15.076247692108154 400
15.090064764022827 400
15.096076965332031 400
15.103018760681152 400
15.109757661819458 400
15.115675210952759 400
15.122207164764404 400
15.12922477722168 400
15.135019540786743 400
15.142293691635132 400
15.14928150177002 400
15.155097723007202 400
15.161864280700684 400
15.168402910232544 400
15.174335718154907 400
15.1812424659729 400
15.187011003494263 400
15.194581747055054 400
15.201584339141846 400
15.207387685775757 400
15.214043617248535 400
15.230977058410645 400
15.241111755371094 400
15.246934175491333 400
15.253427028656006 400
15.261245012283325 400
15.27046823501587 400
15.276392459869385 400
15.283299684524536 400
15.291954040527344 400
15.300978183746338 400
15.306536674499512 400
15.317087650299072 400
15.326242685317993 400
15.333019495010376 400
15.340031385421753 400
15.350364685058594 400
15.356313228607178 400
15.363021612167358 400
15.370453834533691 400
15.376387119293213 400
15.390185832977295 400
15.398967266082764 400
15.407069683074951 400
15.413591623306274 400
15.422152280807495 400
15.429212093353271 400
15.436213254928589 400
15.44387412071228 400
15.451020956039429 400
15.456586599349976 400
15.46345829963684 400
15.471079349517822 400
15.476587057113647 400
15.483341693878174 400
15.490100145339966 400
15.496940612792969 400
15.503444910049438 400
15.510176420211792 400
15.517093658447266 400
15.524033784866333 400
15.531093835830688 400
15.53687334060669 400
15.54450511932373 400
15.551491022109985 400
15.557307004928589 400
15.564033508300781 400
15.571036338806152 400
15.57656979560852 400
15.58348298072815 400
15.590223789215088 400
15.597161293029785 400
15.603636503219604 400
15.610378742218018 400
15.616313934326172 400
15.622992277145386 400
15.629743337631226 400
15.635664463043213 400
15.64227294921875 400
15.650020360946655 400
15.655924081802368 400
15.66237759590149 400
15.669379472732544 400
15.675195455551147 400
15.681830406188965 400
15.688404321670532 400
15.694411277770996 400
15.702300548553467 400
15.709491491317749 400
15.71976923942566 400
15.725702047348022 400
15.73235273361206 400
15.739485263824463 400
15.745442152023315 400
15.752950668334961 400
15.759893894195557 400
15.765819311141968 400
15.772290468215942 400
15.779296636581421 400
15.785109996795654 400
15.79173469543457 400
15.799475193023682 400
15.805431604385376 400
15.812000036239624 400
15.818578243255615 400
15.824880838394165 400
15.831584215164185 400
15.837369203567505 400
15.84428334236145 400
15.85198974609375 400
15.858495950698853 400
15.864395380020142 400
15.871392011642456 400
15.877201795578003 400
15.883922100067139 400
15.89051866531372 400
15.896445989608765 400
15.904217958450317 400
15.91113018989563 400
15.916925191879272 400
15.923424482345581 400
15.930219650268555 400
15.936132431030273 400
15.943001508712769 400
15.955173254013062 400
15.961974859237671 400
15.968489170074463 400
15.974880456924438 400
15.981775760650635 400
15.988331317901611 400
15.994256496429443 400
16.00296688079834 400
16.009793281555176 400
16.0157208442688 400
16.0222008228302 400
16.029181718826294 400
16.034900903701782 400
16.041599988937378 400
16.047417879104614 400
16.055320501327515 400
16.0620059967041 400
16.068568229675293 400
16.074490070343018 400
16.081456184387207 400
16.08728551864624 400
16.093928575515747 400
16.101080417633057 400
16.1084041595459 400
16.118850708007812 400
16.125086069107056 400
16.131845951080322 400
16.1384015083313 400
16.144500494003296 400
16.151467084884644 400
16.159245252609253 400
16.16504955291748 400
16.171627521514893 400
16.177420616149902 400
16.1842679977417 400
16.19127893447876 400
16.197120428085327 400
16.203646659851074 400
16.2115957736969 400
16.217390537261963 400
16.224149703979492 400
16.231250524520874 400
16.237040996551514 400
16.243709802627563 400
16.25044012069702 400
16.257309675216675 400
16.26392650604248 400
16.270495653152466 400
16.276405334472656 400
16.28315496444702 400
16.289965867996216 400
16.295884370803833 400
16.30250334739685 400
16.310302734375 400
16.31623339653015 400
16.322923183441162 400
16.329655170440674 400
16.335528135299683 400
16.342024087905884 400
16.348843336105347 400
16.354522943496704 400
16.362245082855225 400
16.369221448898315 400
16.37497878074646 400
16.381601810455322 400
16.387388229370117 400
16.394081354141235 400
16.401090145111084 400
16.406845092773438 400
16.41429042816162 400
16.421388626098633 400
16.427273273468018 400
16.43497061729431 400
16.441612243652344 400
16.447388648986816 400
16.45408844947815 400
16.46173405647278 400
16.467888116836548 400
16.474172830581665 400
16.48124122619629 400
16.487054586410522 400
16.493705987930298 400
16.50048303604126 400
16.506378173828125 400
16.51417112350464 400
16.525559186935425 400
16.532180070877075 400
16.539424896240234 400
16.545400857925415 400
16.552051067352295 400
16.55885601043701 400
16.56586241722107 400
16.572311401367188 400
16.57924723625183 400
16.585025310516357 400
16.59162926673889 400
16.597399711608887 400
16.604209899902344 400
16.61113667488098 400
16.618505239486694 400
16.624558687210083 400
16.631486415863037 400
16.63733959197998 400
16.64393663406372 400
16.650580644607544 400
16.656497716903687 400
16.664433240890503 400
16.671370267868042 400
16.677202463150024 400
16.68367075920105 400
16.690466165542603 400
16.696378707885742 400
16.703164100646973 400
16.70994997024536 400
16.71699333190918 400
16.7236225605011 400
16.73039746284485 400
16.73629879951477 400
16.74302101135254 400
16.74994659423828 400
16.75586485862732 400
16.762343883514404 400
16.770140409469604 400
16.776038885116577 400
16.78294801712036 400
16.78966188430786 400
16.795542001724243 400
16.80202865600586 400
16.808810234069824 400
16.815698385238647 400
16.822230100631714 400
16.8292179107666 400
16.834985494613647 400
16.841803550720215 400
16.84837818145752 400
16.854302406311035 400
16.861207962036133 400
16.868441343307495 400
16.87440586090088 400
16.886409044265747 400
16.896159887313843 400
16.908413887023926 400
16.92246961593628 400
16.93017268180847 400
16.93980121612549 400
16.946556329727173 400
16.955923080444336 400
16.964104413986206 400
16.972359657287598 400
16.980887413024902 400
16.988576650619507 400
16.995572566986084 400
17.003359079360962 400
17.01167106628418 400
17.02007818222046 400
17.026561498641968 400
17.035075426101685 400
17.043050527572632 400
17.05023765563965 400
17.057319164276123 400
17.06688642501831 400
17.074257135391235 400
17.081347942352295 400
17.087233304977417 400
17.095694065093994 400
17.102195024490356 400
17.10919952392578 400
17.114986658096313 400
17.122384071350098 400
17.129374265670776 400
17.135194540023804 400
17.142040967941284 400
17.148828983306885 400
17.15450167655945 400
17.16143798828125 400
17.167266845703125 400
17.17513370513916 400
17.181763887405396 400
17.187907695770264 400
17.19419527053833 400
17.201306581497192 400
17.207093238830566 400
17.21360158920288 400
17.220356225967407 400
17.22735571861267 400
17.2339506149292 400
17.240567207336426 400
17.246565341949463 400
17.253329515457153 400
17.260202407836914 400
17.26614284515381 400
17.273961782455444 400
17.28097629547119 400
17.286534309387207 400
17.293288707733154 400
17.300095081329346 400
17.306028366088867 400
17.31258201599121 400
17.322213888168335 400
17.33145260810852 400
17.337300062179565 400
17.344186544418335 400
17.351266860961914 400
17.357055187225342 400
17.36357545852661 400
17.37031102180481 400
17.377315044403076 400
17.384126663208008 400
17.391052961349487 400
17.396559238433838 400
17.40347146987915 400
17.410182237625122 400
17.41606616973877 400
17.422849655151367 400
17.431353330612183 400
17.43723964691162 400
17.444066286087036 400
17.450998306274414 400
17.456536293029785 400
17.463298320770264 400
17.470035552978516 400
17.476934909820557 400
17.483412742614746 400
17.490150690078735 400
17.496075868606567 400
17.503001928329468 400
17.50975489616394 400
17.516412258148193 400
17.523330211639404 400
17.53157925605774 400
17.53734254837036 400
17.544166803359985 400
17.551170587539673 400
17.556957006454468 400
17.56367039680481 400
17.570412635803223 400
17.57731866836548 400
17.584028720855713 400
