00
0.0001087188720703125 0
0.012640714645385742 0
0.021451234817504883 0
0.027363300323486328 2
0.033844947814941406 4
0.04293107986450195 6
0.048708200454711914 8
0.055176734924316406 13
0.06398868560791016 16
0.07122302055358887 19
0.0771481990814209 24
0.08460831642150879 29
0.09212183952331543 34
0.10117697715759277 38
0.10718631744384766 42
0.11387205123901367 47
0.12169265747070312 52
0.13057231903076172 55
0.13682961463928223 60
0.1434953212738037 63
0.15126633644104004 66
0.15946102142333984 72
0.16591644287109375 75
0.17291831970214844 78
0.18021678924560547 83
0.18848133087158203 88
0.19529223442077637 94
0.20604181289672852 96
0.2151045799255371 102
0.22205376625061035 105
0.22802114486694336 108
0.23720383644104004 113
0.2439713478088379 115
0.25127100944519043 118
0.2594890594482422 122
0.26590991020202637 125
0.27292418479919434 128
0.2804741859436035 131
0.2885162830352783 135
0.29520297050476074 138
0.3020479679107666 141
0.30800628662109375 144
0.31589698791503906 148
0.3236076831817627 151
0.3326570987701416 153
0.3384730815887451 156
0.3450813293457031 159
0.3530125617980957 163
0.36049866676330566 166
0.36621713638305664 168
0.3734009265899658 170
0.38001227378845215 173
0.3860056400299072 176
0.3930222988128662 178
0.3988964557647705 181
0.4067661762237549 184
0.4134044647216797 185
0.4199979305267334 188
0.4260289669036865 190
0.4332280158996582 192
0.43904542922973633 195
0.44583916664123535 198
0.4536259174346924 200
0.46045970916748047 202
0.466233491897583 204
0.47323131561279297 206
0.4790682792663574 209
0.48586368560791016 210
0.493030309677124 212
0.49887609481811523 214
0.5069220066070557 217
0.5135645866394043 219
0.520094633102417 221
0.5261075496673584 223
0.5330984592437744 225
0.538923978805542 227
0.545616865158081 228
0.5527455806732178 231
0.5600764751434326 233
0.5660498142242432 234
0.5730805397033691 236
0.5789310932159424 238
0.585773229598999 240
0.5927503108978271 243
0.6047136783599854 246
0.6117916107177734 248
0.617882251739502 249
0.6248452663421631 251
0.6318252086639404 252
0.6377584934234619 254
0.644564151763916 255
0.6513221263885498 257
0.6580681800842285 258
0.6649167537689209 261
0.671929121017456 262
0.6778929233551025 264
0.6846497058868408 265
0.6914682388305664 266
0.6974503993988037 268
0.7039556503295898 270
0.7118818759918213 271
0.7178597450256348 272
0.7246184349060059 274
0.7315857410430908 275
0.7375380992889404 276
0.7440125942230225 278
0.7510921955108643 280
0.7578029632568359 282
0.765688419342041 283
0.7727468013763428 284
0.7800884246826172 285
0.7861690521240234 286
0.7934410572052002 287
0.800011396408081 288
0.8061740398406982 290
0.813845157623291 290
0.8208651542663574 292
0.8266758918762207 293
0.8333964347839355 294
0.8400559425354004 295
0.8460063934326172 296
0.8532335758209229 298
0.8610494136810303 298
0.8669824600219727 300
0.8735556602478027 301
0.8800907135009766 302
0.8874647617340088 303
0.8941488265991211 304
0.9012191295623779 305
0.9071938991546631 306
0.9149017333984375 307
0.9216792583465576 308
0.9276111125946045 310
0.9341115951538086 310
0.9412024021148682 312
0.9471800327301025 312
0.9536747932434082 313
0.9614753723144531 314
0.9674067497253418 315
0.9740409851074219 316
0.9810631275177002 317
0.9870414733886719 318
0.9935827255249023 319
1.004664421081543 320
1.0141305923461914 321
1.0232114791870117 322
1.029052972793579 323
1.036020278930664 324
1.0429761409759521 324
1.048757791519165 326
1.0552701950073242 326
1.063206434249878 327
1.0690357685089111 328
1.075775384902954 328
1.082700252532959 329
1.088228464126587 330
1.0952188968658447 331
1.1020069122314453 332
1.1079208850860596 332
1.1155860424041748 333
1.1225297451019287 333
1.128187894821167 334
1.1349751949310303 334
1.1417760848999023 335
1.1477055549621582 336
1.154653549194336 336
1.1614243984222412 338
1.1681439876556396 338
1.1749870777130127 339
1.1818058490753174 340
1.1878705024719238 340
1.194631576538086 341
1.2014169692993164 342
1.2074546813964844 342
1.2151272296905518 343
1.2219223976135254 344
1.2278618812561035 344
1.2346556186676025 344
1.2414803504943848 345
1.2473838329315186 346
1.2538707256317139 346
1.2609176635742188 347
1.2675881385803223 348
1.2745208740234375 348
1.2814815044403076 349
1.287426233291626 350
1.293945074081421 350
1.3009819984436035 350
1.3068294525146484 350
1.3134047985076904 351
1.3212485313415527 352
1.3271985054016113 353
1.3338580131530762 354
1.3409013748168945 354
1.3467462062835693 354
1.3533494472503662 354
1.3594624996185303 355
1.3658349514007568 356
1.3735833168029785 356
1.3801887035369873 356
1.386122703552246 357
1.393207311630249 358
1.3990659713745117 358
1.410461187362671 358
1.416745901107788 359
1.4258379936218262 360
1.436124563217163 360
1.4475722312927246 361
1.4565181732177734 361
1.4639298915863037 362
1.4786608219146729 363
1.4876759052276611 364
1.4973714351654053 364
1.5049550533294678 364
1.513031005859375 365
1.522937536239624 365
1.5287926197052002 366
1.5353279113769531 366
1.5435380935668945 366
1.5514826774597168 367
1.5600097179412842 368
1.5661661624908447 369
1.574195146560669 369
1.5819852352142334 370
1.5879368782043457 370
1.5952887535095215 370
1.604114055633545 370
1.6113057136535645 371
1.6172056198120117 372
1.6258492469787598 372
1.6337659358978271 372
1.6430211067199707 372
1.64876127243042 372
1.655529499053955 373
1.6633329391479492 374
1.6736359596252441 374
1.6809823513031006 374
1.6869165897369385 374
1.6942291259765625 374
1.703235387802124 374
1.7090237140655518 374
1.7158524990081787 376
1.724825143814087 376
1.733839511871338 376
1.740837812423706 376
1.7466280460357666 376
1.753990888595581 376
1.7615776062011719 377
1.7713241577148438 378
1.7794511318206787 378
1.7859482765197754 378
1.7932095527648926 378
1.8001809120178223 378
1.8116095066070557 379
1.8175220489501953 379
1.8241856098175049 380
1.8325467109680176 380
1.8381879329681396 379
1.844951868057251 379
1.8517804145812988 380
1.8576807975769043 380
1.8645188808441162 380
1.871443271636963 380
1.8780927658081055 380
1.8848607540130615 381
1.8916518688201904 381
1.8975825309753418 382
1.9041755199432373 382
1.9112367630004883 382
1.917238473892212 381
1.9236948490142822 382
1.9316372871398926 382
1.9375715255737305 382
1.9440813064575195 382
1.951127290725708 382
1.9570562839508057 383
1.9635851383209229 383
1.9700922966003418 383
1.9760451316833496 384
1.9837520122528076 384
1.9909718036651611 384
1.9981584548950195 384
2.004951238632202 384
2.0116798877716064 384
2.017580986022949 384
2.0240702629089355 384
2.031792640686035 385
2.0376718044281006 385
2.0442259311676025 385
2.0514276027679443 386
2.0574183464050293 386
2.064086675643921 385
2.0711581707000732 386
2.0771076679229736 386
2.0846056938171387 386
2.0914552211761475 386
2.09737491607666 386
2.103804111480713 386
2.110563039779663 387
2.1167232990264893 387
2.1233458518981934 387
2.1295089721679688 387
2.136914014816284 387
2.143435001373291 387
2.1499524116516113 387
2.1558539867401123 387
2.1627140045166016 388
2.168220043182373 388
2.175208568572998 388
2.18320894241333 388
2.188978433609009 388
2.195805072784424 388
2.2062249183654785 388
2.2133586406707764 388
2.2194759845733643 389
2.2259700298309326 389
2.2339930534362793 389
2.2410330772399902 389
2.2468016147613525 389
2.2534327507019043 390
2.2600393295288086 390
2.266059398651123 390
2.2730252742767334 389
2.2787623405456543 389
2.2866311073303223 390
2.2934181690216064 390
2.3000030517578125 390
2.3059728145599365 390
2.3129098415374756 390
2.318652391433716 390
2.325260639190674 390
2.332010269165039 390
2.339015483856201 390
2.345580577850342 390
2.352703332901001 390
2.3582029342651367 391
2.3649516105651855 391
2.371816396713257 391
2.377871513366699 391
2.385327100753784 391
2.392099618911743 391
2.397966146469116 391
2.404635429382324 391
2.4115560054779053 391
2.417513847351074 391
2.4239919185638428 391
2.4309442043304443 391
2.4376273155212402 391
2.4440834522247314 391
2.451218843460083 391
2.457124710083008 391
2.4635770320892334 391
2.470059633255005 391
2.476116180419922 391
2.4831511974334717 391
2.49086594581604 391
2.496532440185547 391
2.5031754970550537 391
2.5090065002441406 392
2.522669792175293 392
2.528573513031006 392
2.5352776050567627 392
2.5431437492370605 392
2.548943281173706 392
2.555586099624634 392
2.562159299850464 392
2.568028211593628 392
2.5747127532958984 392
2.5816237926483154 392
2.5885097980499268 392
2.5952587127685547 392
2.6020050048828125 392
2.6127355098724365 393
2.6185925006866455 393
2.625272035598755 393
2.6321425437927246 393
2.638054370880127 393
2.645747423171997 393
2.652841567993164 393
2.658576011657715 393
2.6650588512420654 394
2.671823501586914 394
2.67777156829834 394
2.684558391571045 393
2.6920266151428223 393
2.6979610919952393 393
2.7047476768493652 393
2.7116472721099854 393
2.7175278663635254 394
2.7239623069763184 394
2.7310543060302734 394
2.7370409965515137 393
2.7445759773254395 393
2.751319646835327 393
2.7572107315063477 393
2.7646894454956055 393
2.7715840339660645 394
2.7774741649627686 394
2.7850213050842285 394
2.7931010723114014 393
2.7989509105682373 393
2.80578875541687 393
2.812875509262085 393
2.8185925483703613 394
2.825087070465088 394
2.8320508003234863 393
2.8380722999572754 393
2.8460657596588135 393
2.853060722351074 393
2.858840227127075 393
2.865294933319092 394
2.872065305709839 394
2.878009080886841 394
2.8847060203552246 393
2.8916053771972656 393
2.898566484451294 393
2.905068874359131 393
2.9117958545684814 394
2.917701482772827 394
2.9245240688323975 394
2.9313180446624756 394
2.9372260570526123 393
2.9446582794189453 393
2.951617956161499 393
2.9575183391571045 394
2.96394419670105 394
2.971186637878418 394
2.977198600769043 394
2.983668804168701 393
2.990189552307129 393
2.9972174167633057 393
3.0036795139312744 394
3.0145375728607178 394
3.0215349197387695 394
3.0274603366851807 394
3.034064769744873 394
3.0410659313201904 394
3.04775071144104 394
3.054225206375122 394
3.0612173080444336 394
3.0671327114105225 394
3.0737974643707275 394
3.080557107925415 394
3.086514949798584 394
3.093269109725952 394
3.101095199584961 394
3.1070239543914795 394
3.113463878631592 394
3.1200497150421143 394
3.1259500980377197 394
3.133033275604248 395
3.13883638381958 395
3.1455209255218506 395
3.1532607078552246 394
3.15944242477417 394
3.1658079624176025 394
3.172736883163452 394
3.178468704223633 394
3.184976816177368 394
3.191894292831421 394
3.1988232135772705 395
3.2052977085113525 395
3.2121450901031494 394
3.218038558959961 394
3.2247915267944336 394
3.2317354679107666 394
3.237637519836426 394
3.244048595428467 394
3.251974105834961 394
3.2578775882720947 395
3.264566659927368 395
3.271397352218628 395
3.2773144245147705 394
3.283809185028076 394
3.2906062602996826 394
3.303321361541748 395
3.312838077545166 395
3.3200626373291016 395
3.327146291732788 395
3.333806037902832 395
3.340564727783203 395
3.346198797225952 395
3.3538951873779297 396
3.361157178878784 396
3.367144823074341 395
3.3738906383514404 395
3.380932569503784 396
3.3879899978637695 396
3.394719123840332 396
3.402522325515747 396
3.413084030151367 396
3.4188907146453857 396
3.425713300704956 396
3.432887554168701 396
3.4386327266693115 396
3.445082187652588 396
3.4528884887695312 396
3.458690881729126 396
3.4652059078216553 396
3.4719443321228027 396
3.477832317352295 396
3.4845590591430664 396
3.4914848804473877 396
3.4973835945129395 396
3.5047173500061035 396
3.5114493370056152 396
3.5173754692077637 396
3.523847818374634 396
3.530874013900757 396
3.536654472351074 396
3.543269634246826 396
3.5490593910217285 396
3.557162046432495 396
3.5636515617370605 396
3.5701847076416016 396
3.576115369796753 396
3.5830612182617188 396
3.5888359546661377 396
3.595303535461426 396
3.602030038833618 396
3.608989953994751 396
3.6158058643341064 396
3.6228814125061035 396
3.6286144256591797 396
3.635087013244629 396
3.641808271408081 396
3.6476752758026123 396
3.654146194458008 396
3.6619224548339844 396
3.6678147315979004 396
3.6746692657470703 396
3.681426763534546 396
3.6873528957366943 396
3.6938681602478027 396
3.700838327407837 396
3.7075042724609375 396
3.7139437198638916 396
3.72092604637146 396
3.726649761199951 396
3.7334859371185303 396
3.7400283813476562 396
3.7459607124328613 396
3.7530789375305176 396
3.760878562927246 396
3.7674760818481445 396
3.7739462852478027 396
3.7817325592041016 396
3.787614583969116 396
3.7945590019226074 396
3.8014605045318604 396
3.8116512298583984 396
3.8184871673583984 396
3.8251538276672363 396
3.83205246925354 396
3.837935209274292 396
3.8447346687316895 396
3.8516130447387695 396
3.8575034141540527 396
3.8649778366088867 396
3.8717052936553955 396
3.8776395320892334 396
3.8845152854919434 396
3.891274929046631 396
3.8971781730651855 396
3.9036614894866943 396
3.9115288257598877 396
3.9174399375915527 396
3.923893451690674 396
3.930867910385132 396
3.936680793762207 396
3.943265438079834 396
3.948998212814331 396
3.955557107925415 396
3.96323561668396 396
3.9690113067626953 396
3.975820779800415 396
3.9827356338500977 396
3.988473415374756 396
3.9950037002563477 396
4.001787424087524 396
4.0076775550842285 396
4.015527963638306 396
4.022171974182129 396
4.02802848815918 396
4.034900426864624 396
4.041669607162476 396
4.047590017318726 396
4.05402135848999 396
4.061021089553833 396
4.067767858505249 396
4.074499130249023 396
4.081270217895508 396
4.087181329727173 396
4.093810558319092 396
4.100576877593994 396
4.1062235832214355 396
4.113928318023682 396
4.120939493179321 396
4.126742124557495 396
4.133341312408447 396
4.1394431591033936 396
4.145920515060425 396
4.152971982955933 396
4.1588075160980225 396
4.16662335395813 396
4.173222303390503 396
4.1789867877960205 396
4.185552358627319 396
4.192176818847656 396
4.198058843612671 396
4.204793214797974 396
4.216645002365112 396
4.223388195037842 396
4.229517936706543 396
4.235944747924805 396
4.243021488189697 396
4.248787879943848 396
4.255234956741333 396
4.2619664669036865 396
4.268950462341309 396
4.275810480117798 396
4.282699346542358 396
4.2882256507873535 396
4.294943332672119 396
4.301694631576538 396
4.307573556900024 396
4.3139872550964355 396
4.32168173789978 396
4.327595949172974 396
4.3342204093933105 396
4.341238975524902 396
4.347118139266968 396
4.353662014007568 396
4.3602049350738525 396
4.366077661514282 396
4.3736937046051025 396
4.380492448806763 396
4.386181116104126 396
4.3932576179504395 396
4.39904522895813 396
4.405870676040649 396
4.412818193435669 396
4.420123338699341 396
4.425978899002075 396
4.432883024215698 396
4.438628435134888 396
4.4450883865356445 396
4.451958894729614 396
4.457855224609375 396
4.464576244354248 396
4.472148656845093 396
4.478009223937988 396
4.484665870666504 396
4.491375684738159 396
4.497233629226685 396
4.503710508346558 396
4.510458707809448 396
4.516458511352539 396
4.524648666381836 396
4.531529188156128 396
4.537423849105835 396
4.543867826461792 396
4.550842046737671 396
4.55662202835083 396
4.563251495361328 396
4.56900954246521 396
4.577024936676025 396
4.583499193191528 396
4.590023517608643 396
4.595937252044678 396
4.602900981903076 396
4.612204313278198 396
4.619507789611816 396
4.627184629440308 396
4.6339874267578125 396
4.641127347946167 396
4.647045373916626 396
4.653534173965454 396
4.660070896148682 396
4.666139602661133 396
4.673805475234985 396
4.6806066036224365 396
4.6864824295043945 396
4.693367958068848 396
4.699484586715698 396
4.705780506134033 396
4.712684631347656 396
4.7182042598724365 396
4.7258641719818115 396
4.732743740081787 396
4.73852801322937 396
4.745023965835571 396
4.751943349838257 396
4.757856130599976 396
4.765285015106201 396
4.772033214569092 396
4.778981924057007 396
4.786660671234131 396
4.793543577194214 396
4.800060510635376 396
4.806123495101929 396
4.813190460205078 396
4.818964242935181 396
4.826749324798584 396
4.833297967910767 396
4.839007139205933 396
4.8455810546875 396
4.852181911468506 396
4.8581223487854 396
4.864910364151001 396
4.871811389923096 396
4.878672361373901 396
4.885179281234741 396
4.891904354095459 396
4.8978705406188965 396
4.904567003250122 396
4.911312580108643 396
4.917182445526123 396
4.923810958862305 396
4.931753158569336 396
4.937661170959473 396
4.9440906047821045 396
4.95111608505249 396
4.957049369812012 396
4.963546276092529 396
4.970075368881226 396
4.9759485721588135 396
4.989553451538086 396
4.996027946472168 396
5.0029191970825195 396
5.0086517333984375 396
5.020528793334961 396
5.026677846908569 396
5.03422737121582 396
5.041364431381226 396
5.047318935394287 396
5.054021835327148 396
5.0610105991363525 396
5.066751480102539 396
5.073341369628906 396
5.081118106842041 396
5.087049722671509 396
5.09355092048645 396
5.100011110305786 396
5.105963468551636 396
5.113062143325806 396
5.118852138519287 396
5.125304698944092 396
5.133138179779053 396
5.138951539993286 396
5.145550727844238 396
5.152108907699585 396
5.157994270324707 396
5.16473913192749 396
5.171584844589233 396
5.177464485168457 396
5.185092926025391 396
5.19184422492981 396
5.197738885879517 396
5.2042248249053955 396
5.2112345695495605 396
5.2171790599823 396
5.22368049621582 396
5.230225324630737 396
5.237497091293335 396
5.24393630027771 396
5.25091552734375 396
5.256705045700073 396
5.263272047042847 396
5.269022464752197 396
5.2756123542785645 396
5.283264875411987 396
5.28946328163147 396
5.2959113121032715 396
5.302865028381348 396
5.308595895767212 396
5.315235137939453 396
5.321984767913818 396
5.327862024307251 396
5.335478782653809 396
5.342074871063232 396
5.347959756851196 396
5.35480523109436 396
5.361597061157227 396
5.367469787597656 396
5.373893737792969 396
5.380898475646973 396
5.387632369995117 396
5.394059181213379 396
5.401045799255371 396
5.406924486160278 396
5.417396068572998 396
5.423985242843628 396
5.4310667514801025 396
5.437748670578003 396
5.444806814193726 396
5.451549053192139 396
5.45743203163147 396
5.4638800621032715 396
5.4710307121276855 396
5.4769792556762695 396
5.483463287353516 396
5.491267681121826 396
5.497169256210327 396
5.503647804260254 396
5.510190010070801 396
5.5161292552948 396
5.523047685623169 396
5.528858423233032 396
5.535592794418335 396
5.54335880279541 396
5.549492597579956 396
5.5558154582977295 396
5.5627281665802 396
5.568212509155273 396
5.5751073360443115 396
5.581891059875488 396
5.588802814483643 396
5.595685005187988 396
5.602200984954834 396
5.608103513717651 396
5.614900588989258 396
5.621660232543945 396
5.627563714981079 396
5.633974552154541 396
5.6417975425720215 396
5.647680282592773 396
5.654563903808594 396
5.661297559738159 396
5.6671998500823975 396
5.673661947250366 396
5.680463552474976 396
5.686145544052124 396
5.6936891078948975 396
5.700461149215698 396
5.706549406051636 396
5.713405132293701 396
5.71953558921814 396
5.725812911987305 396
5.7327494621276855 396
5.7382214069366455 396
5.7458436489105225 396
5.752771615982056 396
5.758503675460815 396
5.765870809555054 396
5.772932529449463 396
5.778692960739136 396
5.786194324493408 396
5.793955087661743 396
5.801083564758301 396
5.807033061981201 396
5.81753396987915 396
5.82415771484375 396
5.831477403640747 396
5.837419271469116 396
5.845080852508545 396
5.851811170578003 396
5.857694387435913 396
5.8641650676727295 396
5.871165037155151 396
5.877104043960571 396
5.883581876754761 396
5.89017915725708 396
5.8975255489349365 396
5.905062198638916 396
5.911804914474487 396
5.9176599979400635 396
5.92413592338562 396
5.931074857711792 396
5.93684458732605 396
5.944229602813721 396
5.951406478881836 396
5.957301616668701 396
5.963922500610352 396
5.970902919769287 396
5.976655006408691 396
5.9832892417907715 396
5.989062547683716 396
5.996976137161255 396
6.003459215164185 396
6.0099616050720215 396
6.021250486373901 396
6.02715277671814 396
6.033618450164795 396
6.040155410766602 396
6.047272205352783 396
6.053746461868286 396
6.060505390167236 396
6.066168308258057 396
6.073258638381958 396
6.079059600830078 396
6.085709095001221 396
6.092743873596191 396
6.1000494956970215 396
6.105967283248901 396
6.1128644943237305 396
6.1186134815216064 396
6.125050067901611 396
6.131938219070435 396
6.137867450714111 396
6.144552946090698 396
6.1520655155181885 396
6.157959938049316 396
6.164645195007324 396
6.171374797821045 396
6.177260160446167 396
6.18372106552124 396
6.19052267074585 396
6.196547269821167 396
6.203962087631226 396
6.21094274520874 396
6.221482992172241 396
6.227390766143799 396
6.233975648880005 396
6.241051912307739 396
6.246990919113159 396
6.254705429077148 396
6.261417627334595 396
6.267307758331299 396
6.273750066757202 396
6.280499219894409 396
6.286194801330566 396
6.29312539100647 396
6.300870180130005 396
6.306649446487427 396
6.313427925109863 396
6.319936752319336 396
6.325846433639526 396
6.332748651504517 396
6.338497877120972 396
6.3449976444244385 396
6.353025436401367 396
6.358809471130371 396
6.365311622619629 396
6.372232675552368 396
6.3781328201293945 396
6.384932994842529 396
6.3917059898376465 396
6.397610664367676 396
6.405121803283691 396
6.411856412887573 396
6.417733192443848 396
6.424476146697998 396
6.431397438049316 396
6.437305688858032 396
6.4437572956085205 396
6.450501918792725 396
6.457425594329834 396
6.463876485824585 396
6.470889568328857 396
6.476665019989014 396
6.483405590057373 396
6.489492416381836 396
6.495959997177124 396
6.50359320640564 396
6.510184288024902 396
6.516087770462036 396
6.523023366928101 396
6.52877140045166 396
6.535243511199951 396
6.5419745445251465 396
6.547884225845337 396
6.555769205093384 396
6.562645196914673 396
6.5681726932525635 396
6.574928045272827 396
6.581683874130249 396
6.587576866149902 396
6.593999147415161 396
6.601009130477905 396
6.6077446937561035 396
6.618060111999512 396
6.6250083446502686 396
6.631972312927246 396
6.637864112854004 396
6.644694805145264 396
6.651404142379761 396
6.658090353012085 396
6.664896011352539 396
6.671792984008789 396
6.677684307098389 396
6.684189796447754 396
6.691228866577148 396
6.697131395339966 396
6.703635215759277 396
6.711316108703613 396
6.717199802398682 396
6.723637104034424 396
6.730172872543335 396
6.736193418502808 396
6.743258953094482 396
6.749053716659546 396
6.755686283111572 396
6.764066934585571 396
6.771071910858154 396
6.776984453201294 396
6.7845141887664795 396
6.791542291641235 396
6.797454595565796 396
6.804090976715088 396
6.811871767044067 396
6.817744493484497 396
6.82421350479126 396
6.831274509429932 396
6.83715295791626 396
6.843630313873291 396
6.850187540054321 396
6.856215000152588 396
6.863966226577759 396
6.871072292327881 396
6.8769850730896 396
6.883508920669556 396
6.8900299072265625 396
6.895955801010132 396
6.902876615524292 396
6.908595561981201 396
6.916198015213013 396
6.923111200332642 396
6.928924322128296 396
6.935522079467773 396
6.942168951034546 396
6.948023319244385 396
6.954680919647217 396
6.962185621261597 396
6.968116283416748 396
6.975066900253296 396
6.981808423995972 396
6.987677335739136 396
6.995714902877808 396
7.002780914306641 396
7.008535861968994 396
7.02060604095459 396
7.0267674922943115 396
7.0335917472839355 396
7.04007887840271 396
7.047103643417358 396
7.05390739440918 396
7.061065196990967 396
7.067791700363159 396
7.0747504234313965 396
7.081506729125977 396
7.087399244308472 396
7.093993425369263 396
7.100994110107422 396
7.106788158416748 396
7.114116191864014 396
7.121174573898315 396
7.127130746841431 396
7.133772134780884 396
7.1405699253082275 396
7.146236181259155 396
7.153268337249756 396
7.15903639793396 396
7.16696834564209 396
7.173424243927002 396
7.17956280708313 396
7.185822010040283 396
7.192736387252808 396
7.198229789733887 396
7.204962968826294 396
7.211849927902222 396
7.218825340270996 396
7.225250005722046 396
7.231971025466919 396
7.237853527069092 396
7.244546890258789 396
7.25134015083313 396
7.257211446762085 396
7.263826608657837 396
7.271828651428223 396
7.277738571166992 396
7.284469842910767 396
7.291265487670898 396
7.29714035987854 396
7.303623676300049 396
7.310109615325928 396
7.317141771316528 396
7.3236448764801025 396
7.330176830291748 396
7.33623194694519 396
7.343142509460449 396
7.348966121673584 396
7.355705499649048 396
7.362544298171997 396
7.369475364685059 396
7.375778675079346 396
7.382656574249268 396
7.38820743560791 396
7.395092010498047 396
7.401811122894287 396
7.407681226730347 396
7.414169073104858 396
7.425516128540039 396
7.432645320892334 396
7.438183307647705 396
7.445095539093018 396
7.452051877975464 396
7.457944393157959 396
7.464604377746582 396
7.472014665603638 396
7.484063386917114 396
7.491110324859619 396
7.4970362186431885 396
7.503572225570679 396
7.510086297988892 396
7.5161895751953125 396
7.523976564407349 396
7.530994176864624 396
7.5367608070373535 396
7.543342113494873 396
7.5494842529296875 396
7.555830717086792 396
7.5627195835113525 396
7.568230867385864 396
7.576107740402222 396
7.583102703094482 396
7.588873386383057 396
7.595348119735718 396
7.6020731925964355 396
7.6079630851745605 396
7.614661455154419 396
7.621420621871948 396
7.628084421157837 396
7.635000705718994 396
7.641788005828857 396
7.647676944732666 396
7.654590845108032 396
7.66132664680481 396
7.667207717895508 396
7.674612998962402 396
7.6813225746154785 396
7.687197923660278 396
7.69382119178772 396
7.700609445571899 396
7.706485271453857 396
7.7132182121276855 396
7.719026327133179 396
7.7270708084106445 396
7.7335779666900635 396
7.740098714828491 396
7.74596643447876 396
7.753076791763306 396
7.758863925933838 396
7.766183376312256 396
7.773104429244995 396
7.7810235023498535 396
7.786923408508301 396
7.794673919677734 396
7.8015782833099365 396
7.807509183883667 396
7.8142008781433105 396
7.825793504714966 396
7.8328773975372314 396
7.838628530502319 396
7.845243215560913 396
7.8521575927734375 396
7.858023405075073 396
7.864710330963135 396
7.871586322784424 396
7.878498315811157 396
7.8850109577178955 396
7.891786813735962 396
7.897678852081299 396
7.904147386550903 396
7.9112701416015625 396
7.917172193527222 396
7.923656940460205 396
7.931583404541016 396
7.937471151351929 396
7.943896532058716 396
7.950884103775024 396
7.956630706787109 396
7.963228225708008 396
7.96904444694519 396
7.980176210403442 396
7.986184597015381 396
7.993356704711914 396
7.999475955963135 396
8.005981683731079 396
8.012874126434326 396
8.018604278564453 396
8.025076627731323 396
8.033049821853638 396
8.038825035095215 396
8.045585870742798 396
8.052668333053589 396
8.058207750320435 396
8.064932346343994 396
8.07166337966919 396
8.077589273452759 396
8.084965705871582 396
8.091779947280884 396
8.097615957260132 396
8.104058027267456 396
8.1111900806427 396
8.117127418518066 396
8.123580694198608 396
8.13121747970581 396
8.137165546417236 396
8.143693208694458 396
8.150233507156372 396
8.156180620193481 396
8.163121461868286 396
8.168922185897827 396
8.175815105438232 396
8.183422327041626 396
8.189534425735474 396
8.195829391479492 396
8.202723264694214 396
8.208234786987305 396
8.214993238449097 396
8.225559949874878 396
8.233581066131592 396
8.240170955657959 396
8.246184349060059 396
8.25326418876648 396
8.259033441543579 396
8.265617370605469 396
8.272201299667358 396
8.278102159500122 396
8.28591251373291 396
8.292998552322388 396
8.298741579055786 396
8.305349826812744 396
8.312115669250488 396
8.317997217178345 396
8.324650287628174 396
8.331621646881104 396
8.338576793670654 396
8.345083236694336 396
8.351959705352783 396
8.357831239700317 396
8.36457109451294 396
8.371334552764893 396
8.377182722091675 396
8.384631872177124 396
8.391444444656372 396
8.397347688674927 396
8.403825283050537 396
8.41158151626587 396
8.417494297027588 396
8.423927307128906 396
8.43104863166809 396
8.43769907951355 396
8.444222450256348 396
8.451236963272095 396
8.457151174545288 396
8.463651418685913 396
8.470125913619995 396
8.476219177246094 396
8.48312497138977 396
8.490921974182129 396
8.496674299240112 396
8.503275394439697 396
8.509012460708618 396
8.51559829711914 396
8.522158861160278 396
8.528027296066284 396
8.534924745559692 396
8.542740821838379 396
8.548485279083252 396
8.5549898147583 396
8.561936855316162 396
8.567826271057129 396
8.576175451278687 396
8.586183309555054 396
8.593958616256714 396
8.600889682769775 396
8.60664439201355 396
8.613254308700562 396
8.619005680084229 396
8.630049467086792 396
8.636135578155518 396
8.643995523452759 396
8.651240110397339 396
8.65714430809021 396
8.663677215576172 396
8.680574417114258 396
8.688756465911865 396
8.69569706916809 396
8.702836036682129 396
8.71160078048706 396
8.717500925064087 396
8.72478199005127 396
8.733551502227783 396
8.741288661956787 396
8.747192621231079 396
8.754621028900146 396
8.763043880462646 396
8.771899223327637 396
8.777822494506836 396
8.785326957702637 396
8.798049688339233 396
8.80582880973816 396
8.814988613128662 396
8.821922540664673 396
8.830968141555786 396
8.836812019348145 396
8.844847679138184 396
8.851639747619629 396
8.857470989227295 396
8.863930463790894 396
8.870925188064575 396
8.87744426727295 396
8.883916139602661 396
8.891032218933105 396
8.89773416519165 396
8.904460191726685 396
8.911256551742554 396
8.917135953903198 396
8.92368221282959 396
8.93022894859314 396
8.936138391494751 396
8.943805932998657 396
8.9509916305542 396
8.95682692527771 396
8.963403940200806 396
8.96952223777771 396
8.975833415985107 396
8.98273515701294 396
8.988218307495117 396
8.995976448059082 396
9.002889394760132 396
9.008599758148193 396
9.015217304229736 396
9.025741577148438 396
9.032914638519287 396
9.03864574432373 396
9.046223402023315 396
9.053344249725342 396
9.059448719024658 396
9.06574296951294 396
9.072887659072876 396
9.078655242919922 396
9.085289716720581 396
9.092049598693848 396
9.098997354507446 396
9.105705261230469 396
9.112519025802612 396
9.118114471435547 396
9.124885082244873 396
9.131820440292358 396
9.137689590454102 396
9.144181489944458 396
9.151925802230835 396
9.15779733657837 396
9.16450834274292 396
9.171257495880127 396
9.177139520645142 396
9.183616876602173 396
9.190181732177734 396
9.196229934692383 396
9.203840494155884 396
9.210965156555176 396
9.216819047927856 396
9.223407506942749 396
9.229556560516357 396
9.235816717147827 396
9.242721557617188 396
9.250041007995605 396
9.256144285202026 396
9.26311445236206 396
9.268919229507446 396
9.275531530380249 396
9.28211784362793 396
9.287995338439941 396
9.294714212417603 396
9.302659749984741 396
9.308167457580566 396
9.315090656280518 396
9.3218514919281 396
9.327743291854858 396
9.334458351135254 396
9.341407775878906 396
9.347333431243896 396
9.354927778244019 396
9.361658334732056 396
9.367518424987793 396
9.37410569190979 396
9.38109564781189 396
9.386979103088379 396
9.39345121383667 396
9.39998745918274 396
9.407127857208252 396
9.413636922836304 396
9.420203447341919 396
9.431230068206787 396
9.437182903289795 396
9.443817377090454 396
9.450546741485596 396
9.457533359527588 396
9.463966846466064 396
9.471160411834717 396
9.4770987033844 396
9.485048294067383 396
9.49196195602417 396
9.497862815856934 396
9.505524396896362 396
9.512114524841309 396
9.518012762069702 396
9.52470874786377 396
9.531429529190063 396
9.537323236465454 396
9.5437593460083 396
9.550564050674438 396
9.557565212249756 396
9.563989877700806 396
9.57093095779419 396
9.576689004898071 396
9.583280563354492 396
9.589041471481323 396
9.595693349838257 396
9.602726697921753 396
9.610103130340576 396
9.616143703460693 396
9.623063087463379 396
9.628875970840454 396
9.63534164428711 396
9.642050504684448 396
9.64792776107788 396
9.660511493682861 396
9.66663408279419 396
9.673527002334595 396
9.68003225326538 396
9.686080932617188 396
9.693076133728027 396
9.698875665664673 396
9.707362651824951 396
9.713802337646484 396
9.720612049102783 396
9.726229906082153 396
9.733329772949219 396
9.739081144332886 396
9.745798587799072 396
9.752709150314331 396
9.760043144226074 396
9.767067670822144 396
9.773574590682983 396
9.780041217803955 396
9.787293910980225 396
9.793960094451904 396
9.801076412200928 396
9.807625532150269 396
9.814653635025024 396
9.82142424583435 396
9.831871032714844 396
9.83774733543396 396
9.844616889953613 396
9.851635456085205 396
9.858481168746948 396
9.865191459655762 396
9.871922016143799 396
9.877809286117554 396
9.884535789489746 396
9.891321420669556 396
9.89725375175476 396
9.903696298599243 396
9.911625146865845 396
9.917484521865845 396
9.923931360244751 396
9.930889129638672 396
9.936680555343628 396
9.943275690078735 396
9.94901442527771 396
9.955581188201904 396
9.963285684585571 396
9.969043254852295 396
9.97586703300476 396
9.982731342315674 396
9.988472938537598 396
9.995199918746948 396
10.001952409744263 396
10.007866382598877 396
10.015242338180542 396
10.022061109542847 396
10.034183025360107 396
10.041250705718994 396
10.047172784805298 396
10.05366039276123 396
10.060208559036255 396
10.067422866821289 396
10.073879957199097 396
10.08087682723999 396
10.086643695831299 396
10.093440294265747 396
10.099975347518921 396
10.105871200561523 396
10.113475561141968 396
10.120084047317505 396
10.126169919967651 396
10.133145570755005 396
10.138991355895996 396
10.145692825317383 396
10.15274167060852 396
10.158499956130981 396
10.166069030761719 396
10.173014163970947 396
10.17873740196228 396
10.185217142105103 396
10.192009210586548 396
10.19789719581604 396
10.204637289047241 396
10.211526155471802 396
10.218498468399048 396
10.225066423416138 396
10.235562086105347 396
10.242677211761475 396
10.24821662902832 396
10.255221605300903 396
10.261976480484009 396
10.268969535827637 396
10.275786399841309 396
10.28271222114563 396
10.288202047348022 396
10.294955492019653 396
10.301746845245361 396
10.307620286941528 396
10.314069986343384 396
10.321816444396973 396
10.327728271484375 396
10.33463740348816 396
10.341371536254883 396
10.347301244735718 396
10.353780508041382 396
10.360531091690063 396
10.366164922714233 396
10.373804330825806 396
10.380591630935669 396
10.386725187301636 396
10.393470525741577 396
10.399990797042847 396
10.405886888504028 396
10.412817001342773 396
10.42008900642395 396
10.426000356674194 396
10.432883024215698 396
10.43864917755127 396
10.445089101791382 396
10.451966762542725 396
10.45785903930664 396
10.464575290679932 396
10.472110033035278 396
10.47800326347351 396
10.484650611877441 396
10.49158501625061 396
10.497504472732544 396
10.503946542739868 396
10.511075258255005 396
10.517045497894287 396
10.524529218673706 396
10.53128981590271 396
10.537171363830566 396
10.543659210205078 396
10.550458192825317 396
10.556123971939087 396
10.563042163848877 396
10.568831205368042 396
10.576637268066406 396
10.583262205123901 396
10.589024782180786 396
10.595585584640503 396
10.602168321609497 396
10.60809063911438 396
10.614872694015503 396
10.622778415679932 396
10.633099555969238 396
10.638940572738647 396
10.645861864089966 396
10.652920961380005 396
10.658703565597534 396
10.665122032165527 396
10.672951459884644 396
10.67877197265625 396
10.685296773910522 396
10.692186117172241 396
10.698101043701172 396
10.704886674880981 396
10.711647033691406 396
10.717519283294678 396
10.72490930557251 396
10.73164963722229 396
10.737515449523926 396
10.744005680084229 396
10.75114893913269 396
10.757103204727173 396
10.76453447341919 396
10.771478176116943 396
10.778204202651978 396
10.785917282104492 396
10.793105125427246 396
10.798950672149658 396
10.805751085281372 396
10.812925338745117 396
10.818710327148438 396
10.826200246810913 396
10.833131790161133 396
10.838908433914185 396
10.845509052276611 396
10.852105379104614 396
10.857970476150513 396
10.864627838134766 396
10.871544122695923 396
10.878497838973999 396
10.885005235671997 396
10.891783714294434 396
10.897648334503174 396
10.904472589492798 396
10.911276578903198 396
10.917168378829956 396
10.924622058868408 396
10.932703495025635 396
10.938220977783203 396
10.944978952407837 396
10.951771020889282 396
10.957673072814941 396
10.964180946350098 396
10.971183061599731 396
10.977871894836426 396
10.984581232070923 396
10.991472005844116 396
10.99738621711731 396
11.003817319869995 396
11.010579824447632 396
11.021358489990234 396
11.02725863456726 396
11.038881301879883 396
11.04561185836792 396
11.052787065505981 396
11.058524370193481 396
11.065189599990845 396
11.071963787078857 396
11.07784104347229 396
11.085273265838623 396
11.092003107070923 396
11.097897291183472 396
11.104613065719604 396
11.111485719680786 396
11.117422580718994 396
11.123887538909912 396
11.131534099578857 396
11.137478113174438 396
11.143909454345703 396
11.150893926620483 396
11.156677484512329 396
11.163431406021118 396
11.169572353363037 396
11.176017999649048 396
11.183733463287354 396
11.190508842468262 396
11.19646668434143 396
11.203168630599976 396
11.208994626998901 396
11.21556830406189 396
11.222140789031982 396
11.22800350189209 396
11.23587965965271 396
11.242814302444458 396
11.248561382293701 396
11.255066394805908 396
11.261810779571533 396
11.26772689819336 396
11.274230003356934 396
11.281232118606567 396
11.287925243377686 396
11.294880867004395 396
11.301634311676025 396
11.307495594024658 396
11.313904762268066 396
11.320915937423706 396
11.326686382293701 396
11.333263874053955 396
11.341030836105347 396
11.346842050552368 396
11.353583335876465 396
11.360060691833496 396
11.365945100784302 396
11.37284255027771 396
11.37861943244934 396
11.386093616485596 396
11.393064737319946 396
11.398852825164795 396
11.405317068099976 396
11.412218809127808 396
11.418115377426147 396
11.425031900405884 396
11.4367835521698 396
11.443527936935425 396
11.45005464553833 396
11.456162214279175 396
11.463231563568115 396
11.469017267227173 396
11.475825309753418 396
11.482705116271973 396
11.490017652511597 396
11.495926141738892 396
11.502797365188599 396
11.508504867553711 396
11.5150465965271 396
11.521808624267578 396
11.527687788009644 396
11.534578561782837 396
11.542014360427856 396
11.547927379608154 396
11.554782152175903 396
11.56153154373169 396
11.567407608032227 396
11.57387375831604 396
11.580820083618164 396
11.586523294448853 396
11.594133853912354 396
11.601173162460327 396
11.607108354568481 396
11.613576889038086 396
11.620058059692383 396
11.625954151153564 396
11.632892608642578 396
11.640218257904053 396
11.646104574203491 396
11.653171300888062 396
11.659008264541626 396
11.66569185256958 396
11.672520875930786 396
11.678138017654419 396
11.685038566589355 396
11.692994117736816 396
11.698731899261475 396
11.705204486846924 396
11.712095737457275 396
11.718018054962158 396
11.724696159362793 396
11.731447458267212 396
11.737336158752441 396
11.744834661483765 396
11.751626014709473 396
11.757495403289795 396
11.764867544174194 396
11.771808385848999 396
11.77770209312439 396
11.78528118133545 396
11.793264865875244 396
11.79906940460205 396
11.805870294570923 396
11.813039064407349 396
11.818836450576782 396
11.825303554534912 396
11.835608720779419 396
11.843547821044922 396
11.850072622299194 396
11.856130123138428 396
11.863185405731201 396
11.868985414505005 396
11.875570297241211 396
11.882192850112915 396
11.888088703155518 396
11.896026849746704 396
11.902932405471802 396
11.908708095550537 396
11.915182828903198 396
11.921944618225098 396
11.927829504013062 396
11.934561491012573 396
11.941437721252441 396
11.948166370391846 396
11.955100536346436 396
11.96185851097107 396
11.967728853225708 396
11.974229097366333 396
11.981239557266235 396
11.987154483795166 396
11.993654489517212 396
12.001429796218872 396
12.007357597351074 396
12.01397156715393 396
12.021049499511719 396
12.026996374130249 396
12.034981727600098 396
12.041786670684814 396
12.048837661743164 396
12.05529260635376 396
12.062022924423218 396
12.067904472351074 396
12.074803829193115 396
12.081581592559814 396
12.087480306625366 396
12.094086170196533 396
12.101926326751709 396
12.107816219329834 396
12.114550352096558 396
12.121292352676392 396
12.127134799957275 396
12.133809566497803 396
12.140539407730103 396
12.146194458007812 396
12.153834819793701 396
12.160794496536255 396
12.16649341583252 396
12.173189401626587 396
12.178997278213501 396
12.1855947971344 396
12.192664623260498 396
12.199950456619263 396
12.20606017112732 396
12.213011741638184 396
12.21875810623169 396
12.225245952606201 396
12.235795259475708 396
12.242903470993042 396
12.250454902648926 396
12.256745100021362 396
12.26343822479248 396
12.269946575164795 396
12.275859832763672 396
12.282767295837402 396
12.288476943969727 396
12.295026063919067 396
12.302908182144165 396
12.308656215667725 396
12.315271139144897 396
12.322020769119263 396
12.327910900115967 396
12.334818601608276 396
12.34158730506897 396
12.34747576713562 396
12.354920387268066 396
12.36166262626648 396
12.36752986907959 396
12.374125242233276 396
12.38116192817688 396
12.387093544006348 396
12.393579244613647 396
12.400192499160767 396
12.407386541366577 396
12.413846492767334 396
12.420793533325195 396
12.43301773071289 396
12.438841104507446 396
12.445306539535522 396
12.452036619186401 396
12.458989143371582 396
12.465832948684692 396
12.472711563110352 396
12.478472471237183 396
12.484977960586548 396
12.491947889328003 396
12.497854948043823 396
12.505347967147827 396
12.512072086334229 396
12.517972707748413 396
12.52474045753479 396
12.531461954116821 396
12.5373694896698 396
12.543814182281494 396
12.55096697807312 396
12.557769298553467 396
12.564236164093018 396
12.571236848831177 396
12.577145099639893 396
12.583638668060303 396
12.590195655822754 396
12.59620714187622 396
12.603198766708374 396
12.61110258102417 396
12.617046594619751 396
12.623577117919922 396
12.63009524345398 396
12.641010522842407 396
12.646915674209595 396
12.653606653213501 396
12.661528825759888 396
12.667439937591553 396
12.674054622650146 396
12.681053876876831 396
12.686907291412354 396
12.693447351455688 396
12.699575424194336 396
12.705842018127441 396
12.713594675064087 396
12.720082521438599 396
12.726142883300781 396
12.73323106765747 396
12.738999366760254 396
12.745734214782715 396
12.752697467803955 396
12.760013103485107 396
12.767095565795898 396
12.773600101470947 396
12.781555891036987 396
12.787470579147339 396
12.794211626052856 396
12.801380157470703 396
12.807294130325317 396
12.814808368682861 396
12.82158875465393 396
12.827493667602539 396
12.833932638168335 396
12.84092903137207 396
12.846714973449707 396
12.853485584259033 396
12.861218929290771 396
12.86712646484375 396
12.873658180236816 396
12.880236625671387 396
12.88611888885498 396
12.893075704574585 396
12.898875713348389 396
12.905276536941528 396
12.9131760597229 396
12.918997287750244 396
12.925565481185913 396
12.93216347694397 396
12.938062906265259 396
12.94479250907898 396
12.95155954360962 396
12.957438707351685 396
12.964906930923462 396
12.971816301345825 396
12.977714538574219 396
12.984629392623901 396
12.991424798965454 396
12.99730658531189 396
13.003745555877686 396
13.010567426681519 396
13.01749849319458 396
13.024007081985474 396
13.03116226196289 396
13.041610956192017 396
13.047521352767944 396
13.054097175598145 396
13.061233043670654 396
13.067953824996948 396
13.07474946975708 396
13.081426858901978 396
13.08730959892273 396
13.093906164169312 396
13.100895166397095 396
13.106651544570923 396
13.11419677734375 396
13.12122917175293 396
13.127164840698242 396
13.133649587631226 396
13.140114068984985 396
13.146024227142334 396
13.153108596801758 396
13.15892219543457 396
13.16672420501709 396
13.173298597335815 396
13.179046630859375 396
13.185693264007568 396
13.192538022994995 396
13.198154211044312 396
13.204896926879883 396
13.211823225021362 396
13.218631505966187 396
13.225101470947266 396
13.231802225112915 396
13.237667322158813 396
13.244589567184448 396
13.251311540603638 396
13.257182121276855 396
13.263650178909302 396
13.271615028381348 396
13.277551412582397 396
13.283987998962402 396
13.290944337844849 396
13.29670262336731 396
13.303322076797485 396
13.309062242507935 396
13.31568169593811 396
13.32344388961792 396
13.330035209655762 396
13.336086511611938 396
13.343022346496582 396
13.348787546157837 396
13.35523247718811 396
13.362001180648804 396
13.3688805103302 396
13.377987146377563 396
13.385891675949097 396
13.393075704574585 396
13.398858547210693 396
13.405556440353394 396
13.412195682525635 396
13.419542789459229 396
13.427178144454956 396
13.433749437332153 396
13.444199562072754 396
13.4514741897583 396
13.457392692565918 396
13.464000463485718 396
13.471733093261719 396
13.477601051330566 396
13.484055757522583 396
13.491094827651978 396
13.497000932693481 396
13.503649711608887 396
13.510186910629272 396
13.51661467552185 396
13.523956537246704 396
13.530906915664673 396
13.53666877746582 396
13.543274641036987 396
13.549037456512451 396
13.555683851242065 396
13.562230348587036 396
13.568124294281006 396
13.575863599777222 396
13.582775115966797 396
13.58849024772644 396
13.595081329345703 396
13.603247165679932 396
13.60901689529419 396
13.615824222564697 396
13.623684167861938 396
13.630503416061401 396
13.636632204055786 396
13.643252611160278 396
13.649021625518799 396
13.655686855316162 396
13.662521123886108 396
13.668133974075317 396
13.67591643333435 396
13.682845830917358 396
13.68860387802124 396
13.695230960845947 396
13.701974868774414 396
13.707862854003906 396
13.714570045471191 396
13.721335172653198 396
13.72807502746582 396
13.734809875488281 396
13.741633653640747 396
13.74751329421997 396
13.754086971282959 396
13.761267900466919 396
13.767871856689453 396
13.776653289794922 396
13.783441066741943 396
13.790002584457397 396
13.796127557754517 396
13.803211688995361 396
13.808996677398682 396
13.815812349319458 396
13.822718381881714 396
13.830029964447021 396
13.835930347442627 396
13.846013307571411 396
13.853092193603516 396
13.858885526657104 396
13.865697145462036 396
13.872819900512695 396
13.880228996276855 396
13.886167764663696 396
13.893253326416016 396
13.899022340774536 396
13.905722856521606 396
13.912639141082764 396
13.91818618774414 396
13.924926042556763 396
13.93307375907898 396
13.938859939575195 396
13.94531774520874 396
13.952057838439941 396
13.957945108413696 396
13.964621543884277 396
13.971322774887085 396
13.97799015045166 396
13.984720468521118 396
13.991605281829834 396
13.99751091003418 396
14.00393033027649 396
14.010922908782959 396
14.016713380813599 396
14.023466110229492 396
14.031274318695068 396
14.037171840667725 396
14.043652534484863 396
14.050173282623291 396
14.056185960769653 396
14.063122749328613 396
14.06891655921936 396
14.075546741485596 396
14.083275556564331 396
14.089008808135986 396
14.095614671707153 396
14.102210998535156 396
14.108114004135132 396
14.115031957626343 396
14.121782302856445 396
14.127686262130737 396
14.135134220123291 396
14.14189338684082 396
14.147769212722778 396
14.154666900634766 396
14.161430835723877 396
14.167336225509644 396
14.173971176147461 396
14.181649446487427 396
14.187611103057861 396
14.194042921066284 396
14.201038360595703 396
14.20701789855957 396
14.213534116744995 396
14.220069885253906 396
14.225922346115112 396
14.233847379684448 396
14.244496583938599 396
14.251391887664795 396
14.257312297821045 396
14.263927459716797 396
14.271069288253784 396
14.276976108551025 396
14.284672737121582 396
14.291592121124268 396
14.297509908676147 396
14.303935766220093 396
14.31092381477356 396
14.316697835922241 396
14.323347091674805 396
14.329078435897827 396
14.337014198303223 396
14.34350848197937 396
14.350054740905762 396
14.35614538192749 396
14.363064289093018 396
14.368848323822021 396
14.375334024429321 396
14.382099866867065 396
14.389068603515625 396
14.395793914794922 396
14.402732133865356 396
14.408495664596558 396
14.415217161178589 396
14.42196249961853 396
14.427848100662231 396
14.43711256980896 396
14.443620920181274 396
14.45012378692627 396
14.456013679504395 396
14.462948083877563 396
14.468796253204346 396
14.475536584854126 396
14.482117652893066 396
14.489052295684814 396
14.495750188827515 396
14.502736806869507 396
14.508221626281738 396
14.514955043792725 396
14.521787881851196 396
14.527689933776855 396
14.534600257873535 396
14.542667865753174 396
14.548216104507446 396
14.554957389831543 396
14.561692953109741 396
14.567596435546875 396
14.574053764343262 396
14.58105182647705 396
14.58770489692688 396
14.59466004371643 396
14.601457834243774 396
14.607380628585815 396
14.613806247711182 396
14.620563507080078 396
14.626502752304077 396
14.633224487304688 396
14.644479751586914 396
14.6515052318573 396
14.65745496749878 396
14.664045333862305 396
14.671289682388306 396
14.677188396453857 396
14.683685779571533 396
14.691460132598877 396
14.697384595870972 396
14.703859090805054 396
14.71096396446228 396
14.716765403747559 396
14.723365068435669 396
14.729480504989624 396
14.735812664031982 396
14.743480443954468 396
14.750030755996704 396
14.75594449043274 396
14.76355242729187 396
14.77012324333191 396
14.77742624282837 396
14.78401803970337 396
14.791820049285889 396
14.7977614402771 396
14.804823398590088 396
14.811573505401611 396
14.817475080490112 396
14.823937892913818 396
14.831059217453003 396
14.843066930770874 396
14.848925590515137 396
14.85553503036499 396
14.86211609840393 396
14.867969751358032 396
14.874656677246094 396
14.881438732147217 396
14.887382745742798 396
14.894900798797607 396
14.901670217514038 396
14.907571077346802 396
14.913993120193481 396
14.920997381210327 396
14.926771402359009 396
14.933516025543213 396
14.940053939819336 396
14.947204828262329 396
14.953852415084839 396
14.960792779922485 396
14.966617345809937 396
14.973266124725342 396
14.979027271270752 396
14.985713005065918 396
14.992522478103638 396
14.99998688697815 396
15.005871772766113 396
15.01299524307251 396
15.018769025802612 396
15.025308609008789 396
15.032039642333984 396
15.037933588027954 396
15.050015211105347 396
15.056079626083374 396
15.063228845596313 396
15.069008111953735 396
15.075910806655884 396
15.082845687866211 396
15.088595867156982 396
15.095055103302002 396
15.102999687194824 396
15.108773946762085 396
15.115245342254639 396
15.121997833251953 396
15.12788438796997 396
15.134785890579224 396
15.141583919525146 396
15.148232221603394 396
15.155025720596313 396
15.161813259124756 396
15.167675256729126 396
15.174138307571411 396
15.181174039840698 396
15.187138319015503 396
15.19386076927185 396
15.201663494110107 396
15.207562446594238 396
15.21399474143982 396
15.220942258834839 396
15.226726055145264 396
15.233337879180908 396
15.239439964294434 396
15.245791673660278 396
15.253654479980469 396
15.260186433792114 396
15.26611614227295 396
15.273073434829712 396
15.278892040252686 396
15.285489797592163 396
15.292074918746948 396
15.297995328903198 396
15.305322885513306 396
15.312209606170654 396
15.318094968795776 396
15.32504153251648 396
15.331812143325806 396
15.337672472000122 396
15.344152688980103 396
15.351859331130981 396
15.357765674591064 396
15.36447811126709 396
15.371394395828247 396
15.377299785614014 396
15.383753061294556 396
15.390528440475464 396
15.396183013916016 396
15.403850793838501 396
15.4108567237854 396
15.416629552841187 396
15.423230171203613 396
15.429040908813477 396
15.43585729598999 396
15.4460768699646 396
15.454062461853027 396
15.461195707321167 396
15.46713376045227 396
15.4737389087677 396
15.480581283569336 396
15.486216068267822 396
15.49333643913269 396
15.499462127685547 396
15.507052659988403 396
15.51359224319458 396
15.520108699798584 396
15.525954008102417 396
15.532891035079956 396
15.538613319396973 396
15.54509449005127 396
15.551995038986206 396
15.559024095535278 396
15.565603256225586 396
15.572222232818604 396
15.57815933227539 396
15.58506965637207 396
15.59179162979126 396
15.59768295288086 396
15.605217218399048 396
15.612132787704468 396
15.618031024932861 396
15.624703645706177 396
15.631475448608398 396
15.637387037277222 396
15.643811464309692 396
15.650612354278564 396
15.65748929977417 396
15.663952350616455 396
15.671073913574219 396
15.676969528198242 396
15.683471202850342 396
15.690057754516602 396
15.695947170257568 396
15.702901601791382 396
15.71049165725708 396
15.71663498878479 396
15.723272562026978 396
15.729008436203003 396
15.735820293426514 396
15.742742538452148 396
15.748478412628174 396
15.754992723464966 396
15.763551712036133 396
15.7700936794281 396
15.777296543121338 396
15.78384518623352 396
15.790614128112793 396
15.796997785568237 396
15.803665161132812 396
15.811448097229004 396
15.817343950271606 396
15.823796272277832 396
15.830606460571289 396
15.836510181427002 396
15.843373537063599 396
15.85389757156372 396
15.861822843551636 396
15.867716789245605 396
15.874595642089844 396
15.881377220153809 396
15.88729190826416 396
15.893731355667114 396
15.900567054748535 396
15.9062180519104 396
15.914015054702759 396
15.920984745025635 396
15.926752090454102 396
15.933342933654785 396
15.93944787979126 396
15.94713020324707 396
15.953838586807251 396
15.961618185043335 396
15.96751856803894 396
15.974122524261475 396
15.981119632720947 396
15.987056732177734 396
15.99356484413147 396
16.000115394592285 396
16.00598955154419 396
16.01682186126709 396
16.023456811904907 396
16.030028104782104 396
16.036104679107666 396
16.043050289154053 396
16.04886245727539 396
16.055293560028076 396
16.0631844997406 396
16.06898808479309 396
16.075589895248413 396
16.082159519195557 396
16.088045358657837 396
16.09495997428894 396
16.101881742477417 396
16.107805013656616 396
16.115350484848022 396
16.122093439102173 396
16.127988815307617 396
16.134634017944336 396
16.141369104385376 396
16.14728593826294 396
16.15387535095215 396
16.160863399505615 396
16.167478561401367 396
16.17396116256714 396
16.180931568145752 396
16.186760187149048 396
16.193345069885254 396
16.199445962905884 396
16.205787897109985 396
16.212831020355225 396
16.22018575668335 396
16.2261004447937 396
16.23315930366516 396
16.23897647857666 396
16.24959635734558 396
16.262086629867554 396
16.27194595336914 396
16.277832984924316 396
16.284554719924927 396
16.29133629798889 396
16.29723048210144 396
16.303712844848633 396
16.31046748161316 396
16.317319869995117 396
16.32381558418274 396
16.330604076385498 396
16.33674144744873 396
16.343332052230835 396
16.349488019943237 396
16.355812549591064 396
16.362865447998047 396
16.370211124420166 396
16.37613320350647 396
16.38309335708618 396
16.388898372650146 396
16.395700454711914 396
16.402628660202026 396
16.408204793930054 396
16.414944171905518 396
16.42289686203003 396
16.42863893508911 396
16.435086727142334 396
16.441806077957153 396
16.44767141342163 396
16.45454692840576 396
16.461301565170288 396
16.467877864837646 396
16.474595308303833 396
16.481321334838867 396
16.487212657928467 396
16.493805170059204 396
16.5006000995636 396
16.506468296051025 396
16.513326168060303 396
16.52115559577942 396
16.527096033096313 396
16.533578634262085 396
16.54006290435791 396
16.545978546142578 396
16.552884340286255 396
16.558618545532227 396
16.56510066986084 396
16.57306456565857 396
16.578852891921997 396
16.585320949554443 396
16.592046976089478 396
16.59794569015503 396
16.604666471481323 396
16.611422061920166 396
16.617292404174805 396
16.624900341033936 396
16.631813287734985 396
16.637709140777588 396
16.644500017166138 396
16.654727697372437 396
16.661592721939087 396
16.667499542236328 396
16.674973964691162 396
16.68170666694641 396
16.687591552734375 396
16.6941978931427 396
16.701221704483032 396
16.70713520050049 396
16.713629007339478 396
16.720149040222168 396
16.727258443832397 396
16.733710289001465 396
16.74048662185669 396
16.746134519577026 396
16.753235816955566 396
16.759021997451782 396
16.766702890396118 396
16.77508568763733 396
16.781952381134033 396
16.787837505340576 396
16.794730186462402 396
16.801591157913208 396
16.80748414993286 396
16.81407141685486 396
16.82109498977661 396
16.82783079147339 396
16.834519147872925 396
16.842770099639893 396
16.84857988357544 396
16.855096340179443 396
16.861804962158203 396
16.86768889427185 396
16.87521743774414 396
16.88218593597412 396
16.888084173202515 396
16.894883394241333 396
16.90164828300476 396
16.90752649307251 396
16.914016723632812 396
16.921050786972046 396
16.92777395248413 396
16.93475890159607 396
16.94145441055298 396
16.94734215736389 396
16.95382285118103 396
16.960607767105103 396
16.966526746749878 396
16.973212003707886 396
16.9810209274292 396
16.986777782440186 396
16.993552923202515 396
17.000072956085205 396
17.005980491638184 396
17.013052701950073 396
17.018898248672485 396
17.02555513381958 396
17.03331756591797 396
17.039047479629517 396
17.045724391937256 396
17.056514978408813 396
17.0633602142334 396
17.0694682598114 396
17.075944185256958 396
17.083842039108276 396
17.090805292129517 396
17.096524715423584 396
17.10325026512146 396
17.109009265899658 396
17.115812063217163 396
17.122687578201294 396
17.129966735839844 396
17.135860919952393 396
17.14290499687195 396
17.14866065979004 396
17.15512180328369 396
17.161864519119263 396
17.16774296760559 396
17.174647092819214 396
17.182104110717773 396
17.18798303604126 396
17.194671869277954 396
17.201385259628296 396
17.207279443740845 396
17.213832139968872 396
17.22061562538147 396
17.22652292251587 396
17.23395609855652 396
17.240926504135132 396
17.24670934677124 396
17.253326177597046 396
17.26517939567566 396
17.272188663482666 396
17.278106451034546 396
17.285850763320923 396
17.292919397354126 396
17.298701286315918 396
17.305212020874023 396
17.31196665763855 396
17.31786584854126 396
17.324584484100342 396
17.331310987472534 396
17.33802628517151 396
17.34470295906067 396
17.351598978042603 396
17.357499361038208 396
17.363914966583252 396
17.370922088623047 396
17.376691579818726 396
17.38329315185547 396
17.391129970550537 396
17.397088766098022 396
17.403730630874634 396
17.410605430603027 396
17.416749715805054 396
17.423322439193726 396
17.429061889648438 396
17.437007427215576 396
17.443523645401 396
17.45385217666626 396
17.46101713180542 396
17.46683692932129 396
17.473660707473755 396
17.48020029067993 396
17.48749279975891 396
17.493919134140015 396
17.500881910324097 396
17.506670236587524 396
17.513257265090942 396
17.519057512283325 396
17.52568221092224 396
17.532735347747803 396
17.53995633125305 396
17.545902729034424 396
17.552823781967163 396
17.558584451675415 396
17.56506896018982 396
17.57179546356201 396
17.577733993530273 396
17.584223747253418 396
17.592058181762695 396
17.597938537597656 396
17.604725122451782 396
17.61146640777588 396
17.617380619049072 396
17.623830318450928 396
17.63084387779236 396
17.636624336242676 396
17.64396834373474 396
17.651061058044434 396
17.657013416290283 396
17.66366982460022 396
17.670445919036865 396
17.67611050605774 396
17.68301010131836 396
17.690824270248413 396
17.696620225906372 396
17.703243017196655 396
17.708999633789062 396
17.715816259384155 396
17.722702503204346 396
17.728208780288696 396
17.734946727752686 396
17.742860794067383 396
17.748632431030273 396
17.755091905593872 396
17.76183009147644 396
17.768664836883545 396
17.77530264854431 396
17.78334641456604 396
17.78948450088501 396
17.79722833633423 396
17.803841590881348 396
17.810797691345215 396
17.81652331352234 396
17.823200464248657 396
17.828999042510986 396
17.83580231666565 396
17.843499660491943 396
17.853004455566406 396
17.860595703125 396
17.86670684814453 396
17.87346625328064 396
17.88002896308899 396
17.886112928390503 396
17.89399218559265 396
17.90100598335266 396
17.906794548034668 396
17.913418769836426 396
17.919565677642822 396
17.92600679397583 396
17.932932376861572 396
17.9386727809906 396
17.946168422698975 396
17.953259468078613 396
17.95902943611145 396
17.965701580047607 396
17.972519874572754 396
17.97815465927124 396
17.984914779663086 396
17.99170184135437 396
17.99860954284668 396
18.00503969192505 396
18.011936902999878 396
18.0178964138031 396
18.024608612060547 396
18.031375646591187 396
18.037271738052368 396
18.043684482574463 396
18.05161190032959 396
18.05749225616455 396
18.063947677612305 396
18.071059942245483 396
18.07702088356018 396
18.08353900909424 396
18.09004235267639 396
18.097158670425415 396
18.103710412979126 396
18.110471725463867 396
18.116153955459595 396
18.123081922531128 396
18.12888526916504 396
18.13568425178528 396
18.14218258857727 396
18.149465084075928 396
18.15582036972046 396
18.162723779678345 396
18.16849136352539 396
18.175004243850708 396
18.181947469711304 396
18.187852382659912 396
18.194709300994873 396
18.202133417129517 396
18.208027124404907 396
18.21475315093994 396
18.221442699432373 396
18.227330923080444 396
18.233784198760986 396
18.24055814743042 396
18.246198415756226 396
18.258156299591064 396
18.26503324508667 396
18.271971702575684 396
18.27786087989807 396
18.284682512283325 396
18.29142427444458 396
18.29738759994507 396
18.304966926574707 396
18.311893463134766 396
18.317804098129272 396
18.32455086708069 396
18.331298351287842 396
18.337172985076904 396
18.343671560287476 396
18.351456880569458 396
18.35736107826233 396
18.363816499710083 396
18.370593547821045 396
18.37671732902527 396
18.38333010673523 396
18.389071702957153 396
18.395612478256226 396
18.403362274169922 396
18.40993070602417 396
18.416104078292847 396
18.42308759689331 396
18.42889952659607 396
18.435730457305908 396
18.442809104919434 396
18.450445413589478 396
18.457392692565918 396
18.46386456489563 396
18.470804691314697 396
18.476532697677612 396
18.483227014541626 396
18.489035606384277 396
18.495858907699585 396
18.503533363342285 396
18.51006293296814 396
18.51602840423584 396
18.52292251586914 396
18.52864670753479 396
18.535109519958496 396
18.54181981086731 396
18.547690629959106 396
18.555336952209473 396
18.56207513809204 396
18.56797766685486 396
18.574896335601807 396
18.58164691925049 396
18.587520599365234 396
18.59396004676819 396
18.600956678390503 396
18.607747077941895 396
18.61475133895874 396
18.621438026428223 396
18.627391576766968 396
18.633851289749146 396
18.640801906585693 396
18.646510124206543 396
18.657771587371826 396
18.664723873138428 396
18.671690702438354 396
18.677594423294067 396
18.684221267700195 396
18.69123101234436 396
18.697131872177124 396
18.703768253326416 396
18.711609840393066 396
18.71751832962036 396
18.72394609451294 396
18.731077194213867 396
18.737040042877197 396
18.743565559387207 396
18.750101327896118 396
18.757099628448486 396
18.76461672782898 396
18.771400928497314 396
18.77804684638977 396
18.784948587417603 396
18.792006969451904 396
18.79790449142456 396
18.804744243621826 396
18.81215786933899 396
18.818069458007812 396
18.824865341186523 396
18.831794261932373 396
18.83766794204712 396
18.84414052963257 396
18.851304054260254 396
18.85793924331665 396
18.864706993103027 396
18.87143874168396 396
18.877378463745117 396
18.88383150100708 396
18.890607595443726 396
18.896486043930054 396
18.90322208404541 396
18.911189317703247 396
18.91711163520813 396
18.92358112335205 396
18.93011736869812 396
18.936036825180054 396
18.942941665649414 396
18.948692083358765 396
18.955135107040405 396
18.963236570358276 396
18.969011306762695 396
18.97584366798401 396
18.982717275619507 396
18.988471746444702 396
18.995017528533936 396
19.00178623199463 396
19.007659196853638 396
19.01520013809204 396
19.02201533317566 396
19.02789330482483 396
19.03475308418274 396
19.041476488113403 396
19.047398805618286 396
19.057737112045288 396
19.065605401992798 396
19.072757244110107 396
19.078509092330933 396
19.08515691757202 396
19.092089414596558 396
19.098003387451172 396
19.10463786125183 396
19.111369371414185 396
19.118019580841064 396
19.124767780303955 396
19.131465196609497 396
19.13737964630127 396
19.143841981887817 396
19.1510112285614 396
19.156829357147217 396
19.164077281951904 396
19.17109489440918 396
19.177014350891113 396
19.183523654937744 396
19.190030097961426 396
19.19594717025757 396
19.202839851379395 396
19.208604335784912 396
19.216228246688843 396
19.223306894302368 396
19.22905707359314 396
19.235737562179565 396
19.24264693260193 396
19.2481849193573 396
19.254934072494507 396
19.26170802116394 396
19.269932985305786 396
19.276029586791992 396
19.282936811447144 396
19.288666248321533 396
19.295191526412964 396
19.301949501037598 396
19.307859182357788 396
19.314536571502686 396
19.322121381759644 396
19.328025341033936 396
19.33490753173828 396
19.34162998199463 396
19.347541570663452 396
19.35417652130127 396
19.361185312271118 396
19.367897033691406 396
19.37461280822754 396
19.381392002105713 396
19.387279748916626 396
19.39387011528015 396
19.400821685791016 396
19.406635999679565 396
19.41325068473816 396
19.42092537879944 396
19.42668628692627 396
19.4333016872406 396
19.439030647277832 396
19.445680141448975 396
19.452719926834106 396
19.463117837905884 396
19.471029043197632 396
19.476973056793213 396
19.483739614486694 396
19.49060320854187 396
19.496232271194458 396
19.503138065338135 396
19.508933305740356 396
19.515812158584595 396
19.523443460464478 396
19.52994728088379 396
19.535823583602905 396
19.542747497558594 396
19.54823589324951 396
19.554970264434814 396
19.561772346496582 396
19.567625522613525 396
19.575261116027832 396
19.58201813697815 396
19.5878963470459 396
19.594590663909912 396
19.60139751434326 396
19.607293605804443 396
19.613851070404053 396
19.62146759033203 396
19.627523183822632 396
19.63411283493042 396
19.641088247299194 396
19.6469144821167 396
19.653488636016846 396
19.65999460220337 396
19.66587781906128 396
19.673563241958618 396
19.685494899749756 396
19.692660331726074 396
19.698190927505493 396
19.70491909980774 396
19.711737155914307 396
19.717719793319702 396
19.725482940673828 396
19.732117176055908 396
19.738017559051514 396
19.744894981384277 396
19.751808643341064 396
19.75768780708313 396
19.765127420425415 396
19.771917581558228 396
19.78096055984497 396
19.786760091781616 396
19.79349160194397 396
19.800047636032104 396
19.806138038635254 396
19.813226461410522 396
19.81901502609253 396
19.82690715789795 396
19.83344316482544 396
19.839932441711426 396
19.845847606658936 396
19.852774143218994 396
19.863257884979248 396
19.869046926498413 396
19.87717080116272 396
19.883840084075928 396
19.890794277191162 396
19.896517038345337 396
19.903202295303345 396
19.90898823738098 396
19.915568590164185 396
19.9221613407135 396
19.929509162902832 396
19.935970067977905 396
19.942904233932495 396
19.948694467544556 396
19.955126762390137 396
19.9618923664093 396
19.967787504196167 396
19.974504470825195 396
19.982059001922607 396
19.987982988357544 396
19.994845151901245 396
20.001802921295166 396
20.007720947265625 396
20.014497756958008 396
20.021305561065674 396
20.02793860435486 396
20.034679651260376 396
20.041460037231445 396
20.047380924224854 396
20.053990364074707 396
20.060924768447876 396
20.066717386245728 396
20.073336362838745 396
20.081159353256226 396
20.087120294570923 396
20.093786001205444 396
20.100542306900024 396
20.106178283691406 396
20.113252878189087 396
20.119024515151978 396
20.125680208206177 396
20.13360285758972 396
20.140082120895386 396
20.145954370498657 396
20.1528902053833 396
20.158641576766968 396
20.165127515792847 396
20.171993732452393 396
20.177884817123413 396
20.18535876274109 396
20.192073583602905 396
20.197954893112183 396
20.204622745513916 396
20.211399793624878 396
20.21727418899536 396
20.22369933128357 396
20.231390714645386 396
20.237393379211426 396
20.243847370147705 396
20.250818490982056 396
20.261143684387207 396
20.26732110977173 396
20.273955583572388 396
20.281081914901733 396
20.287777423858643 396
20.29466438293457 396
20.30141806602478 396
20.307337045669556 396
20.313796997070312 396
20.320560693740845 396
20.32622218132019 396
20.333980560302734 396
20.340983152389526 396
20.346752405166626 396
20.35349416732788 396
20.3599853515625 396
20.365885257720947 396
20.372780799865723 396
20.378565073013306 396
20.386088848114014 396
20.393162965774536 396
20.398987293243408 396
20.405696153640747 396
20.412744760513306 396
20.418494939804077 396
20.425007820129395 396
20.431776762008667 396
20.43871021270752 396
20.445191621780396 396
20.451948165893555 396
20.45784878730774 396
20.464556455612183 396
20.471468210220337 396
20.477384090423584 396
20.483816385269165 396
20.491636753082275 396
20.49750781059265 396
20.503923892974854 396
20.510902643203735 396
20.516680240631104 396
20.52347731590271 396
20.530043601989746 396
20.537364721298218 396
20.543860912322998 396
20.550830841064453 396
20.55661940574646 396
20.56324338912964 396
20.568995475769043 396
20.575604677200317 396
20.582197666168213 396
20.589540719985962 396
20.595961332321167 396
20.60293173789978 396
20.608668327331543 396
20.615114212036133 396
20.6218581199646 396
20.627737283706665 396
20.63451337814331 396
20.64203929901123 396
20.647897481918335 396
20.654808044433594 396
20.66511845588684 396
20.67197823524475 396
20.677903413772583 396
20.68480086326599 396
20.6929190158844 396
20.698610067367554 396
20.70504355430603 396
20.71196985244751 396
20.717841625213623 396
20.724536180496216 396
20.731294631958008 396
20.737186431884766 396
20.74468469619751 396
20.751434564590454 396
20.757336854934692 396
20.7647123336792 396
20.77161192893982 396
20.778454542160034 396
20.785184383392334 396
20.79326057434082 396
20.799030542373657 396
20.80585527420044 396
20.812744855880737 396
20.818227529525757 396
20.825002431869507 396
20.83194398880005 396
20.837820291519165 396
20.84527850151062 396
20.852055072784424 396
20.857933521270752 396
20.86460781097412 396
20.871309280395508 396
20.877230167388916 396
20.88368248939514 396
20.89045810699463 396
20.89752197265625 396
20.903934001922607 396
20.91108751296997 396
20.91702699661255 396
20.923530340194702 396
20.93003797531128 396
20.935940980911255 396
20.9436936378479 396
20.950495958328247 396
20.956627130508423 396
20.96384620666504 396
20.97060489654541 396
20.9764883518219 396
20.983165740966797 396
20.989006996154785 396
20.996761083602905 396
21.003365993499756 396
21.009502410888672 396
21.02079963684082 396
21.026508331298828 396
21.03321123123169 396
21.03902292251587 396
21.047107934951782 396
21.053582191467285 396
21.06303071975708 396
21.070618629455566 396
21.077000617980957 396
21.08363151550293 396
21.09016251564026 396
21.097399473190308 396
21.10386347770691 396
21.110796213150024 396
21.128570079803467 396
21.13524889945984 396
21.142732620239258 396
21.158173084259033 396
21.166113138198853 396
21.17521095275879 396
21.183489561080933 396
21.191188097000122 396
21.204745769500732 396
21.21462655067444 396
21.222231149673462 396
21.23283553123474 396
21.238569974899292 396
21.247730255126953 396
21.257349252700806 396
21.264801740646362 396
21.27292490005493 396
21.2868332862854 396
21.293452978134155 396
21.30293893814087 396
21.31015157699585 396
21.316463947296143 396
21.327155828475952 396
21.334577322006226 396
21.343389987945557 396
21.352052211761475 396
21.357937335968018 396
21.37203288078308 396
21.381843328475952 396
21.390949249267578 396
21.398178815841675 396
21.407315015792847 396
21.41418766975403 396
21.42122793197632 396
21.429064750671387 396
21.435914278030396 396
21.443368196487427 396
21.452033519744873 396
21.457921266555786 396
21.46874165534973 396
21.477888345718384 396
21.484784603118896 396
21.49181365966797 396
21.500587224960327 396
21.506475687026978 396
21.513242721557617 396
21.520933389663696 396
21.5286808013916 396
21.535199880599976 396
21.541969299316406 396
21.547858953475952 396
21.555549144744873 396
21.564614295959473 396
21.57140064239502 396
21.57729697227478 396
21.584675788879395 396
21.593482494354248 396
21.600030660629272 396
21.605961561203003 396
21.613746643066406 396
21.62145447731018 396
21.629581451416016 396
21.635881423950195 396
21.64284324645996 396
21.6500563621521 396
21.65599250793457 396
21.66487455368042 396
21.67180633544922 396
21.67770552635193 396
21.685118675231934 396
21.69402027130127 396
21.70104718208313 396
21.706911325454712 396
21.71415376663208 396
21.721850156784058 396
21.73102903366089 396
21.736973762512207 396
21.74351692199707 396
21.751219034194946 396
21.7590069770813 396
21.766738891601562 396
21.773343324661255 396
21.781460523605347 396
21.790048599243164 396
21.796504259109497 396
21.803385019302368 396
21.812031507492065 396
21.817943334579468 396
21.82483172416687 396
21.832656860351562 396
21.84108304977417 396
21.84697937965393 396
21.853627681732178 396
21.860187292099 396
21.87104368209839 396
21.87691879272461 396
21.883615493774414 396
21.891528844833374 396
21.897461652755737 396
21.903910636901855 396
21.911036729812622 396
21.91691255569458 396
21.92344045639038 396
21.929990768432617 396
21.93588399887085 396
21.94355821609497 396
21.950071811676025 396
21.956156253814697 396
21.963104009628296 396
21.968923091888428 396
21.975733995437622 396
21.982710599899292 396
21.988223552703857 396
21.99590301513672 396
22.00279951095581 396
22.008543491363525 396
22.015085697174072 396
22.02186107635498 396
22.027739763259888 396
22.034681797027588 396
22.042215585708618 396
22.048168659210205 396
22.05490279197693 396
22.061644077301025 396
22.067525625228882 396
22.073974132537842 396
22.081085443496704 396
22.08701252937317 396
22.09470272064209 396
22.10143733024597 396
22.107377767562866 396
22.113818883895874 396
22.12060546875 396
22.12645697593689 396
22.133167505264282 396
22.13898539543152 396
22.14671301841736 396
22.153472185134888 396
22.160003423690796 396
22.165910482406616 396
22.172796487808228 396
22.178614616394043 396
22.18508505821228 396
22.191787004470825 396
22.198742151260376 396
22.20521879196167 396
22.212146759033203 396
22.218005657196045 396
22.224657773971558 396
22.23699975013733 396
22.243534326553345 396
22.25123929977417 396
22.257134437561035 396
22.263644456863403 396
22.274231433868408 396
22.281382083892822 396
22.287311553955078 396
22.293934106826782 396
22.30175256729126 396
22.30760145187378 396
22.314049243927002 396
22.32110857963562 396
22.327023029327393 396
22.333655834197998 396
22.34018349647522 396
22.347440719604492 396
22.353924036026 396
22.360905647277832 396
22.366677284240723 396
22.373263835906982 396
22.379042148590088 396
22.385712385177612 396
22.392760515213013 396
22.400062561035156 396
22.405956268310547 396
22.4128999710083 396
22.418652296066284 396
22.425137996673584 396
22.43188500404358 396
22.437771797180176 396
22.44449782371521 396
22.452202081680298 396
22.45811700820923 396
22.46488094329834 396
22.471801280975342 396
22.477710008621216 396
22.48422336578369 396
22.491243839263916 396
22.497127771377563 396
22.504639148712158 396
22.51157021522522 396
22.517472743988037 396
22.523911476135254 396
22.53089690208435 396
22.53667163848877 396
22.543298482894897 396
22.551077604293823 396
22.557021379470825 396
22.563507318496704 396
22.570048809051514 396
22.576117753982544 396
22.5830180644989 396
22.588769674301147 396
22.595284461975098 396
22.603214979171753 396
22.608993530273438 396
22.615574598312378 396
22.622171878814697 396
22.62807536125183 396
22.63498044013977 396
22.641706466674805 396
22.647577047348022 396
22.655107975006104 396
22.661824464797974 396
22.672547101974487 396
22.67820405960083 396
22.685080766677856 396
22.692049741744995 396
22.697932958602905 396
22.705687761306763 396
22.712230682373047 396
22.7181453704834 396
22.724947690963745 396
22.731849193572998 396
22.737738847732544 396
22.744229793548584 396
22.751381635665894 396
22.758126258850098 396
22.7657790184021 396
22.77267026901245 396
22.77819323539734 396
22.785792350769043 396
22.792861938476562 396
22.798606157302856 396
22.806195735931396 396
22.813270568847656 396
22.819064140319824 396
22.825684547424316 396
22.832541465759277 396
22.838156938552856 396
22.844921112060547 396
22.851669788360596 396
22.858611583709717 396
22.86523962020874 396
22.872159242630005 396
22.878021240234375 396
22.884730577468872 396
22.891462326049805 396
22.897377252578735 396
22.903833627700806 396
22.911645650863647 396
22.917514085769653 396
22.92397975921631 396
22.931162118911743 396
22.937094926834106 396
22.94360375404358 396
22.9501211643219 396
22.957210779190063 396
22.963714361190796 396
22.97044563293457 396
22.976114988327026 396
22.983049154281616 396
22.988874673843384 396
22.99568462371826 396
23.00220489501953 396
23.009485006332397 396
23.015831470489502 396
23.022781372070312 396
23.028528451919556 396
23.03502106666565 396
23.041780471801758 396
23.04769015312195 396
23.054609060287476 396
23.062169075012207 396
23.072675704956055 396
23.078207969665527 396
23.085110425949097 396
23.092005252838135 396
23.097892999649048 396
23.104732513427734 396
23.112793445587158 396
23.118547916412354 396
23.125263690948486 396
23.13200569152832 396
23.137885570526123 396
23.144567012786865 396
23.151320695877075 396
23.157182693481445 396
23.16464853286743 396
23.171525239944458 396
23.177481412887573 396
23.183947563171387 396
23.190943002700806 396
23.196759700775146 396
23.203333139419556 396
23.209439516067505 396
23.216977834701538 396
23.2234787940979 396
23.23004460334778 396
23.236164331436157 396
23.24308443069458 396
23.248884677886963 396
23.255690336227417 396
23.26343059539795 396
23.26956009864807 396
23.275832176208496 396
23.282721042633057 396
23.288209915161133 396
23.2979679107666 396
23.310205459594727 396
23.317472457885742 396
23.32392954826355 396
23.33091640472412 396
23.336699962615967 396
23.343314170837402 396
23.349062204360962 396
23.355860471725464 396
23.362728357315063 396
23.3700692653656 396
23.375974416732788 396
23.38309073448181 396
23.38888192176819 396
23.39534854888916 396
23.402156352996826 396
23.408051252365112 396
23.415976524353027 396
23.42292308807373 396
23.428707122802734 396
23.435227632522583 396
23.442028999328613 396
23.447922468185425 396
23.45488953590393 396
23.461656093597412 396
23.473372220993042 396
23.481285095214844 396
23.487178325653076 396
23.493816375732422 396
23.50061798095703 396
23.506788969039917 396
23.513548851013184 396
23.52135157585144 396
23.527239322662354 396
23.53384518623352 396
23.54082202911377 396
23.546514987945557 396
23.55322790145874 396
23.55899930000305 396
23.565531969070435 396
23.573251008987427 396
23.579035758972168 396
23.585683345794678 396
23.592733144760132 396
23.598463535308838 396
23.604976654052734 396
23.611759424209595 396
23.618597984313965 396
23.62506127357483 396
23.631798267364502 396
23.637657165527344 396
23.644559621810913 396
23.651517629623413 396
23.6574125289917 396
23.663875102996826 396
23.671645641326904 396
23.677552938461304 396
23.683969974517822 396
23.690955877304077 396
23.696725130081177 396
23.703306674957275 396
23.709060668945312 396
23.71583080291748 396
23.723567008972168 396
23.730066776275635 396
23.735987186431885 396
23.74290132522583 396
23.7486469745636 396
23.755094289779663 396
23.761828184127808 396
23.770140171051025 396
23.776549100875854 396
23.783971071243286 396
23.791149377822876 396
23.797113180160522 396
23.803773880004883 396
23.810550212860107 396
23.816195726394653 396
23.823862075805664 396
23.83094835281372 396
23.836772680282593 396
23.84337854385376 396
23.84947943687439 396
23.855778217315674 396
23.862671375274658 396
23.868210792541504 396
23.880534887313843 396
23.886631965637207 396
23.893545627593994 396
23.900057554244995 396
23.90621590614319 396
23.91315197944641 396
23.918946504592896 396
23.926721811294556 396
23.933297157287598 396
23.939067602157593 396
23.94570779800415 396
23.952765941619873 396
23.958504676818848 396
23.96503257751465 396
23.971792221069336 396
23.978626251220703 396
23.98510456085205 396
23.99182963371277 396
23.997703790664673 396
24.00420069694519 396
24.011367321014404 396
24.017280101776123 396
24.02479100227356 396
24.031692266464233 396
24.037614345550537 396
24.044084310531616 396
24.051044940948486 396
24.0569167137146 396
24.063446521759033 396
24.07000422477722 396
24.077354431152344 396
24.083834171295166 396
24.0906023979187 396
24.096513271331787 396
24.10321879386902 396
24.10898184776306 396
24.115554094314575 396
24.12215495109558 396
24.12906527519226 396
24.135849237442017 396
24.14274525642395 396
24.14821743965149 396
24.154960870742798 396
24.161885738372803 396
24.16780662536621 396
24.17450451850891 396
24.182100534439087 396
24.18797731399536 396
24.194815397262573 396
24.20155358314514 396
24.207470893859863 396
24.213932514190674 396
24.220903396606445 396
24.227553606033325 396
24.23407244682312 396
24.24262046813965 396
24.248135089874268 396
24.25507664680481 396
24.261814832687378 396
24.26769208908081 396
24.278992891311646 396
24.285768032073975 396
24.292949676513672 396
24.29866909980774 396
24.305272579193115 396
24.312202215194702 396
24.31818962097168 396
24.32493257522583 396
24.332932949066162 396
24.338677883148193 396
24.345160484313965 396
24.351906299591064 396
24.357794523239136 396
24.364524841308594 396
24.37144708633423 396
24.377343893051147 396
24.38487982749939 396
24.39166831970215 396
24.39756488800049 396
24.403993368148804 396
24.411024570465088 396
24.41679811477661 396
24.42357897758484 396
24.43009042739868 396
24.437293529510498 396
24.44374370574951 396
24.45059871673584 396
24.45651388168335 396
24.463175535202026 396
24.46900224685669 396
24.4755802154541 396
24.483371019363403 396
24.48950695991516 396
24.495970249176025 396
24.50290608406067 396
24.508663415908813 396
24.515134572982788 396
24.521859407424927 396
24.527722597122192 396
24.535308122634888 396
24.542078971862793 396
24.54797601699829 396
24.55484652519226 396
24.561607122421265 396
24.567524671554565 396
24.5739848613739 396
24.5809588432312 396
24.587645769119263 396
24.59411311149597 396
24.601093530654907 396
24.60705018043518 396
24.613710403442383 396
24.62048029899597 396
24.626171350479126 396
24.633102416992188 396
24.640894889831543 396
24.64667510986328 396
