7.867813110351562e-05 0 0
0.015149831771850586 0 2
0.022866487503051758 1 15
0.03009319305419922 3 33
0.03882002830505371 5 48
0.04677009582519531 7 250
0.05475974082946777 10 294
0.06250905990600586 12 314
0.06977343559265137 15 364
0.07731175422668457 18 391
0.0851905345916748 22 424
0.09408807754516602 26 444
0.1011042594909668 29 462
0.10898065567016602 33 473
0.1169881820678711 37 487
0.12479686737060547 41 490
0.13253569602966309 44 498
0.1406877040863037 49 500
0.148406982421875 53 500
0.1564159393310547 56 502
0.1640160083770752 60 498
0.17114973068237305 64 493
0.17903685569763184 68 493
0.18694567680358887 72 488
0.19584059715270996 76 480
0.2032918930053711 79 471
0.2105698585510254 83 464
0.21830105781555176 86 455
0.22642064094543457 89 445
0.23419570922851562 92 432
0.24304533004760742 96 428
0.25035595893859863 100 416
0.2581050395965576 102 398
0.26605916023254395 107 380
0.2784578800201416 110 369
0.2867162227630615 114 356
0.29738903045654297 116 346
0.3054671287536621 119 331
0.31323790550231934 122 319
0.3205134868621826 124 310
0.32823848724365234 126 296
0.3362705707550049 128 283
0.3458125591278076 130 272
0.3534255027770996 132 262
0.36066484451293945 134 255
0.3683898448944092 136 246
0.37638163566589355 138 234
0.38408970832824707 140 228
0.391190767288208 141 217
0.4002678394317627 143 207
0.4080510139465332 144 194
0.41617703437805176 146 185
0.4238898754119873 147 175
0.430833101272583 148 170
0.4386892318725586 149 161
0.44733190536499023 150 153
0.4552459716796875 152 149
0.4629240036010742 153 142
0.47034120559692383 154 137
0.47810959815979004 155 132
0.4862833023071289 156 126
0.4939734935760498 156 122
0.5027575492858887 157 116
0.5100336074829102 158 111
0.5226352214813232 159 98
0.529987096786499 160 92
0.5374765396118164 160 88
0.5453140735626221 161 87
0.5540308952331543 162 82
0.5610184669494629 162 82
0.5688483715057373 163 74
0.5767381191253662 164 73
0.5842981338500977 164 70
0.5923659801483154 164 70
0.6004631519317627 165 65
0.6082398891448975 166 61
0.6163642406463623 166 59
0.6239790916442871 166 59
0.6309278011322021 166 53
0.6387443542480469 167 53
0.646658182144165 167 50
0.6555063724517822 168 48
0.6631920337677002 168 44
0.6704347133636475 168 44
0.6830847263336182 169 41
0.6931717395782471 169 37
0.7023053169250488 169 37
0.7091929912567139 170 34
0.7173240184783936 170 34
0.7253866195678711 170 33
0.7330410480499268 170 33
0.7404029369354248 170 33
0.7481288909912109 170 33
0.7568728923797607 171 27
0.764570951461792 171 27
0.7726171016693115 171 27
0.779832124710083 171 27
0.7872931957244873 171 27
0.795170783996582 171 27
0.8039600849151611 172 20
0.8109219074249268 172 20
0.8187072277069092 172 20
0.8265783786773682 172 20
0.8342940807342529 172 17
0.8412072658538818 172 17
0.8490250110626221 172 17
0.8579409122467041 172 17
0.8658092021942139 172 17
0.8733921051025391 172 17
0.880643367767334 172 17
0.8882920742034912 172 11
0.8963954448699951 173 12
0.9051172733306885 173 12
0.9127354621887207 173 12
0.9199705123901367 173 12
0.9274251461029053 173 11
0.935279130935669 173 11
0.9429280757904053 173 11
0.9503672122955322 174 12
0.9589800834655762 174 12
0.9668381214141846 174 12
0.9745020866394043 174 12
0.9824011325836182 173 10
0.9892568588256836 173 10
0.9971251487731934 173 10
1.006293773651123 173 10
1.0140137672424316 173 10
1.0210514068603516 173 10
1.0288467407226562 173 3
1.0367639064788818 173 3
1.0443003177642822 173 3
1.0512113571166992 173 3
1.0603337287902832 173 3
1.0680584907531738 173 3
1.0807347297668457 173 0
1.0903425216674805 173 0
1.098137378692627 173 0
1.1070663928985596 173 0
1.1150469779968262 173 0
1.1228196620941162 173 0
1.130147933959961 173 -2
1.1378870010375977 173 -2
1.145768165588379 173 -2
1.1531853675842285 173 -2
1.161226749420166 173 -2
1.1690504550933838 173 -2
1.1769208908081055 173 -2
1.1846449375152588 173 0
1.1925654411315918 173 0
1.199775218963623 173 0
1.2082507610321045 173 0
1.2161664962768555 173 0
1.2237968444824219 173 0
1.2307209968566895 173 0
1.2383837699890137 173 0
1.246358871459961 173 0
1.2540619373321533 173 0
1.263028621673584 173 0
1.2702085971832275 173 0
1.277895450592041 173 0
1.285470962524414 173 0
1.2930631637573242 173 0
1.3002843856811523 173 0
1.308762788772583 173 0
1.3168158531188965 173 0
1.3244810104370117 173 0
1.3319072723388672 173 0
1.3401410579681396 173 0
1.3478882312774658 173 0
1.3555090427398682 173 0
1.364241123199463 173 0
1.3719024658203125 173 0
1.3791449069976807 173 0
1.3870389461517334 173 0
1.3950378894805908 173 0
1.4026405811309814 173 0
1.4106388092041016 173 0
1.418346881866455 173 0
1.4262712001800537 173 0
1.4339821338653564 173 0
1.4409739971160889 173 0
1.448775053024292 173 0
1.456587553024292 173 0
1.4652302265167236 173 0
1.4728679656982422 173 0
1.4848480224609375 173 0
1.4951481819152832 173 0
1.502838373184204 173 0
1.5101442337036133 173 0
1.5187435150146484 173 0
1.5268526077270508 173 0
1.5344839096069336 173 0
1.542271614074707 173 0
1.5491688251495361 173 0
1.557115077972412 173 0
1.5658924579620361 173 0
1.5732929706573486 173 0
1.5805003643035889 173 0
1.58817458152771 173 0
1.596024990081787 173 0
1.6034698486328125 173 0
1.6107964515686035 173 0
1.6197876930236816 173 0
1.627232313156128 173 0
1.6350936889648438 173 0
1.642679214477539 173 0
1.6499862670898438 173 0
1.6574444770812988 173 0
1.6664254665374756 173 0
1.674180507659912 173 0
1.6811528205871582 173 0
1.6889262199401855 173 0
1.6967709064483643 173 0
1.7043073177337646 173 0
1.7112135887145996 173 0
1.7202231884002686 173 0
1.7279388904571533 173 0
1.7360479831695557 173 0
1.7434215545654297 173 0
1.7506451606750488 173 0
1.758324384689331 173 0
1.7670774459838867 173 0
1.774888515472412 173 0
1.7827229499816895 173 0
1.790038824081421 173 0
1.7978572845458984 173 0
1.8054752349853516 173 0
1.8130824565887451 173 0
1.821155071258545 173 0
1.8289291858673096 173 0
1.836784839630127 173 0
1.844285249710083 173 0
1.852299451828003 173 0
1.8591601848602295 173 0
1.868110179901123 173 0
1.8808302879333496 173 0
1.8879938125610352 173 0
1.897068738937378 173 0
1.9058024883270264 173 0
1.9134759902954102 173 0
1.9225847721099854 173 0
1.9298529624938965 173 0
1.937317132949829 173 0
1.9451463222503662 173 0
1.952800989151001 173 0
1.9599778652191162 173 0
1.9674146175384521 173 0
1.9766027927398682 173 0
1.9841225147247314 173 0
1.9911198616027832 173 0
2.000535011291504 173 0
2.008232355117798 173 0
2.016103982925415 173 0
2.024751663208008 173 0
2.032641887664795 173 0
2.0404889583587646 173 0
2.0481925010681152 173 0
2.0560410022735596 173 0
2.0634539127349854 173 0
2.072450637817383 173 0
2.0793025493621826 173 0
2.0871481895446777 173 0
2.0951485633850098 173 0
2.102802038192749 173 0
2.109951972961426 173 0
2.117427349090576 173 0
2.1264030933380127 173 0
2.1339824199676514 173 0
2.14093279838562 173 0
2.1487157344818115 173 0
2.156773567199707 173 0
2.164303779602051 173 0
2.172295331954956 173 0
2.1803247928619385 173 0
2.187980890274048 173 0
2.1957547664642334 173 0
2.203172445297241 173 0
2.210503578186035 173 0
2.2182064056396484 173 0
2.2269318103790283 173 0
2.2346396446228027 173 0
2.242403745651245 173 0
2.2492480278015137 173 0
2.257081985473633 173 0
2.2649223804473877 173 0
2.272733449935913 173 0
2.285318374633789 173 0
2.295499324798584 173 0
2.30342435836792 173 0
2.3107516765594482 173 0
2.318481683731079 173 0
2.327300786972046 173 0
2.3352527618408203 173 0
2.3434603214263916 173 0
2.3506624698638916 173 0
2.358347177505493 173 0
2.3663318157196045 173 0
2.3739206790924072 173 0
2.3826377391815186 173 0
2.3899548053741455 173 0
2.3974082469940186 173 0
2.4052538871765137 173 0
2.4128408432006836 173 0
2.4201595783233643 173 0
2.4288086891174316 173 0
2.4368371963500977 173 0
2.4444844722747803 173 0
2.45241641998291 173 0
2.459225654602051 173 0
2.467071771621704 173 0
2.4748353958129883 173 0
2.48336124420166 173 0
2.4905478954315186 173 0
2.4981956481933594 173 0
2.5060408115386963 173 0
2.5138230323791504 173 0
2.520839214324951 173 0
2.529822587966919 173 0
2.5372390747070312 173 0
2.5450661182403564 173 0
2.552703619003296 173 0
2.5600242614746094 173 0
2.5677788257598877 173 0
2.5757622718811035 173 0
2.5899159908294678 173 0
2.5973715782165527 173 0
2.60522198677063 173 0
2.6128177642822266 173 0
2.6199872493743896 173 0
2.627443313598633 173 0
2.6367273330688477 173 0
2.6442503929138184 173 0
2.6511647701263428 173 0
2.65898060798645 173 0
2.6668105125427246 173 0
2.6742992401123047 173 0
2.687251567840576 173 0
2.6972875595092773 173 0
2.7052581310272217 173 0
2.713021993637085 173 0
2.720364570617676 173 0
2.728046178817749 173 0
2.736837863922119 173 0
2.7444732189178467 173 0
2.7523813247680664 173 0
2.75923490524292 173 0
2.7670631408691406 173 0
2.774869441986084 173 0
2.782553195953369 173 0
2.790508270263672 173 0
2.7982442378997803 173 0
2.8061442375183105 173 0
2.8139023780822754 173 0
2.82096266746521 173 0
2.8287699222564697 173 0
2.8373911380767822 173 0
2.8452396392822266 173 0
2.852841854095459 173 0
2.860027313232422 173 0
2.867422580718994 173 0
2.875455379486084 173 0
2.8830230236053467 173 0
2.891129970550537 173 0
2.89890456199646 173 0
2.9067180156707764 173 0
2.914250373840332 173 0
2.921219825744629 173 0
2.9289987087249756 173 0
2.93789005279541 173 0
2.9454896450042725 173 0
2.9532995223999023 173 0
2.96051025390625 173 0
2.9681789875030518 173 0
2.976093053817749 173 0
2.9834823608398438 173 0
2.9924283027648926 173 0
2.999251365661621 173 0
3.007103204727173 173 0
3.0148651599884033 173 0
3.022543430328369 173 0
3.0293478965759277 173 0
3.0382955074310303 173 0
3.0461654663085938 173 0
3.0539512634277344 173 0
3.0608510971069336 173 0
3.068643569946289 173 0
3.0765037536621094 173 0
3.089285373687744 173 0
3.0990021228790283 173 0
3.107438087463379 173 0
3.1157920360565186 173 0
3.1233086585998535 173 0
3.1306071281433105 173 0
3.1391143798828125 173 0
3.1470067501068115 173 0
3.154754161834717 173 0
3.1624162197113037 173 0
3.16926908493042 173 0
3.1772406101226807 173 0
3.1850433349609375 173 0
3.1934614181518555 173 0
3.2006044387817383 173 0
3.208284854888916 173 0
3.2163350582122803 173 0
3.223912000656128 173 0
3.230947256088257 173 0
3.238736391067505 173 0
3.2473316192626953 173 0
3.2551369667053223 173 0
3.262727737426758 173 0
3.2698774337768555 173 0
3.277296543121338 173 0
3.2850708961486816 173 0
3.2939693927764893 173 0
3.3009233474731445 173 0
3.3086698055267334 173 0
3.3165037631988525 173 0
3.3240463733673096 173 0
3.3310086727142334 173 0
3.3398993015289307 173 0
3.3484292030334473 173 0
3.356513023376465 173 0
3.364039421081543 173 0
3.3709867000579834 173 0
3.3787989616394043 173 0
3.38661527633667 173 0
3.395226001739502 173 0
3.402808427810669 173 0
3.4101576805114746 173 0
3.4178974628448486 173 0
3.4255075454711914 173 0
3.4332118034362793 173 0
3.4404232501983643 173 0
3.449037790298462 173 0
3.4568488597869873 173 0
3.4644782543182373 173 0
3.472435474395752 173 0
3.4846243858337402 173 0
3.4928476810455322 173 0
3.5032074451446533 173 0
3.5105366706848145 173 0
3.5182037353515625 173 0
3.5263309478759766 173 0
3.534064769744873 173 0
3.5409770011901855 173 0
3.5500190258026123 173 0
3.5574522018432617 173 0
3.565295934677124 173 0
3.5728914737701416 173 0
3.580151081085205 173 0
3.587860345840454 173 0
3.595817804336548 173 0
3.6045985221862793 173 0
3.6123569011688232 173 0
3.6192235946655273 173 0
3.627063274383545 173 0
3.634880781173706 173 0
3.6425609588623047 173 0
3.65071439743042 173 0
3.658364772796631 173 0
3.666300058364868 173 0
3.673858404159546 173 0
3.680797815322876 173 0
3.6884286403656006 173 0
3.6964046955108643 173 0
3.704925775527954 173 0
3.712780475616455 173 0
3.7199909687042236 173 0
3.727426052093506 173 0
3.735410213470459 173 0
3.7430312633514404 173 0
3.751115322113037 173 0
3.7589519023895264 173 0
3.7668042182922363 173 0
3.7746338844299316 173 0
3.7824299335479736 173 0
3.789255142211914 173 0
3.7970645427703857 173 0
3.8061342239379883 173 0
3.8135242462158203 173 0
3.8207015991210938 173 0
3.828366279602051 173 0
3.836463689804077 173 0
3.8439886569976807 173 0
3.852721929550171 173 0
3.8599929809570312 173 0
3.867492437362671 173 0
3.8752894401550293 173 0
3.8874173164367676 173 0
3.8969273567199707 173 0
3.905912160873413 173 0
3.9134342670440674 173 0
3.9207682609558105 173 0
3.928434371948242 173 0
3.936361312866211 173 0
3.943938732147217 173 0
3.951070547103882 173 0
3.9599499702453613 173 0
3.9674124717712402 173 0
3.9752628803253174 173 0
3.982851266860962 173 0
3.990135908126831 173 0
3.997861862182617 173 0
4.006586074829102 173 0
4.01428484916687 173 0
4.021230459213257 173 0
4.029038190841675 173 0
4.03684663772583 173 0
4.04444432258606 173 0
4.051843643188477 173 0
4.060262680053711 173 0
4.067983388900757 173 0
4.0759241580963135 173 0
4.083280563354492 173 0
4.090494394302368 173 0
4.0981903076171875 173 0
4.106976509094238 173 0
4.1148107051849365 173 0
4.122687816619873 173 0
4.130006313323975 173 0
4.137463331222534 173 0
4.145293712615967 173 0
4.152944803237915 173 0
4.160937786102295 173 0
4.168712854385376 173 0
4.1765851974487305 173 0
4.184186697006226 173 0
4.191870212554932 173 0
4.1990838050842285 173 0
4.208000421524048 173 0
4.215790033340454 173 0
4.223217248916626 173 0
4.230350017547607 173 0
4.238042116165161 173 0
4.24593710899353 173 0
4.253464937210083 173 0
4.262450933456421 173 0
4.26927638053894 173 0
4.277095556259155 173 0
4.289202451705933 173 0
4.2984092235565186 173 0
4.306958436965942 173 0
4.316135883331299 173 0
4.323902130126953 173 0
4.330943584442139 173 0
4.33928656578064 173 0
4.347498893737793 173 0
4.355464935302734 173 0
4.3642737865448 173 0
4.372403621673584 173 0
4.379237651824951 173 0
4.387202501296997 173 0
4.39507532119751 173 0
4.402674674987793 173 0
4.410631418228149 173 0
4.418302059173584 173 0
4.426170825958252 173 0
4.433971166610718 173 0
4.440938711166382 173 0
4.448704481124878 173 0
4.456517696380615 173 0
4.465231418609619 173 0
4.472906112670898 173 0
4.4801530838012695 173 0
4.487859725952148 173 0
4.495771408081055 173 0
4.503163814544678 173 0
4.510453224182129 173 0
4.519085168838501 173 0
4.52700138092041 173 0
4.534739017486572 173 0
4.542426347732544 173 0
4.5503904819488525 173 0
4.558066129684448 173 0
4.566771745681763 173 0
4.574306011199951 173 0
4.581205129623413 173 0
4.590630769729614 173 0
4.598286151885986 173 0
4.606175899505615 173 0
4.615071058273315 173 0
4.62268328666687 173 0
4.629871845245361 173 0
4.637312889099121 173 0
4.64529013633728 173 0
4.6528661251068115 173 0
4.660109519958496 173 0
4.66865348815918 173 0
4.6766252517700195 173 0
4.688685655593872 173 0
4.697906970977783 173 0
4.706494331359863 173 0
4.714225769042969 173 0
4.723038673400879 173 0
4.730532169342041 173 0
4.738205194473267 173 0
4.746092081069946 173 0
4.753493309020996 173 0
4.760697364807129 173 0
4.769331932067871 173 0
4.777308940887451 173 0
4.785105228424072 173 0
4.792834758758545 173 0
4.800038576126099 173 0
4.80780816078186 173 0
4.815412282943726 173 0
4.8241565227508545 173 0
4.831106185913086 173 0
4.838918685913086 173 0
4.846778392791748 173 0
4.854629039764404 173 0
4.862413167953491 173 0
4.870458602905273 173 0
4.878080606460571 173 0
4.886010408401489 173 0
4.893416881561279 173 0
4.900755882263184 173 0
4.908435821533203 173 0
4.916557788848877 173 0
4.925183534622192 173 0
4.932775497436523 173 0
4.939975023269653 173 0
4.947418451309204 173 0
4.955227613449097 173 0
4.9628026485443115 173 0
4.9709742069244385 173 0
4.978818416595459 173 0
4.9866344928741455 173 0
4.994191884994507 173 0
5.001131772994995 173 0
