1586603333.0623379 0 -2
1586603333.0623379 0 -6
1586603333.0623379 -2 -11
1586603333.0623379 -3 -148
1586603333.0623379 -6 -214
1586603333.0623379 -9 -281
1586603333.0623379 -12 -343
1586603333.0623379 -17 -400
1586603333.0623379 -20 -437
1586603333.0623379 -25 -483
1586603333.0623379 -29 -506
1586603333.0623379 -35 -539
1586603333.0623379 -39 -563
1586603333.0623379 -45 -584
1586603333.0623379 -50 -596
1586603333.0623379 -55 -607
1586603333.0623379 -61 -626
1586603333.0623379 -67 -635
1586603333.0623379 -73 -646
1586603333.0623379 -79 -656
1586603333.0623379 -85 -665
1586603333.0623379 -91 -671
1586603333.0623379 -96 -680
1586603333.0623379 -103 -684
1586603333.0623379 -113 -694
1586603333.0623379 -119 -695
1586603333.0623379 -127 -700
1586603333.0623379 -134 -708
1586603333.0623379 -139 -708
1586603333.0623379 -146 -711
1586603333.0623379 -152 -714
1586603333.0623379 -158 -717
1586603333.0623379 -165 -719
1586603333.0623379 -172 -717
1586603333.0623379 -179 -720
1586603333.0623379 -185 -724
1586603333.0623379 -193 -719
1586603333.0623379 -198 -723
1586603333.0623379 -206 -726
1586603333.0623379 -211 -727
1586603333.0623379 -217 -725
1586603333.0623379 -223 -723
1586603333.0623379 -229 -729
1586603333.0623379 -235 -728
1586603333.0623379 -241 -727
1586603333.0623379 -246 -727
1586603333.0623379 -252 -727
1586603333.0623379 -258 -729
1586603333.0623379 -264 -728
1586603333.0623379 -270 -725
1586603333.0623379 -275 -730
1586603333.0623379 -283 -736
1586603333.0623379 -289 -729
1586603333.0623379 -295 -732
1586603333.0623379 -301 -730
1586603333.0623379 -306 -736
1586603333.0623379 -312 -729
1586603333.0623379 -318 -734
1586603333.0623379 -324 -732
1586603333.0623379 -330 -735
1586603333.0623379 -335 -731
1586603333.0623379 -341 -729
1586603333.0623379 -347 -734
1586603333.0623379 -355 -738
1586603333.0623379 -361 -732
1586603333.0623379 -367 -733
1586603333.0623379 -372 -735
1586603333.0623379 -378 -737
1586603333.0623379 -384 -732
1586603333.0623379 -390 -737
1586603333.0623379 -396 -733
1586603333.0623379 -406 -737
1586603333.0623379 -413 -731
1586603333.0623379 -419 -733
1586603333.0623379 -429 -735
1586603333.0623379 -435 -732
1586603333.0623379 -441 -731
1586603333.0623379 -447 -737
1586603333.0623379 -453 -735
1586603333.0623379 -459 -732
1586603333.0623379 -465 -732
1586603333.0623379 -472 -734
1586603333.0623379 -478 -731
1586603333.0623379 -484 -733
1586603333.0623379 -490 -732
1586603333.0623379 -494 -734
1586603333.0623379 -501 -734
1586603333.0623379 -507 -730
1586603333.0623379 -513 -734
1586603333.0623379 -519 -733
1586603333.0623379 -525 -734
1586603333.0623379 -531 -730
1586603333.0623379 -537 -734
1586603333.0623379 -544 -736
1586603333.0623379 -549 -736
1586603333.0623379 -554 -730
1586603333.0623379 -562 -733
1586603333.0623379 -567 -736
1586603333.0623379 -573 -737
1586603333.0623379 -579 -735
1586603333.0623379 -585 -734
1586603333.0623379 -593 -737
1586603333.0623379 -599 -734
1586603333.0623379 -604 -732
1586603333.0623379 -610 -737
1586603333.0623379 -616 -738
1586603333.0623379 -622 -731
1586603333.0623379 -628 -732
1586603333.0623379 -634 -735
1586603333.0623379 -640 -736
1586603333.0623379 -645 -735
1586603333.0623379 -653 -733
1586603333.0623379 -659 -734
1586603333.0623379 -665 -736
1586603333.0623379 -671 -738
1586603333.0623379 -677 -735
1586603333.0623379 -683 -735
1586603333.0623379 -688 -736
1586603333.0623379 -697 -732
1586603333.0623379 -705 -734
1586603333.0623379 -710 -733
1586603333.0623379 -717 -736
1586603333.0623379 -723 -733
1586603333.0623379 -731 -733
1586603333.0623379 -737 -737
1586603333.0623379 -743 -734
1586603333.0623379 -749 -738
1586603333.0623379 -754 -737
1586603333.0623379 -760 -737
1586603333.0623379 -766 -733
1586603333.0623379 -772 -731
1586603333.0623379 -778 -738
1586603333.0623379 -784 -739
1586603333.0623379 -790 -739
1586603333.0623379 -795 -731
1586603333.0623379 -803 -734
1586603333.0623379 -809 -739
1586603333.0623379 -815 -737
1586603333.0623379 -821 -736
1586603333.0623379 -827 -733
1586603333.0623379 -832 -736
1586603333.0623379 -838 -733
1586603333.0623379 -844 -734
1586603333.0623379 -850 -734
1586603333.0623379 -856 -733
1586603333.0623379 -862 -734
1586603333.0623379 -867 -734
1586603333.0623379 -875 -734
1586603333.0623379 -881 -737
1586603333.0623379 -887 -734
1586603333.0623379 -893 -735
1586603333.0623379 -899 -737
1586603333.0623379 -905 -735
1586603333.0623379 -910 -733
1586603333.0623379 -918 -735
1586603333.0623379 -923 -734
1586603333.0623379 -929 -736
1586603333.0623379 -935 -733
1586603333.0623379 -941 -732
1586603333.0623379 -947 -731
1586603333.0623379 -953 -736
1586603333.0623379 -959 -732
1586603333.0623379 -965 -730
1586603333.0623379 -971 -735
1586603333.0623379 -977 -736
1586603333.0623379 -982 -733
1586603333.0623379 -993 -734
1586603333.0623379 -1000 -735
1586603333.0623379 -1006 -735
1586603333.0623379 -1011 -733
1586603333.0623379 -1017 -730
1586603333.0623379 -1025 -732
1586603333.0623379 -1031 -732
1586603333.0623379 -1044 -737
1586603333.0623379 -1053 -736
1586603333.0623379 -1059 -735
1586603333.0623379 -1065 -736
1586603333.0623379 -1073 -731
1586603333.0623379 -1079 -737
1586603333.0623379 -1087 -729
1586603333.0623379 -1092 -732
1586603333.0623379 -1098 -738
1586603333.0623379 -1105 -734
1586603333.0623379 -1111 -729
1586603333.0623379 -1117 -732
1586603333.0623379 -1129 -734
1586603333.0623379 -1137 -733
1586603333.0623379 -1144 -737
1586603333.0623379 -1150 -736
1586603333.0623379 -1157 -732
1586603333.0623379 -1163 -732
1586603333.0623379 -1169 -736
1586603333.0623379 -1175 -734
1586603333.0623379 -1182 -732
1586603333.0623379 -1188 -732
1586603333.0623379 -1194 -735
1586603333.0623379 -1199 -737
1586603333.0623379 -1205 -733
1586603333.0623379 -1211 -735
1586603333.0623379 -1217 -734
1586603333.0623379 -1223 -732
1586603333.0623379 -1229 -729
1586603333.0623379 -1235 -736
1586603333.0623379 -1241 -736
1586603333.0623379 -1247 -734
1586603333.0623379 -1254 -734
1586603333.0623379 -1260 -730
1586603333.0623379 -1266 -738
1586603333.0623379 -1271 -733
1586603333.0623379 -1277 -734
1586603333.0623379 -1283 -736
1586603333.0623379 -1299 -735
1586603333.0623379 -1305 -733
1586603333.0623379 -1314 -735
1586603333.0623379 -1325 -734
1586603333.0623379 -1332 -737
1586603333.0623379 -1339 -733
1586603333.0623379 -1345 -734
1586603333.0623379 -1352 -734
1586603333.0623379 -1358 -736
1586603333.0623379 -1367 -735
1586603333.0623379 -1373 -733
1586603333.0623379 -1383 -736
1586603333.0623379 -1391 -733
1586603333.0623379 -1398 -733
1586603333.0623379 -1407 -738
1586603333.0623379 -1413 -735
1586603333.0623379 -1419 -729
1586603333.0623379 -1424 -732
1586603333.0623379 -1430 -735
1586603333.0623379 -1438 -737
1586603333.0623379 -1443 -732
1586603333.0623379 -1449 -734
1586603333.0623379 -1455 -736
1586603333.0623379 -1461 -734
1586603333.0623379 -1467 -732
1586603333.0623379 -1474 -735
1586603333.0623379 -1480 -735
1586603333.0623379 -1486 -736
1586603333.0623379 -1492 -734
1586603333.0623379 -1498 -735
1586603333.0623379 -1503 -736
1586603333.0623379 -1509 -734
1586603333.0623379 -1515 -733
1586603333.0623379 -1521 -736
1586603333.0623379 -1527 -736
1586603333.0623379 -1533 -732
1586603333.0623379 -1539 -735
1586603333.0623379 -1545 -733
1586603333.0623379 -1557 -736
1586603333.0623379 -1565 -731
1586603333.0623379 -1571 -732
1586603333.0623379 -1586 -735
1586603333.0623379 -1595 -736
1586603333.0623379 -1601 -732
1586603333.0623379 -1608 -731
1586603333.0623379 -1614 -733
1586603333.0623379 -1623 -733
1586603333.0623379 -1628 -734
1586603333.0623379 -1636 -732
1586603333.0623379 -1641 -733
1586603333.0623379 -1647 -735
1586603333.0623379 -1661 -728
1586603333.0623379 -1668 -734
1586603333.0623379 -1675 -732
1586603333.0623379 -1681 -731
1586603333.0623379 -1687 -733
1586603333.0623379 -1693 -734
1586603333.0623379 -1700 -735
1586603333.0623379 -1706 -733
1586603333.0623379 -1712 -731
1586603333.0623379 -1718 -730
1586603333.0623379 -1723 -732
1586603333.0623379 -1729 -726
1586603333.0623379 -1735 -732
1586603333.0623379 -1743 -737
1586603333.0623379 -1749 -736
1586603333.0623379 -1755 -731
1586603333.0623379 -1760 -731
1586603333.0623379 -1766 -733
1586603333.0623379 -1779 -730
1586603333.0623379 -1793 -732
1586603333.0623379 -1800 -731
1586603333.0623379 -1806 -729
1586603333.0623379 -1816 -733
1586603333.0623379 -1823 -731
1586603333.0623379 -1831 -733
1586603333.0623379 -1837 -735
1586603333.0623379 -1845 -732
1586603333.0623379 -1851 -726
1586603333.0623379 -1859 -731
1586603333.0623379 -1864 -735
1586603333.0623379 -1879 -730
1586603333.0623379 -1886 -730
1586603333.0623379 -1893 -732
1586603333.0623379 -1901 -731
1586603333.0623379 -1908 -735
1586603333.0623379 -1914 -734
1586603333.0623379 -1921 -729
1586603333.0623379 -1927 -731
1586603333.0623379 -1933 -733
1586603333.0623379 -1941 -734
1586603333.0623379 -1945 -732
1586603333.0623379 -1951 -732
1586603333.0623379 -1958 -731
1586603333.0623379 -1964 -731
1586603333.0623379 -1970 -732
1586603333.0623379 -1976 -733
1586603333.0623379 -1981 -731
1586603333.0623379 -1987 -732
1586603333.0623379 -1993 -729
1586603333.0623379 -1999 -732
1586603333.0623379 -2005 -731
1586603333.0623379 -2011 -730
1586603333.0623379 -2024 -731
1586603333.0623379 -2031 -736
1586603333.0623379 -2041 -727
1586603333.0623379 -2047 -729
1586603333.0623379 -2056 -735
1586603333.0623379 -2061 -733
1586603333.0623379 -2071 -731
1586603333.0623379 -2075 -728
1586603333.0623379 -2083 -733
1586603333.0623379 -2089 -732
1586603333.0623379 -2094 -731
1586603333.0623379 -2107 -733
1586603333.0623379 -2113 -728
1586603333.0623379 -2121 -733
1586603333.0623379 -2128 -734
1586603333.0623379 -2134 -731
1586603333.0623379 -2140 -730
1586603333.0623379 -2147 -734
1586603333.0623379 -2153 -733
1586603333.0623379 -2159 -730
1586603333.0623379 -2165 -729
1586603333.0623379 -2175 -730
1586603333.0623379 -2182 -733
1586603333.0623379 -2188 -729
1586603333.0623379 -2194 -731
1586603333.0623379 -2200 -735
1586603333.0623379 -2206 -731
1586603333.0623379 -2211 -729
1586603333.0623379 -2219 -734
1586603333.0623379 -2225 -733
1586603333.0623379 -2231 -732
1586603333.0623379 -2237 -731
1586603333.0623379 -2243 -729
1586603333.0623379 -2248 -736
1586603333.0623379 -2254 -732
1586603333.0623379 -2260 -728
1586603333.0623379 -2266 -733
1586603333.0623379 -2272 -732
1586603333.0623379 -2277 -734
1586603333.0623379 -2285 -732
1586603333.0623379 -2289 -735
1586603333.0623379 -2297 -732
1586603333.0623379 -2303 -732
1586603333.0623379 -2308 -729
1586603333.0623379 -2314 -732
1586603333.0623379 -2320 -732
1586603333.0623379 -2326 -729
1586603333.0623379 -2333 -732
1586603333.0623379 -2339 -733
1586603333.0623379 -2345 -733
1586603333.0623379 -2351 -733
1586603333.0623379 -2357 -728
1586603333.0623379 -2363 -730
1586603333.0623379 -2368 -735
1586603333.0623379 -2374 -731
1586603333.0623379 -2380 -726
1586603333.0623379 -2387 -733
1586603333.0623379 -2393 -731
1586603333.0623379 -2397 -733
1586603333.0623379 -2405 -730
1586603333.0623379 -2411 -733
1586603333.0623379 -2417 -731
1586603333.0623379 -2423 -730
1586603333.0623379 -2429 -730
1586603333.0623379 -2434 -733
1586603333.0623379 -2441 -731
1586603333.0623379 -2447 -730
1586603333.0623379 -2453 -731
1586603333.0623379 -2459 -731
1586603333.0623379 -2468 -732
1586603333.0623379 -2475 -726
1586603333.0623379 -2483 -733
1586603333.0623379 -2488 -734
1586603333.0623379 -2494 -731
1586603333.0623379 -2500 -730
1586603333.0623379 -2506 -729
1586603333.0623379 -2512 -734
1586603333.0623379 -2519 -730
1586603333.0623379 -2525 -732
1586603333.0623379 -2531 -730
1586603333.0623379 -2537 -734
1586603333.0623379 -2543 -728
1586603333.0623379 -2548 -725
1586603333.0623379 -2559 -735
1586603333.0623379 -2564 -735
1586603333.0623379 -2570 -728
1586603333.0623379 -2576 -729
1586603333.0623379 -2582 -733
1586603333.0623379 -2588 -733
1586603333.0623379 -2595 -729
1586603333.0623379 -2601 -729
1586603333.0623379 -2607 -733
1586603333.0623379 -2613 -731
1586603333.0623379 -2619 -729
1586603333.0623379 -2624 -729
1586603333.0623379 -2630 -731
1586603333.0623379 -2636 -730
1586603333.0623379 -2642 -731
1586603333.0623379 -2648 -731
1586603333.0623379 -2653 -731
1586603333.0623379 -2659 -736
1586603333.0623379 -2667 -728
1586603333.0623379 -2673 -734
1586603333.0623379 -2679 -732
1586603333.0623379 -2684 -730
1586603333.0623379 -2690 -727
1586603333.0623379 -2696 -730
1586603333.0623379 -2702 -734
1586603333.0623379 -2708 -734
1586603333.0623379 -2713 -728
1586603333.0623379 -2719 -730
1586603333.0623379 -2725 -731
1586603333.0623379 -2731 -732
1586603333.0623379 -2737 -728
1586603333.0623379 -2744 -731
1586603333.0623379 -2750 -731
1586603333.0623379 -2759 -730
1586603333.0623379 -2766 -729
1586603333.0623379 -2772 -732
1586603333.0623379 -2779 -731
1586603333.0623379 -2785 -726
1586603333.0623379 -2791 -727
1586603333.0623379 -2797 -730
1586603333.0623379 -2803 -728
1586603333.0623379 -2809 -729
1586603333.0623379 -2816 -730
1586603333.0623379 -2822 -730
1586603333.0623379 -2827 -733
1586603333.0623379 -2833 -728
1586603333.0623379 -2839 -727
1586603333.0623379 -2845 -730
1586603333.0623379 -2851 -729
1586603333.0623379 -2857 -728
1586603333.0623379 -2863 -729
1586603333.0623379 -2869 -733
1586603333.0623379 -2874 -728
1586603333.0623379 -2880 -732
1586603333.0623379 -2886 -727
1586603333.0623379 -2893 -734
1586603333.0623379 -2899 -732
1586603333.0623379 -2905 -729
1586603333.0623379 -2911 -730
1586603333.0623379 -2917 -728
1586603333.0623379 -2923 -732
1586603333.0623379 -2929 -731
1586603333.0623379 -2934 -729
1586603333.0623379 -2940 -733
1586603333.0623379 -2946 -732
1586603333.0623379 -2952 -730
1586603333.0623379 -2957 -732
1586603333.0623379 -2965 -734
1586603333.0623379 -2971 -733
1586603333.0623379 -2977 -730
1586603333.0623379 -2983 -731
1586603333.0623379 -2988 -731
1586603333.0623379 -2994 -733
1586603333.0623379 -3000 -730
1586603333.0623379 -3006 -731
1586603333.0623379 -3012 -733
1586603333.0623379 -3017 -729
1586603333.0623379 -3023 -726
1586603333.0623379 -3029 -730
1586603333.0623379 -3037 -728
1586603333.0623379 -3043 -731
1586603333.0623379 -3050 -726
1586603333.0623379 -3057 -730
1586603333.0623379 -3066 -733
1586603333.0623379 -3071 -727
1586603333.0623379 -3079 -724
1586603333.0623379 -3085 -731
1586603333.0623379 -3091 -733
1586603333.0623379 -3096 -728
1586603333.0623379 -3102 -727
1586603333.0623379 -3108 -733
1586603333.0623379 -3115 -733
1586603333.0623379 -3121 -726
1586603333.0623379 -3127 -728
1586603333.0623379 -3133 -731
1586603333.0623379 -3139 -731
1586603333.0623379 -3145 -727
1586603333.0623379 -3151 -729
1586603333.0623379 -3156 -730
1586603333.0623379 -3162 -732
1586603333.0623379 -3168 -730
1586603333.0623379 -3174 -727
1586603333.0623379 -3179 -733
1586603333.0623379 -3187 -731
1586603333.0623379 -3193 -731
1586603333.0623379 -3199 -728
1586603333.0623379 -3205 -735
1586603333.0623379 -3210 -731
1586603333.0623379 -3216 -728
1586603333.0623379 -3222 -731
1586603333.0623379 -3228 -732
1586603333.0623379 -3234 -732
1586603333.0623379 -3241 -725
1586603333.0623379 -3247 -726
1586603333.0623379 -3253 -726
1586603333.0623379 -3260 -731
1586603333.0623379 -3266 -725
1586603333.0623379 -3271 -728
1586603333.0623379 -3277 -731
1586603333.0623379 -3283 -730
1586603333.0623379 -3289 -726
1586603333.0623379 -3295 -731
1586603333.0623379 -3301 -730
1586603333.0623379 -3307 -730
1586603333.0623379 -3313 -728
1586603333.0623379 -3318 -728
1586603333.0623379 -3324 -730
1586603333.0623379 -3330 -731
1586603333.0623379 -3337 -732
1586603333.0623379 -3346 -726
1586603333.0623379 -3353 -730
1586603333.0623379 -3359 -729
1586603333.0623379 -3367 -728
1586603333.0623379 -3372 -733
1586603333.0623379 -3378 -731
1586603333.0623379 -3384 -724
1586603333.0623379 -3390 -730
1586603333.0623379 -3396 -732
1586603333.0623379 -3401 -730
1586603333.0623379 -3407 -729
1586603333.0623379 -3413 -726
1586603333.0623379 -3419 -731
1586603333.0623379 -3425 -732
1586603333.0623379 -3431 -729
1586603333.0623379 -3437 -726
1586603333.0623379 -3442 -733
1586603333.0623379 -3450 -731
1586603333.0623379 -3455 -728
1586603333.0623379 -3461 -730
1586603333.0623379 -3467 -732
1586603333.0623379 -3473 -730
1586603333.0623379 -3479 -729
1586603333.0623379 -3485 -728
1586603333.0623379 -3491 -730
1586603333.0623379 -3497 -732
1586603333.0623379 -3504 -726
1586603333.0623379 -3508 -725
1586603333.0623379 -3520 -732
1586603333.0623379 -3525 -727
1586603333.0623379 -3531 -728
1586603333.0623379 -3537 -730
1586603333.0623379 -3543 -731
1586603333.0623379 -3549 -730
1586603333.0623379 -3555 -727
1586603333.0623379 -3561 -730
1586603333.0623379 -3567 -731
1586603333.0623379 -3572 -728
1586603333.0623379 -3578 -729
1586603333.0623379 -3584 -727
1586603333.0623379 -3590 -731
1586603333.0623379 -3597 -729
1586603333.0623379 -3603 -727
1586603333.0623379 -3609 -730
