0.00022745132446289062 0 -2
0.01942610740661621 -1 -15
0.02996087074279785 -3 -31
0.038535356521606445 -5 -46
0.04949474334716797 -9 -294
0.05815482139587402 -12 -342
0.06798100471496582 -17 -388
0.07800483703613281 -20 -425
0.08648252487182617 -27 -482
0.10076308250427246 -32 -514
0.10929250717163086 -38 -539
0.12038826942443848 -43 -558
0.12915754318237305 -49 -581
0.13787245750427246 -54 -599
0.14655399322509766 -58 -610
0.15477299690246582 -64 -620
0.1625232696533203 -70 -631
0.17216205596923828 -75 -642
0.1805860996246338 -82 -650
0.1892101764678955 -87 -654
0.19794940948486328 -92 -666
0.20646953582763672 -98 -673
0.21472978591918945 -104 -677
0.2236166000366211 -110 -677
0.23237180709838867 -115 -681
0.24072933197021484 -122 -690
0.24937176704406738 -128 -693
0.25793933868408203 -133 -693
0.26650476455688477 -139 -698
0.27602243423461914 -146 -699
0.28360462188720703 -152 -704
0.29230761528015137 -157 -702
0.30063915252685547 -164 -704
0.3092525005340576 -170 -709
0.3178067207336426 -176 -710
0.3276219367980957 -181 -709
0.33608579635620117 -188 -708
0.3436436653137207 -194 -715
0.3523426055908203 -200 -715
0.3606884479522705 -207 -713
0.3700110912322998 -214 -712
0.37958359718322754 -220 -718
0.38813114166259766 -226 -720
0.3966658115386963 -232 -714
0.4052553176879883 -237 -716
0.4132049083709717 -244 -717
0.4225962162017822 -250 -721
0.43125414848327637 -257 -719
0.4395325183868408 -263 -721
0.44812488555908203 -269 -718
0.4571249485015869 -275 -722
0.46530914306640625 -282 -718
0.47475624084472656 -288 -721
0.48250913619995117 -294 -721
0.49674296379089355 -304 -717
0.5053119659423828 -311 -719
0.5153121948242188 -318 -723
0.5255165100097656 -325 -721
0.5335721969604492 -331 -716
0.5422787666320801 -337 -720
0.5510404109954834 -344 -723
0.5594422817230225 -350 -720
0.5680303573608398 -357 -720
0.5777139663696289 -363 -721
0.5864338874816895 -368 -723
0.5946753025054932 -374 -719
0.6024324893951416 -380 -720
0.6110198497772217 -387 -726
0.6193897724151611 -393 -726
0.6287393569946289 -400 -721
0.6375770568847656 -404 -722
0.6462500095367432 -412 -721
0.6541306972503662 -418 -724
0.6623020172119141 -423 -722
0.6707131862640381 -430 -722
0.6800305843353271 -436 -726
0.6886303424835205 -442 -724
0.6975080966949463 -448 -721
0.7060308456420898 -455 -720
0.7135820388793945 -461 -723
0.7222805023193359 -468 -724
0.7318148612976074 -474 -721
0.7399845123291016 -480 -723
0.7485477924346924 -486 -724
0.7573578357696533 -491 -723
0.7655739784240723 -498 -721
0.7735264301300049 -504 -725
0.7831425666809082 -512 -725
0.7916145324707031 -518 -723
0.7998147010803223 -523 -722
0.8083488941192627 -529 -724
0.8171565532684326 -535 -727
0.8253326416015625 -542 -725
0.8351082801818848 -548 -724
0.8426761627197266 -555 -723
0.8514771461486816 -561 -726
0.8598012924194336 -566 -721
0.8683302402496338 -572 -724
0.8771505355834961 -580 -726
0.8866105079650879 -590 -721
0.8995108604431152 -596 -722
0.9098458290100098 -604 -723
0.9194414615631104 -610 -724
0.9291985034942627 -617 -720
0.9379374980926514 -623 -724
0.9465925693511963 -629 -726
0.9550316333770752 -635 -725
0.9625749588012695 -640 -723
0.9711403846740723 -648 -723
0.9806985855102539 -655 -724
0.989290714263916 -661 -724
0.9978787899017334 -666 -720
1.00653076171875 -672 -723
1.0147299766540527 -678 -725
1.02256178855896 -684 -726
1.032179832458496 -691 -727
1.0405104160308838 -697 -722
1.0491068363189697 -704 -724
1.0576574802398682 -708 -722
1.0664145946502686 -716 -721
1.0746662616729736 -722 -727
1.0834593772888184 -729 -726
1.091949701309204 -734 -722
1.100334644317627 -740 -720
1.1091511249542236 -748 -725
1.1177029609680176 -754 -724
1.1263360977172852 -759 -720
1.1356070041656494 -766 -725
1.1435275077819824 -772 -726
1.151987075805664 -778 -725
1.1603999137878418 -784 -720
1.1690104007720947 -791 -722
1.1775376796722412 -797 -724
1.1873526573181152 -803 -728
1.1955409049987793 -810 -724
1.2033874988555908 -816 -721
1.2118489742279053 -822 -725
1.22001051902771 -827 -724
1.2287640571594238 -834 -720
1.2385072708129883 -840 -724
1.2475197315216064 -846 -723
1.2558879852294922 -853 -723
1.263477087020874 -859 -720
1.271974802017212 -865 -724
1.2803359031677246 -872 -724
1.2897708415985107 -881 -721
1.3034322261810303 -890 -725
1.313577651977539 -895 -726
1.3223371505737305 -901 -721
1.3311164379119873 -908 -720
1.3406856060028076 -916 -725
1.3492450714111328 -921 -724
1.3577821254730225 -927 -722
1.3664186000823975 -933 -721
1.3755393028259277 -939 -727
1.3833339214324951 -946 -721
1.3927106857299805 -952 -718
1.4013638496398926 -959 -722
1.4096508026123047 -965 -725
1.418199062347412 -970 -721
1.427156925201416 -976 -719
1.4353702068328857 -984 -722
1.4446518421173096 -989 -720
1.4524202346801758 -995 -719
1.461005449295044 -1002 -718
1.469409704208374 -1008 -720
1.4779284000396729 -1014 -722
1.4866039752960205 -1021 -718
1.4964001178741455 -1026 -715
1.504647970199585 -1032 -721
1.5123941898345947 -1038 -722
1.5207443237304688 -1045 -720
1.5293264389038086 -1051 -718
1.5386359691619873 -1058 -719
1.5477526187896729 -1064 -721
1.5562245845794678 -1070 -717
1.5641286373138428 -1076 -718
1.5722906589508057 -1082 -717
1.58066987991333 -1089 -723
1.5900354385375977 -1094 -719
1.598663568496704 -1102 -723
1.607666015625 -1106 -724
1.61606764793396 -1113 -725
1.6236052513122559 -1119 -718
1.6323354244232178 -1125 -723
1.6419601440429688 -1132 -723
1.6503798961639404 -1138 -723
1.659010410308838 -1145 -719
1.667731761932373 -1151 -719
1.676203966140747 -1156 -721
1.6845321655273438 -1162 -718
1.6981163024902344 -1172 -722
1.7084333896636963 -1181 -719
1.7180616855621338 -1187 -722
1.7271337509155273 -1192 -720
1.735351800918579 -1198 -721
1.7450270652770996 -1206 -722
1.7525768280029297 -1211 -718
1.76143217086792 -1218 -719
1.769707202911377 -1224 -722
1.7782297134399414 -1230 -724
1.7871897220611572 -1237 -719
1.7965190410614014 -1243 -719
1.8047459125518799 -1249 -722
1.8124732971191406 -1254 -725
1.8210315704345703 -1262 -722
1.8293638229370117 -1268 -718
1.8379230499267578 -1275 -719
1.8476848602294922 -1279 -724
1.856095314025879 -1286 -721
1.8636178970336914 -1292 -718
1.8722279071807861 -1298 -722
1.880720615386963 -1305 -722
1.8894739151000977 -1311 -720
1.8990676403045654 -1318 -717
1.9077284336090088 -1324 -722
1.9162163734436035 -1330 -725
1.924057960510254 -1335 -718
1.9322242736816406 -1341 -718
1.9405899047851562 -1348 -723
1.9499354362487793 -1354 -721
1.9584972858428955 -1360 -721
1.9674465656280518 -1366 -721
1.9756619930267334 -1373 -723
1.9834685325622559 -1379 -723
1.9919462203979492 -1386 -719
2.002382516860962 -1392 -725
2.010741710662842 -1399 -722
2.0194830894470215 -1404 -721
2.028172492980957 -1410 -718
2.036644220352173 -1416 -719
2.045119285583496 -1424 -725
2.053632974624634 -1429 -721
2.0630688667297363 -1436 -720
2.0714876651763916 -1442 -723
2.0797548294067383 -1448 -723
2.088507652282715 -1458 -719
2.1024010181427 -1465 -719
2.112584114074707 -1472 -721
2.1214170455932617 -1478 -719
2.129891872406006 -1484 -722
2.1385958194732666 -1490 -722
2.148378372192383 -1497 -721
2.157249689102173 -1503 -722
2.1654586791992188 -1508 -721
2.1732192039489746 -1516 -721
2.1816697120666504 -1522 -722
2.1898882389068604 -1527 -720
2.1995489597320557 -1534 -719
2.2083005905151367 -1540 -721
2.2171108722686768 -1546 -720
2.225306749343872 -1552 -721
2.233128309249878 -1559 -723
2.2415783405303955 -1565 -724
2.2506635189056396 -1572 -723
2.2592313289642334 -1578 -718
2.2679495811462402 -1584 -719
2.2766573429107666 -1589 -724
2.285123586654663 -1595 -721
2.29266095161438 -1601 -717
2.3022613525390625 -1608 -722
2.310670852661133 -1615 -720
2.319209098815918 -1621 -718
2.327916383743286 -1627 -719
2.33642578125 -1632 -722
2.3446450233459473 -1638 -721
2.3534352779388428 -1646 -720
2.361988067626953 -1651 -717
2.3703722953796387 -1660 -724
2.385282039642334 -1670 -721
2.396536111831665 -1676 -719
2.406519889831543 -1683 -720
2.4160878658294678 -1692 -722
2.426769971847534 -1698 -721
2.4352681636810303 -1703 -720
2.443119764328003 -1712 -720
2.4563448429107666 -1719 -719
2.464564085006714 -1725 -719
2.4753966331481934 -1732 -723
2.483366012573242 -1739 -721
2.491835594177246 -1750 -719
2.5155622959136963 -1764 -720
2.5275614261627197 -1770 -720
2.536314010620117 -1778 -726
2.5471720695495605 -1784 -720
2.5563693046569824 -1791 -719
2.565087080001831 -1798 -722
2.5760602951049805 -1806 -726
2.5836384296417236 -1813 -722
2.595423936843872 -1818 -715
2.603257417678833 -1826 -718
2.6126415729522705 -1833 -722
2.625048875808716 -1840 -717
2.633150100708008 -1848 -720
2.641752243041992 -1853 -724
2.651393413543701 -1862 -720
2.661926031112671 -1869 -717
2.6736361980438232 -1876 -717
2.682446241378784 -1882 -719
2.6914377212524414 -1889 -716
2.7010457515716553 -1898 -718
2.7134294509887695 -1905 -723
2.722241163253784 -1911 -719
2.7310140132904053 -1918 -718
2.741020441055298 -1926 -721
2.754729986190796 -1935 -716
2.7645785808563232 -1941 -717
2.772714376449585 -1948 -721
2.782444715499878 -1955 -722
2.7951600551605225 -1962 -721
2.80324125289917 -1970 -720
2.813004970550537 -1978 -719
2.8246564865112305 -1984 -716
2.832642078399658 -1991 -719
2.8434317111968994 -1998 -720
2.851979970932007 -2004 -720
2.861421585083008 -2012 -718
2.8711655139923096 -2019 -721
2.8805460929870605 -2027 -717
2.8917205333709717 -2036 -718
2.907977342605591 -2046 -720
2.920591354370117 -2055 -718
2.929558038711548 -2060 -717
2.9382927417755127 -2068 -719
2.949066162109375 -2075 -720
2.9576494693756104 -2082 -715
2.968557119369507 -2088 -720
2.9774088859558105 -2096 -717
2.988173246383667 -2102 -715
2.997166872024536 -2111 -716
3.007765293121338 -2116 -718
3.017521858215332 -2125 -718
3.028116226196289 -2131 -715
3.036773920059204 -2137 -717
3.0466256141662598 -2144 -720
3.0563876628875732 -2152 -717
3.067263603210449 -2158 -720
3.07545804977417 -2167 -719
3.086534261703491 -2172 -718
3.0947353839874268 -2180 -717
3.1055748462677 -2190 -718
3.117973804473877 -2196 -719
3.1267154216766357 -2203 -719
3.1376845836639404 -2210 -721
3.147109031677246 -2216 -720
3.15651798248291 -2223 -718
3.166726589202881 -2232 -716
3.1776347160339355 -2237 -719
3.1907241344451904 -2249 -717
3.2021381855010986 -2256 -719
3.210632085800171 -2263 -721
3.220029830932617 -2270 -718
3.2311134338378906 -2278 -718
3.239518642425537 -2283 -717
3.2490477561950684 -2292 -720
3.2595808506011963 -2298 -718
3.2693026065826416 -2305 -717
3.2784295082092285 -2314 -724
3.289534091949463 -2319 -716
3.3025996685028076 -2331 -720
3.3152432441711426 -2338 -719
3.3271336555480957 -2345 -720
3.3366353511810303 -2352 -720
3.3452296257019043 -2360 -721
3.3546974658966064 -2367 -717
3.3636090755462646 -2374 -718
3.375192880630493 -2382 -720
3.386444330215454 -2388 -717
3.3946945667266846 -2396 -717
3.4056384563446045 -2403 -720
3.414155960083008 -2410 -718
3.425356388092041 -2416 -714
3.4364166259765625 -2424 -722
3.444636344909668 -2430 -721
3.452709913253784 -2437 -721
3.462433338165283 -2446 -718
3.4760303497314453 -2454 -720
3.487143039703369 -2460 -717
3.495337724685669 -2466 -717
3.5050899982452393 -2473 -720
3.514620304107666 -2482 -719
3.5252273082733154 -2488 -719
3.5364716053009033 -2496 -721
3.544710159301758 -2502 -720
3.5526931285858154 -2509 -719
3.5624659061431885 -2516 -720
3.574119806289673 -2524 -722
3.5824949741363525 -2531 -719
3.595377206802368 -2538 -719
3.603323221206665 -2545 -721
3.6119844913482666 -2552 -718
3.6226940155029297 -2560 -719
3.632260322570801 -2567 -720
3.6441843509674072 -2574 -720
3.652545928955078 -2580 -718
3.6611032485961914 -2587 -719
3.6704044342041016 -2594 -719
3.6805853843688965 -2603 -720
3.691589117050171 -2612 -717
3.7047126293182373 -2622 -719
3.718291997909546 -2629 -718
3.727971315383911 -2636 -720
3.7385964393615723 -2642 -720
3.7476015090942383 -2650 -720
3.758195400238037 -2656 -721
3.7671852111816406 -2662 -722
3.7774088382720947 -2672 -719
3.7880263328552246 -2678 -718
3.7967090606689453 -2683 -719
3.8063507080078125 -2690 -718
3.8162331581115723 -2698 -718
3.8246049880981445 -2705 -717
3.8336074352264404 -2711 -720
3.8424856662750244 -2716 -718
3.8511509895324707 -2724 -716
3.859649658203125 -2729 -715
3.8682570457458496 -2735 -715
3.8778162002563477 -2742 -719
3.8864758014678955 -2748 -717
3.894767999649048 -2754 -716
3.902564287185669 -2760 -716
3.9111084938049316 -2767 -721
3.919414520263672 -2772 -721
3.928774356842041 -2780 -716
3.937575340270996 -2784 -716
3.9462616443634033 -2791 -720
3.9541494846343994 -2797 -716
3.9622802734375 -2802 -716
3.9710094928741455 -2810 -718
3.980407238006592 -2816 -720
3.9890270233154297 -2822 -713
3.997570037841797 -2827 -717
4.0062243938446045 -2834 -722
4.014139890670776 -2840 -718
4.02225923538208 -2847 -717
4.031850099563599 -2853 -715
4.0400145053863525 -2858 -716
4.048562288284302 -2864 -722
4.0573790073394775 -2870 -719
4.0655741691589355 -2877 -717
4.073519945144653 -2883 -716
4.083081483840942 -2890 -722
4.091567516326904 -2897 -718
4.104578018188477 -2906 -715
4.116281747817993 -2913 -719
4.124536514282227 -2920 -717
4.1336259841918945 -2926 -717
4.142328262329102 -2932 -720
4.15068507194519 -2939 -716
4.1592631340026855 -2944 -712
4.167877197265625 -2950 -715
4.17638897895813 -2956 -719
4.185638427734375 -2963 -716
4.19360876083374 -2969 -716
4.2022294998168945 -2975 -716
4.210643529891968 -2982 -715
4.2192223072052 -2988 -717
4.227931499481201 -2994 -717
4.2374043464660645 -2999 -717
4.245612382888794 -3006 -717
4.2535741329193115 -3012 -717
4.262121915817261 -3018 -717
4.270496368408203 -3024 -719
4.279110431671143 -3031 -718
4.288473129272461 -3036 -718
4.297321557998657 -3042 -715
4.305531978607178 -3050 -717
4.31350040435791 -3055 -719
4.321993827819824 -3061 -718
4.330414772033691 -3068 -716
4.339816093444824 -3074 -720
4.3483359813690186 -3080 -718
4.357340335845947 -3085 -718
4.366406440734863 -3092 -715
4.375501394271851 -3100 -721
4.3852410316467285 -3106 -719
4.393181562423706 -3112 -717
4.40164589881897 -3118 -717
4.409844875335693 -3124 -720
4.418498277664185 -3130 -720
4.4274890422821045 -3136 -715
4.436683416366577 -3143 -716
4.445234537124634 -3148 -717
4.453073740005493 -3156 -717
4.461571455001831 -3161 -716
4.469808578491211 -3167 -717
4.478358507156372 -3173 -719
4.488109588623047 -3180 -721
4.496726036071777 -3190 -717
4.509500980377197 -3199 -719
4.5219340324401855 -3204 -717
4.530540704727173 -3212 -717
4.540032386779785 -3217 -719
4.549017667770386 -3224 -718
4.557546138763428 -3230 -722
4.567270994186401 -3236 -716
4.575481176376343 -3242 -721
4.583229064941406 -3249 -720
4.592764139175415 -3255 -717
4.601406097412109 -3262 -717
4.6098268032073975 -3268 -719
4.618528604507446 -3274 -719
4.627359390258789 -3279 -716
4.635542869567871 -3286 -716
4.645084619522095 -3292 -722
4.652633428573608 -3298 -721
4.661295413970947 -3305 -717
4.669705152511597 -3311 -717
4.678250074386597 -3316 -717
4.686995267868042 -3324 -716
4.696415185928345 -3330 -715
4.704631090164185 -3335 -718
4.712435483932495 -3341 -720
4.720754146575928 -3348 -720
4.729520797729492 -3354 -715
4.738100528717041 -3361 -716
4.74787163734436 -3367 -717
4.756371259689331 -3372 -721
4.764645576477051 -3378 -718
4.772403717041016 -3384 -716
4.7807371616363525 -3391 -719
4.789495468139648 -3397 -713
4.799071311950684 -3404 -718
4.807583332061768 -3408 -718
4.815993547439575 -3416 -721
4.823572635650635 -3427 -713
4.839345693588257 -3433 -715
4.849068641662598 -3440 -722
4.858598470687866 -3447 -717
4.867730140686035 -3453 -716
4.876363277435303 -3459 -717
4.884564638137817 -3464 -718
4.893367052078247 -3472 -716
4.907474756240845 -3483 -719
4.917779207229614 -3489 -716
4.92644739151001 -3494 -719
4.934725284576416 -3500 -715
4.944079399108887 -3508 -721
4.952290296554565 -3513 -717
4.960639715194702 -3520 -715
4.969405174255371 -3526 -720
4.977980613708496 -3532 -717
4.986505508422852 -3538 -720
4.9959282875061035 -3545 -714
5.003539323806763 -3550 -718
