1586603221.7959502 0 0
1586603221.7959502 -1 -3
1586603221.7959502 -2 -9
1586603221.7959502 -4 -46
1586603221.7959502 -6 -67
1586603221.7959502 -9 -281
1586603221.7959502 -12 -328
1586603221.7959502 -15 -376
1586603221.7959502 -17 -412
1586603221.7959502 -21 -458
1586603221.7959502 -26 -488
1586603221.7959502 -31 -512
1586603221.7959502 -35 -530
1586603221.7959502 -40 -557
1586603221.7959502 -44 -570
1586603221.7959502 -49 -590
1586603221.7959502 -54 -607
1586603221.7959502 -59 -623
1586603221.7959502 -64 -630
1586603221.7959502 -69 -640
1586603221.7959502 -75 -644
1586603221.7959502 -80 -660
1586603221.7959502 -85 -670
1586603221.7959502 -91 -672
1586603221.7959502 -96 -677
1586603221.7959502 -102 -688
1586603221.7959502 -107 -694
1586603221.7959502 -113 -695
1586603221.7959502 -119 -696
1586603221.7959502 -125 -703
1586603221.7959502 -131 -706
1586603221.7959502 -137 -707
1586603221.7959502 -143 -711
1586603221.7959502 -147 -713
1586603221.7959502 -153 -717
1586603221.7959502 -160 -718
1586603221.7959502 -165 -717
1586603221.7959502 -171 -722
1586603221.7959502 -177 -723
1586603221.7959502 -183 -727
1586603221.7959502 -189 -727
1586603221.7959502 -195 -724
1586603221.7959502 -201 -729
1586603221.7959502 -207 -730
1586603221.7959502 -212 -728
1586603221.7959502 -223 -730
1586603221.7959502 -230 -733
1586603221.7959502 -237 -730
1586603221.7959502 -243 -735
1586603221.7959502 -249 -734
1586603221.7959502 -255 -732
1586603221.7959502 -261 -737
1586603221.7959502 -267 -732
1586603221.7959502 -273 -732
1586603221.7959502 -278 -735
1586603221.7959502 -284 -735
1586603221.7959502 -290 -732
1586603221.7959502 -296 -737
1586603221.7959502 -302 -739
1586603221.7959502 -307 -732
1586603221.7959502 -313 -734
1586603221.7959502 -319 -733
1586603221.7959502 -325 -738
1586603221.7959502 -331 -736
1586603221.7959502 -337 -734
1586603221.7959502 -344 -736
1586603221.7959502 -350 -738
1586603221.7959502 -356 -739
1586603221.7959502 -362 -733
1586603221.7959502 -368 -734
1586603221.7959502 -374 -738
1586603221.7959502 -380 -735
1586603221.7959502 -386 -736
1586603221.7959502 -393 -739
1586603221.7959502 -399 -736
1586603221.7959502 -403 -740
1586603221.7959502 -409 -733
1586603221.7959502 -415 -738
1586603221.7959502 -423 -738
1586603221.7959502 -429 -735
1586603221.7959502 -434 -734
1586603221.7959502 -440 -734
1586603221.7959502 -446 -737
1586603221.7959502 -452 -737
1586603221.7959502 -458 -735
1586603221.7959502 -464 -738
1586603221.7959502 -470 -738
1586603221.7959502 -475 -734
1586603221.7959502 -481 -731
1586603221.7959502 -487 -740
1586603221.7959502 -495 -740
1586603221.7959502 -499 -736
1586603221.7959502 -505 -732
1586603221.7959502 -515 -735
1586603221.7959502 -523 -733
1586603221.7959502 -529 -734
1586603221.7959502 -535 -734
1586603221.7959502 -540 -736
1586603221.7959502 -548 -734
1586603221.7959502 -553 -736
1586603221.7959502 -559 -735
1586603221.7959502 -564 -736
1586603221.7959502 -571 -739
1586603221.7959502 -577 -734
1586603221.7959502 -583 -737
1586603221.7959502 -589 -734
1586603221.7959502 -595 -736
1586603221.7959502 -601 -735
1586603221.7959502 -607 -735
1586603221.7959502 -613 -738
1586603221.7959502 -619 -735
1586603221.7959502 -624 -736
1586603221.7959502 -630 -734
1586603221.7959502 -636 -736
1586603221.7959502 -642 -737
1586603221.7959502 -648 -734
1586603221.7959502 -654 -735
1586603221.7959502 -660 -739
1586603221.7959502 -665 -740
1586603221.7959502 -671 -732
1586603221.7959502 -679 -736
1586603221.7959502 -685 -736
1586603221.7959502 -691 -736
1586603221.7959502 -697 -736
1586603221.7959502 -703 -736
1586603221.7959502 -708 -738
1586603221.7959502 -714 -737
1586603221.7959502 -720 -737
1586603221.7959502 -726 -736
1586603221.7959502 -732 -738
1586603221.7959502 -738 -736
1586603221.7959502 -744 -732
1586603221.7959502 -749 -734
1586603221.7959502 -757 -737
1586603221.7959502 -763 -737
1586603221.7959502 -769 -733
1586603221.7959502 -775 -734
1586603221.7959502 -781 -739
1586603221.7959502 -785 -736
1586603221.7959502 -792 -733
1586603221.7959502 -798 -736
1586603221.7959502 -804 -742
1586603221.7959502 -814 -733
1586603221.7959502 -820 -735
1586603221.7959502 -826 -736
1586603221.7959502 -833 -736
1586603221.7959502 -839 -733
1586603221.7959502 -845 -737
1586603221.7959502 -851 -737
1586603221.7959502 -857 -738
1586603221.7959502 -863 -734
1586603221.7959502 -870 -738
1586603221.7959502 -875 -737
1586603221.7959502 -881 -737
1586603221.7959502 -887 -736
1586603221.7959502 -892 -735
1586603221.7959502 -898 -738
1586603221.7959502 -906 -737
1586603221.7959502 -911 -735
1586603221.7959502 -917 -736
1586603221.7959502 -923 -736
1586603221.7959502 -929 -737
1586603221.7959502 -933 -735
1586603221.7959502 -941 -734
1586603221.7959502 -947 -737
1586603221.7959502 -953 -734
1586603221.7959502 -959 -732
1586603221.7959502 -965 -735
1586603221.7959502 -971 -736
1586603221.7959502 -976 -739
1586603221.7959502 -982 -732
1586603221.7959502 -988 -735
1586603221.7959502 -994 -738
1586603221.7959502 -1000 -738
1586603221.7959502 -1006 -735
1586603221.7959502 -1011 -737
1586603221.7959502 -1019 -736
1586603221.7959502 -1025 -736
1586603221.7959502 -1031 -737
1586603221.7959502 -1035 -735
1586603221.7959502 -1043 -736
1586603221.7959502 -1049 -738
1586603221.7959502 -1054 -736
1586603221.7959502 -1060 -735
1586603221.7959502 -1066 -735
1586603221.7959502 -1072 -738
1586603221.7959502 -1078 -736
1586603221.7959502 -1084 -735
1586603221.7959502 -1090 -737
1586603221.7959502 -1095 -738
1586603221.7959502 -1106 -735
1586603221.7959502 -1112 -737
1586603221.7959502 -1119 -738
1586603221.7959502 -1125 -734
1586603221.7959502 -1133 -735
1586603221.7959502 -1138 -736
1586603221.7959502 -1144 -736
1586603221.7959502 -1150 -735
1586603221.7959502 -1156 -733
1586603221.7959502 -1162 -737
1586603221.7959502 -1168 -733
1586603221.7959502 -1173 -734
1586603221.7959502 -1179 -735
1586603221.7959502 -1185 -737
1586603221.7959502 -1191 -737
1586603221.7959502 -1197 -735
1586603221.7959502 -1203 -732
1586603221.7959502 -1209 -737
1586603221.7959502 -1215 -736
1586603221.7959502 -1221 -735
1586603221.7959502 -1227 -735
1586603221.7959502 -1233 -736
1586603221.7959502 -1238 -736
1586603221.7959502 -1245 -734
1586603221.7959502 -1251 -736
1586603221.7959502 -1257 -739
1586603221.7959502 -1263 -738
1586603221.7959502 -1269 -735
1586603221.7959502 -1275 -731
1586603221.7959502 -1281 -738
1586603221.7959502 -1287 -738
1586603221.7959502 -1293 -736
1586603221.7959502 -1300 -730
1586603221.7959502 -1306 -733
1586603221.7959502 -1312 -740
1586603221.7959502 -1318 -735
1586603221.7959502 -1324 -733
1586603221.7959502 -1329 -736
1586603221.7959502 -1335 -736
1586603221.7959502 -1341 -735
1586603221.7959502 -1347 -735
1586603221.7959502 -1353 -732
1586603221.7959502 -1359 -739
1586603221.7959502 -1365 -735
1586603221.7959502 -1371 -734
1586603221.7959502 -1377 -736
1586603221.7959502 -1383 -737
1586603221.7959502 -1389 -736
1586603221.7959502 -1396 -739
1586603221.7959502 -1405 -738
1586603221.7959502 -1413 -732
1586603221.7959502 -1419 -733
1586603221.7959502 -1425 -736
1586603221.7959502 -1433 -737
1586603221.7959502 -1438 -733
1586603221.7959502 -1444 -733
1586603221.7959502 -1450 -733
1586603221.7959502 -1456 -735
1586603221.7959502 -1462 -731
1586603221.7959502 -1468 -733
1586603221.7959502 -1473 -735
1586603221.7959502 -1479 -735
1586603221.7959502 -1485 -733
1586603221.7959502 -1491 -734
1586603221.7959502 -1497 -734
1586603221.7959502 -1505 -735
1586603221.7959502 -1510 -730
1586603221.7959502 -1516 -731
1586603221.7959502 -1521 -735
1586603221.7959502 -1527 -734
1586603221.7959502 -1534 -729
1586603221.7959502 -1540 -732
1586603221.7959502 -1545 -735
1586603221.7959502 -1551 -735
1586603221.7959502 -1557 -735
1586603221.7959502 -1563 -731
1586603221.7959502 -1569 -737
1586603221.7959502 -1575 -737
1586603221.7959502 -1581 -733
1586603221.7959502 -1587 -735
1586603221.7959502 -1593 -734
1586603221.7959502 -1599 -734
1586603221.7959502 -1604 -732
1586603221.7959502 -1610 -733
1586603221.7959502 -1617 -733
1586603221.7959502 -1623 -735
1586603221.7959502 -1629 -734
1586603221.7959502 -1635 -733
1586603221.7959502 -1639 -733
1586603221.7959502 -1645 -735
1586603221.7959502 -1653 -733
1586603221.7959502 -1663 -731
1586603221.7959502 -1669 -735
1586603221.7959502 -1675 -735
1586603221.7959502 -1681 -733
1586603221.7959502 -1687 -732
1586603221.7959502 -1697 -732
1586603221.7959502 -1703 -731
1586603221.7959502 -1710 -734
1586603221.7959502 -1716 -736
1586603221.7959502 -1722 -735
1586603221.7959502 -1727 -731
1586603221.7959502 -1733 -734
1586603221.7959502 -1739 -738
1586603221.7959502 -1745 -732
1586603221.7959502 -1751 -732
1586603221.7959502 -1757 -732
1586603221.7959502 -1763 -736
1586603221.7959502 -1769 -736
1586603221.7959502 -1776 -730
1586603221.7959502 -1782 -735
1586603221.7959502 -1786 -734
1586603221.7959502 -1792 -738
1586603221.7959502 -1798 -735
1586603221.7959502 -1805 -732
1586603221.7959502 -1811 -735
1586603221.7959502 -1817 -737
1586603221.7959502 -1823 -732
1586603221.7959502 -1829 -733
1586603221.7959502 -1835 -735
1586603221.7959502 -1842 -736
1586603221.7959502 -1847 -734
1586603221.7959502 -1854 -732
1586603221.7959502 -1860 -736
1586603221.7959502 -1865 -736
1586603221.7959502 -1871 -734
1586603221.7959502 -1877 -731
1586603221.7959502 -1883 -737
1586603221.7959502 -1889 -734
1586603221.7959502 -1895 -734
1586603221.7959502 -1901 -732
1586603221.7959502 -1907 -735
1586603221.7959502 -1914 -733
1586603221.7959502 -1920 -735
1586603221.7959502 -1924 -731
1586603221.7959502 -1930 -735
1586603221.7959502 -1937 -737
1586603221.7959502 -1943 -731
1586603221.7959502 -1948 -735
1586603221.7959502 -1955 -736
1586603221.7959502 -1961 -734
1586603221.7959502 -1967 -734
1586603221.7959502 -1973 -733
1586603221.7959502 -1979 -733
1586603221.7959502 -1985 -735
1586603221.7959502 -1995 -734
1586603221.7959502 -2002 -737
1586603221.7959502 -2008 -735
1586603221.7959502 -2014 -734
1586603221.7959502 -2020 -734
1586603221.7959502 -2027 -735
1586603221.7959502 -2033 -737
1586603221.7959502 -2039 -734
1586603221.7959502 -2045 -732
1586603221.7959502 -2051 -738
1586603221.7959502 -2055 -736
1586603221.7959502 -2063 -732
1586603221.7959502 -2068 -733
1586603221.7959502 -2074 -738
1586603221.7959502 -2080 -735
1586603221.7959502 -2086 -735
1586603221.7959502 -2092 -731
1586603221.7959502 -2098 -733
1586603221.7959502 -2104 -734
1586603221.7959502 -2109 -735
1586603221.7959502 -2115 -734
1586603221.7959502 -2121 -734
1586603221.7959502 -2127 -732
1586603221.7959502 -2133 -731
1586603221.7959502 -2140 -732
1586603221.7959502 -2146 -734
1586603221.7959502 -2152 -733
1586603221.7959502 -2158 -734
1586603221.7959502 -2164 -732
1586603221.7959502 -2168 -738
1586603221.7959502 -2175 -737
1586603221.7959502 -2181 -730
1586603221.7959502 -2187 -735
1586603221.7959502 -2193 -736
1586603221.7959502 -2199 -735
1586603221.7959502 -2205 -734
1586603221.7959502 -2211 -735
1586603221.7959502 -2217 -735
1586603221.7959502 -2223 -736
1586603221.7959502 -2229 -735
1586603221.7959502 -2234 -733
1586603221.7959502 -2240 -736
1586603221.7959502 -2246 -735
1586603221.7959502 -2253 -735
1586603221.7959502 -2259 -732
1586603221.7959502 -2264 -734
1586603221.7959502 -2269 -735
1586603221.7959502 -2275 -732
1586603221.7959502 -2286 -729
1586603221.7959502 -2293 -734
1586603221.7959502 -2301 -733
1586603221.7959502 -2306 -731
1586603221.7959502 -2312 -732
1586603221.7959502 -2318 -734
1586603221.7959502 -2325 -732
1586603221.7959502 -2330 -732
1586603221.7959502 -2335 -733
1586603221.7959502 -2341 -735
1586603221.7959502 -2347 -733
1586603221.7959502 -2353 -731
1586603221.7959502 -2359 -735
1586603221.7959502 -2367 -733
1586603221.7959502 -2372 -732
1586603221.7959502 -2378 -730
1586603221.7959502 -2384 -732
1586603221.7959502 -2390 -734
1586603221.7959502 -2396 -733
1586603221.7959502 -2401 -730
1586603221.7959502 -2407 -730
1586603221.7959502 -2413 -734
1586603221.7959502 -2419 -731
1586603221.7959502 -2425 -730
1586603221.7959502 -2431 -732
1586603221.7959502 -2437 -736
1586603221.7959502 -2443 -733
1586603221.7959502 -2449 -733
1586603221.7959502 -2454 -731
1586603221.7959502 -2460 -734
1586603221.7959502 -2466 -736
1586603221.7959502 -2473 -727
1586603221.7959502 -2479 -731
1586603221.7959502 -2485 -733
1586603221.7959502 -2491 -731
1586603221.7959502 -2497 -731
1586603221.7959502 -2503 -733
1586603221.7959502 -2509 -733
1586603221.7959502 -2515 -731
1586603221.7959502 -2520 -727
1586603221.7959502 -2526 -730
1586603221.7959502 -2532 -734
1586603221.7959502 -2538 -728
1586603221.7959502 -2544 -730
1586603221.7959502 -2549 -727
1586603221.7959502 -2555 -731
1586603221.7959502 -2561 -734
1586603221.7959502 -2567 -727
1586603221.7959502 -2573 -732
1586603221.7959502 -2585 -731
1586603221.7959502 -2592 -730
1586603221.7959502 -2598 -730
1586603221.7959502 -2604 -731
1586603221.7959502 -2610 -734
1586603221.7959502 -2615 -733
1586603221.7959502 -2621 -730
1586603221.7959502 -2627 -733
1586603221.7959502 -2633 -734
1586603221.7959502 -2639 -730
1586603221.7959502 -2645 -733
1586603221.7959502 -2651 -731
1586603221.7959502 -2657 -733
1586603221.7959502 -2664 -730
1586603221.7959502 -2669 -731
1586603221.7959502 -2675 -732
1586603221.7959502 -2681 -731
1586603221.7959502 -2687 -732
1586603221.7959502 -2693 -731
1586603221.7959502 -2699 -733
1586603221.7959502 -2705 -733
1586603221.7959502 -2711 -733
1586603221.7959502 -2719 -729
1586603221.7959502 -2725 -731
1586603221.7959502 -2731 -730
1586603221.7959502 -2739 -733
1586603221.7959502 -2744 -732
1586603221.7959502 -2750 -733
1586603221.7959502 -2756 -732
1586603221.7959502 -2762 -730
1586603221.7959502 -2768 -733
1586603221.7959502 -2773 -734
1586603221.7959502 -2779 -731
1586603221.7959502 -2785 -729
1586603221.7959502 -2791 -731
1586603221.7959502 -2797 -735
1586603221.7959502 -2803 -731
1586603221.7959502 -2809 -728
1586603221.7959502 -2815 -734
1586603221.7959502 -2821 -736
1586603221.7959502 -2826 -730
1586603221.7959502 -2832 -729
1586603221.7959502 -2838 -731
1586603221.7959502 -2845 -735
1586603221.7959502 -2851 -734
1586603221.7959502 -2857 -730
1586603221.7959502 -2861 -732
1586603221.7959502 -2870 -731
1586603221.7959502 -2877 -730
1586603221.7959502 -2885 -733
1586603221.7959502 -2891 -733
1586603221.7959502 -2898 -733
1586603221.7959502 -2904 -731
1586603221.7959502 -2910 -732
1586603221.7959502 -2914 -732
1586603221.7959502 -2921 -733
1586603221.7959502 -2927 -729
1586603221.7959502 -2933 -728
1586603221.7959502 -2939 -731
1586603221.7959502 -2945 -731
1586603221.7959502 -2951 -731
1586603221.7959502 -2957 -732
1586603221.7959502 -2963 -730
1586603221.7959502 -2968 -734
1586603221.7959502 -2974 -730
1586603221.7959502 -2980 -733
1586603221.7959502 -2986 -735
1586603221.7959502 -2992 -733
1586603221.7959502 -2999 -732
1586603221.7959502 -3005 -732
1586603221.7959502 -3011 -735
1586603221.7959502 -3015 -732
1586603221.7959502 -3022 -729
1586603221.7959502 -3028 -729
1586603221.7959502 -3034 -731
1586603221.7959502 -3040 -735
1586603221.7959502 -3046 -734
1586603221.7959502 -3052 -729
1586603221.7959502 -3057 -737
1586603221.7959502 -3063 -733
1586603221.7959502 -3069 -730
1586603221.7959502 -3075 -730
1586603221.7959502 -3081 -731
1586603221.7959502 -3087 -730
1586603221.7959502 -3093 -729
1586603221.7959502 -3099 -728
1586603221.7959502 -3106 -730
1586603221.7959502 -3112 -730
1586603221.7959502 -3117 -729
1586603221.7959502 -3123 -729
1586603221.7959502 -3131 -734
1586603221.7959502 -3137 -731
1586603221.7959502 -3142 -729
1586603221.7959502 -3148 -729
1586603221.7959502 -3154 -729
1586603221.7959502 -3160 -729
1586603221.7959502 -3170 -729
1586603221.7959502 -3177 -732
1586603221.7959502 -3183 -731
1586603221.7959502 -3191 -729
1586603221.7959502 -3196 -728
1586603221.7959502 -3202 -732
1586603221.7959502 -3208 -733
1586603221.7959502 -3214 -726
1586603221.7959502 -3220 -730
1586603221.7959502 -3225 -730
1586603221.7959502 -3231 -735
1586603221.7959502 -3237 -729
1586603221.7959502 -3243 -726
1586603221.7959502 -3249 -731
1586603221.7959502 -3256 -734
1586603221.7959502 -3262 -731
1586603221.7959502 -3267 -730
1586603221.7959502 -3273 -731
1586603221.7959502 -3278 -733
1586603221.7959502 -3284 -730
1586603221.7959502 -3291 -730
1586603221.7959502 -3297 -729
1586603221.7959502 -3303 -735
1586603221.7959502 -3309 -730
1586603221.7959502 -3315 -729
1586603221.7959502 -3321 -735
1586603221.7959502 -3327 -733
1586603221.7959502 -3337 -725
1586603221.7959502 -3343 -732
1586603221.7959502 -3349 -732
1586603221.7959502 -3354 -729
1586603221.7959502 -3360 -728
1586603221.7959502 -3367 -732
1586603221.7959502 -3373 -732
1586603221.7959502 -3379 -731
1586603221.7959502 -3385 -729
1586603221.7959502 -3391 -728
1586603221.7959502 -3395 -730
1586603221.7959502 -3403 -731
1586603221.7959502 -3408 -726
1586603221.7959502 -3414 -731
1586603221.7959502 -3420 -730
1586603221.7959502 -3426 -733
1586603221.7959502 -3432 -728
1586603221.7959502 -3437 -733
1586603221.7959502 -3443 -734
1586603221.7959502 -3449 -727
1586603221.7959502 -3458 -728
1586603221.7959502 -3467 -734
1586603221.7959502 -3473 -730
1586603221.7959502 -3478 -728
1586603221.7959502 -3484 -726
1586603221.7959502 -3490 -731
1586603221.7959502 -3496 -730
1586603221.7959502 -3502 -731
1586603221.7959502 -3507 -729
1586603221.7959502 -3515 -730
1586603221.7959502 -3521 -731
1586603221.7959502 -3527 -731
1586603221.7959502 -3532 -730
1586603221.7959502 -3538 -731
1586603221.7959502 -3544 -728
1586603221.7959502 -3550 -730
1586603221.7959502 -3556 -730
1586603221.7959502 -3561 -730
1586603221.7959502 -3567 -730
1586603221.7959502 -3573 -734
1586603221.7959502 -3579 -728
1586603221.7959502 -3585 -732
1586603221.7959502 -3591 -732
1586603221.7959502 -3597 -729
1586603221.7959502 -3603 -729
1586603221.7959502 -3608 -729
1586603221.7959502 -3614 -731
1586603221.7959502 -3620 -731
