0.00993657112121582 0 2
0.029764175415039062 2 21
0.0454249382019043 7 270
0.05646562576293945 11 342
0.06970429420471191 17 410
0.08058381080627441 22 477
0.09344959259033203 29 517
0.10389947891235352 36 577
0.11683988571166992 44 603
0.13002419471740723 51 636
0.14075541496276855 58 657
0.15348339080810547 68 681
0.16397762298583984 76 695
0.17682242393493652 85 709
0.18993830680847168 93 722
0.20067143440246582 101 734
0.21341395378112793 111 745
0.2239372730255127 120 750
0.23678374290466309 129 761
0.24988746643066406 139 766
0.26058244705200195 146 772
0.2733452320098877 157 779
0.28382062911987305 167 782
0.2966725826263428 176 783
0.3099370002746582 186 788
0.319582462310791 193 784
0.33061814308166504 200 711
0.3400897979736328 205 581
0.34972548484802246 209 488
0.3593573570251465 213 367
0.36911940574645996 214 269
0.37950873374938965 215 240
0.3890807628631592 215 240
0.3976929187774658 213 -33
0.40726518630981445 211 -105
0.41689515113830566 207 -260
0.4331846237182617 202 -344
0.4450407028198242 198 -406
0.4548013210296631 193 -451
0.46457576751708984 189 -490
0.4744105339050293 184 -529
0.4848456382751465 177 -553
0.4955713748931885 171 -579
0.5064282417297363 166 -537
0.5168437957763672 162 -427
0.5273623466491699 159 -285
0.5397119522094727 159 -263
0.5506515502929688 159 -263
0.5613565444946289 161 66
0.5718693733215332 163 61
0.5835845470428467 167 272
0.594017744064331 171 352
0.6048934459686279 176 401
0.615696907043457 181 468
0.6253166198730469 186 495
0.6356790065765381 190 448
0.6453251838684082 193 368
0.6548337936401367 194 276
0.6645011901855469 195 247
0.674034833908081 195 247
0.6845858097076416 193 -68
0.6939859390258789 191 -103
0.7036857604980469 189 -212
0.7133574485778809 185 -265
0.7230241298675537 182 -355
0.7327089309692383 177 -399
0.7440788745880127 172 -451
0.7548048496246338 169 -429
0.7654058933258057 165 -299
0.7758748531341553 164 -179
0.7877602577209473 164 -107
0.7991693019866943 166 95
0.8096675872802734 168 162
0.8232927322387695 173 271
0.8368067741394043 177 372
0.8497166633605957 184 430
0.8596141338348389 187 428
0.8694078922271729 191 360
0.8791003227233887 192 268
0.8894805908203125 193 234
0.8991620540618896 192 42
0.9095139503479004 191 -82
0.9190595149993896 188 -178
0.9291365146636963 185 -257
0.9396095275878906 181 -313
0.9492275714874268 177 -381
0.9597480297088623 173 -416
0.9705829620361328 169 -386
0.9812154769897461 167 -287
0.9931395053863525 166 -240
1.0036799907684326 167 -38
1.0141277313232422 168 25
1.0248346328735352 171 183
1.0355689525604248 175 283
1.0472755432128906 179 363
1.0577614307403564 183 402
1.0673987865447998 187 398
1.0770137310028076 190 349
1.0868682861328125 191 257
1.09726881980896 192 196
1.1068599224090576 191 0
1.116553544998169 190 -26
1.1258471012115479 187 -198
1.1354446411132812 184 -264
1.1459124088287354 181 -326
1.15694260597229 176 -381
1.1674211025238037 173 -347
1.1784980297088623 171 -277
1.1893563270568848 170 -185
1.2008702754974365 171 0
1.211740255355835 173 27
1.2271926403045654 177 235
1.2376346588134766 182 338
1.2505791187286377 186 394
1.260035514831543 189 362
1.2698838710784912 191 280
1.2794840335845947 193 191
1.2890651226043701 192 44
1.2995383739471436 191 -39
1.3090593814849854 189 -83
1.3177001476287842 187 -148
1.3274822235107422 184 -293
1.337127447128296 180 -345
1.3494513034820557 175 -397
1.3599233627319336 172 -358
1.3706789016723633 170 -262
1.381579875946045 169 -235
1.392521619796753 170 0
1.403885841369629 171 52
1.4145824909210205 174 112
1.4250636100769043 178 299
1.436704397201538 183 353
1.4471900463104248 187 393
1.456834316253662 190 373
1.4666080474853516 191 280
1.4758062362670898 193 189
1.485456943511963 193 44
1.4958469867706299 191 -87
1.505448818206787 189 -121
1.5151102542877197 187 -195
1.524972915649414 183 -291
1.534569501876831 181 -338
1.5450913906097412 176 -399
1.5568702220916748 172 -367
1.567432165145874 170 -266
1.5778374671936035 170 -234
1.5893065929412842 170 -37
1.6007952690124512 172 24
1.6114895343780518 175 82
1.622032880783081 179 296
1.6375401020050049 185 368
1.6496477127075195 187 343
1.6593499183654785 189 280
1.6690850257873535 189 191
1.6777043342590332 189 44
1.6874494552612305 187 -26
1.6970698833465576 185 -84
1.707402229309082 182 -270
1.7169780731201172 178 -308
1.7275822162628174 174 -379
1.7389533519744873 171 -360
1.7506022453308105 169 -276
1.7613575458526611 168 -182
1.7720484733581543 169 -41
1.7827849388122559 170 24
1.7933528423309326 173 161
1.8048310279846191 177 273
1.8155815601348877 181 348
1.8251233100891113 185 389
1.834704875946045 187 365
1.8441240787506104 189 273
1.854787826538086 191 178
1.8641357421875 190 112
1.8738646507263184 189 0
1.8835136890411377 187 -137
1.8931331634521484 184 -184
1.9036941528320312 181 -284
1.9150166511535645 176 -358
1.9256834983825684 173 -336
1.9370527267456055 171 -243
1.9475066661834717 171 -243
1.9598500728607178 173 39
1.9704844951629639 175 84
1.9810690879821777 178 209
1.9934115409851074 182 305
2.003079891204834 186 373
2.013549566268921 189 358
2.0284698009490967 191 184
2.037501335144043 191 43
2.0494801998138428 190 0
2.0599677562713623 188 -75
2.0697126388549805 186 -105
2.079373359680176 183 -266
2.089092493057251 179 -326
2.0995798110961914 175 -387
2.111360788345337 171 -357
2.1218860149383545 169 -246
2.1325619220733643 169 -176
2.143129825592041 170 46
2.153561592102051 172 91
2.1653125286102295 175 185
2.1758816242218018 178 265
2.186779499053955 183 351
2.196394205093384 185 357
2.20558762550354 188 291
2.216404676437378 189 182
2.2255702018737793 189 49
2.235309600830078 188 -36
2.244791030883789 187 -52
2.2544102668762207 184 -186
2.2648568153381348 180 -287
2.2754361629486084 177 -335
2.2858715057373047 174 -316
2.296893835067749 172 -246
2.3073694705963135 172 -110
2.3196754455566406 173 0
2.3300938606262207 175 51
2.3408005237579346 177 161
2.356786012649536 183 330
2.370460271835327 188 392
2.379875659942627 191 363
2.3915255069732666 194 265
2.400899887084961 195 234
2.4138567447662354 195 35
2.4236230850219727 193 -73
2.442577362060547 189 -129
2.453575611114502 185 -268
2.4676568508148193 180 -377
2.4792299270629883 175 -406
2.491774082183838 171 -370
2.502549409866333 169 -259
2.516819715499878 169 -259
2.527475118637085 170 67
2.541128158569336 173 103
2.5520238876342773 176 262
2.565884590148926 181 341
2.57556414604187 185 386
2.587245464324951 188 351
2.5993824005126953 190 258
2.609041690826416 191 193
2.620086431503296 190 -90
2.63189435005188 187 -124
2.641425132751465 185 -150
2.6530845165252686 181 -288
2.6626601219177246 177 -368
2.675938129425049 172 -400
2.6901276111602783 168 -349
2.700888156890869 166 -242
2.713113784790039 166 44
2.7325074672698975 168 56
2.746485948562622 171 180
2.756995677947998 175 288
2.7689621448516846 180 373
2.77948260307312 184 394
2.789069652557373 187 389
2.7976877689361572 189 333
2.807504415512085 190 176
2.81705904006958 190 45
2.8327412605285645 188 -87
2.8429291248321533 186 -181
2.8545751571655273 183 -252
2.864107370376587 179 -299
2.875906229019165 175 -374
2.886960029602051 171 -348
2.8974738121032715 169 -237
2.9097089767456055 169 -237
2.92014217376709 170 40
2.931992769241333 172 119
2.9428937435150146 175 204
2.953488349914551 179 271
2.963986873626709 183 361
2.974797487258911 186 363
2.9844486713409424 189 325
2.9938390254974365 190 196
3.0034677982330322 190 196
3.0132274627685547 189 0
3.0227060317993164 187 -85
3.0332679748535156 185 -115
3.042785882949829 183 -257
3.0521163940429688 179 -303
3.062946319580078 175 -370
3.0735692977905273 171 -338
3.090589761734009 169 -240
3.1011104583740234 169 -122
3.111778497695923 171 0
3.1224191188812256 173 141
3.13394832611084 176 242
3.144684314727783 180 312
3.1540560722351074 183 368
3.163644790649414 187 356
3.1732802391052246 189 272
3.183739185333252 189 177
3.1934654712677 189 107
3.203275203704834 187 -96
3.2129104137420654 185 -156
3.2224180698394775 183 -284
3.2392919063568115 177 -332
3.251068353652954 174 -289
3.2636477947235107 173 -160
3.2744903564453125 173 -117
3.285947561264038 174 27
3.29691743850708 177 144
3.307724714279175 180 268
3.31738543510437 183 312
3.3270890712738037 186 290
3.344573736190796 188 186
3.3539960384368896 187 0
3.3636207580566406 186 -26
3.373410224914551 184 -119
3.3838088512420654 181 -242
3.3945729732513428 177 -292
3.405135154724121 174 -317
3.41573166847229 172 -265
3.4266796112060547 171 -178
3.438969135284424 172 0
3.4493207931518555 174 58
3.4599356651306152 176 160
3.470578670501709 179 290
3.479921579360962 183 322
3.4907267093658447 185 307
3.5000460147857666 187 265
3.5096547603607178 187 265
3.5192880630493164 187 265
3.5291736125946045 185 -58
3.5396788120269775 183 -92
3.549563407897949 180 -222
3.5600712299346924 177 -297
3.5708234310150146 174 -299
3.5814876556396484 173 -181
3.5933501720428467 173 -45
3.603860855102539 174 86
3.614736557006836 176 122
3.6251797676086426 180 271
3.6414456367492676 185 333
3.65303635597229 187 316
3.6627230644226074 189 256
3.6725728511810303 189 256
3.6820592880249023 188 0
3.6927359104156494 187 -24
3.7020792961120605 184 -82
3.711574077606201 181 -256
3.72139573097229 178 -303
3.7320730686187744 174 -372
3.7437589168548584 170 -338
3.754483461380005 169 -241
3.7649965286254883 168 -108
3.7755627632141113 169 0
3.785893678665161 171 85
3.797626495361328 173 159
3.809065580368042 177 278
3.8194940090179443 181 335
3.8291079998016357 185 388
3.83954119682312 188 356
3.849236249923706 190 274
3.857835054397583 191 186
3.8674378395080566 190 105
3.8770673274993896 189 -95
3.886685848236084 187 -128
3.8970322608947754 184 -188
3.907405376434326 181 -281
3.9184987545013428 177 -342
3.9292683601379395 174 -329
3.941692352294922 172 -242
3.952390432357788 172 -110
3.9630398750305176 173 0
3.9735567569732666 175 51
3.984105110168457 177 160
3.9956605434417725 181 273
4.005318880081177 185 338
4.014804124832153 187 326
4.0244410037994385 189 186
4.039269685745239 189 45
4.051226615905762 187 -87
4.061582326889038 185 -122
4.071249008178711 183 -189
4.08082914352417 180 -271
4.09293270111084 175 -349
4.103426694869995 172 -323
4.114091396331787 171 -253
4.124772071838379 171 -253
4.135329484939575 171 0
4.14717173576355 173 72
4.1576478481292725 176 126
4.169115304946899 180 297
4.177730321884155 183 332
4.187312841415405 186 317
4.197727203369141 187 255
4.207507610321045 188 192
4.217110633850098 187 0
4.226707458496094 185 -25
4.235938549041748 184 -165
4.246899366378784 180 -243
4.2574076652526855 177 -291
4.268902778625488 175 -287
4.2793943881988525 173 -180
4.289872646331787 173 -46
4.301818609237671 175 89
4.312524080276489 176 123
4.323039293289185 179 212
4.333768129348755 183 292
4.343455076217651 186 310
4.353901624679565 188 264
4.3635454177856445 189 236
4.373324632644653 189 236
4.382922172546387 188 -35
4.392510652542114 186 -76
4.403059005737305 183 -134
4.4125282764434814 180 -291
4.4230945110321045 176 -334
4.4387805461883545 172 -290
4.452005624771118 171 -119
4.463455677032471 172 48
4.4739861488342285 174 93
4.484840154647827 177 170
4.495403289794922 180 297
4.505849599838257 183 336
4.515580654144287 186 324
4.525074005126953 188 246
4.534694194793701 188 152
4.544102668762207 188 112
4.554757595062256 187 0
4.564042568206787 185 -135
4.573835372924805 183 -161
4.583476305007935 179 -281
4.59396767616272 176 -332
4.605588674545288 173 -294
4.6164398193359375 171 -253
4.6270506381988525 171 -104
4.6375744342803955 172 95
4.649008274078369 175 128
4.660489797592163 177 214
4.671074151992798 181 285
4.680577516555786 185 347
4.690065383911133 187 334
4.6996910572052 189 260
4.71009635925293 190 193
4.719733953475952 190 193
4.729349374771118 189 0
4.737863302230835 187 -46
4.747580528259277 185 -102
4.759156942367554 181 -275
4.769581079483032 177 -323
4.7800798416137695 174 -339
4.790799379348755 172 -271
4.801520347595215 171 -248
4.813416242599487 171 -248
4.823842763900757 172 65
4.839484214782715 176 126
4.853012561798096 180 275
4.863693952560425 184 350
4.873570680618286 187 330
4.883313179016113 189 271
4.893065690994263 189 177
4.9025561809539795 189 0
4.913712501525879 187 -27
4.923288106918335 185 -156
4.933023691177368 183 -240
4.942531108856201 179 -280
4.9530415534973145 175 -359
4.964539527893066 172 -332
4.975045680999756 170 -235
4.9855797290802 170 -235
4.9965338706970215 170 0
5.00775671005249 172 47
5.019304037094116 175 104
5.029792547225952 179 284
5.040483474731445 182 337
5.050020933151245 185 346
5.0606467723846436 188 282
5.070019960403442 189 260
5.080105543136597 189 260
5.089789390563965 188 0
5.099318742752075 186 -24
5.109731674194336 183 -127
5.119375705718994 180 -280
5.129901885986328 177 -327
5.140561580657959 174 -313
5.151402235031128 173 -274
5.163085699081421 172 -42
5.173812389373779 173 33
5.184479475021362 175 74
5.1949238777160645 179 190
5.2055137157440186 182 285
5.216347932815552 185 308
5.225574970245361 187 278
5.240443229675293 188 179
5.250640153884888 187 -39
5.263729810714722 185 -83
5.273452281951904 182 -182
5.283357858657837 179 -274
5.294033765792847 175 -329
5.304697513580322 172 -318
5.316553115844727 170 -235
5.327027320861816 170 -235
5.337445259094238 172 32
5.350451469421387 174 113
5.360866069793701 177 251
5.372884035110474 181 308
5.3821563720703125 184 358
5.391755819320679 187 348
5.401220321655273 189 260
5.41080117225647 190 196
5.421501874923706 190 196
5.430846929550171 189 0
5.440074682235718 187 -46
5.449671268463135 185 -192
5.459246635437012 182 -256
5.470958471298218 177 -322
5.481771230697632 174 -344
5.492500305175781 172 -276
5.503074884414673 171 -234
5.513525009155273 171 -38
5.525063991546631 173 73
5.53573203086853 175 175
5.546831846237183 178 236
5.557269096374512 181 307
5.567692279815674 185 357
5.577357053756714 188 328
5.587069272994995 190 259
5.59668493270874 190 233
5.605896472930908 190 39
5.615455150604248 188 -75
5.625898361206055 186 -173
5.640943765640259 182 -268
5.6515867710113525 178 -331
5.663809061050415 173 -391
5.676651239395142 169 -345
5.6872758865356445 167 -247
5.697711706161499 167 -176
5.709234952926636 168 0
5.720664739608765 169 54
5.731137275695801 172 114
5.741838693618774 175 286
5.7525200843811035 179 332
5.76195764541626 183 386
5.772723436355591 186 367
5.782072305679321 189 278
5.791543960571289 189 191
5.801220178604126 189 43
5.81066107749939 188 -34
5.820963382720947 186 -75
5.830754280090332 184 -192
5.84006404876709 181 -295
5.850839138031006 177 -333
5.861500024795532 174 -323
5.8731324672698975 172 -253
5.883610248565674 172 -42
5.894484043121338 173 0
5.905600547790527 175 79
5.916475534439087 177 186
5.927868604660034 181 283
5.937441825866699 185 339
5.947242021560669 188 316
5.95683741569519 189 243
5.966426134109497 189 243
5.97687292098999 189 35
5.986491441726685 188 -68
5.995662212371826 186 -103
6.0052855014801025 183 -235
6.014928340911865 180 -298
6.02680516242981 175 -350
6.042537450790405 172 -284
6.053524971008301 171 -262
6.066737413406372 171 -262
6.079156398773193 173 63
6.089828729629517 175 79
6.100518226623535 178 260
6.111099004745483 183 321
6.120629549026489 185 339
6.131476402282715 188 283
6.140811920166016 189 237
6.150160312652588 189 237
6.159918308258057 188 -34
6.169475078582764 186 -24
6.179919481277466 183 -134
6.189718961715698 181 -249
6.2004382610321045 177 -322
6.211057901382446 174 -313
6.221682548522949 173 -277
6.23334527015686 172 -193
6.243788480758667 173 0
6.254550933837891 175 47
6.2650275230407715 178 138
6.27556848526001 182 275
6.285967826843262 185 341
6.2955639362335205 188 325
6.3050377368927 189 240
6.31483268737793 190 169
6.324578762054443 190 0
6.334812879562378 189 -89
6.344466924667358 187 -123
6.353842496871948 184 -201
6.363468885421753 181 -277
6.374072074890137 177 -331
6.385746717453003 174 -298
6.396603107452393 173 -194
6.407030820846558 172 -194
6.41747784614563 173 0
6.429006099700928 175 72
6.446704626083374 179 257
6.457510948181152 184 311
6.4678263664245605 186 278
6.477520942687988 187 198
6.4891674518585205 187 198
6.497715473175049 187 36
6.507365703582764 185 -23
6.517016410827637 183 -169
6.5266406536102295 180 -245
6.538465976715088 176 -306
6.549456834793091 173 -299
6.560126066207886 172 -243
6.570829629898071 172 -49
6.583773612976074 173 37
6.594505310058594 175 128
6.604989051818848 179 205
6.615723371505737 182 278
6.625354051589966 185 307
6.641824960708618 187 179
6.651398420333862 187 179
6.660752296447754 187 39
6.670475006103516 185 -23
6.679861307144165 183 -155
6.6904826164245605 181 -225
6.701062917709351 177 -278
6.711865425109863 175 -277
6.722571849822998 173 -240
6.733279466629028 173 -106
6.744897365570068 175 99
6.755516767501831 177 130
6.765928030014038 179 205
6.776777267456055 183 292
6.787294387817383 186 291
6.7969183921813965 187 247
6.806551218032837 188 194
6.815791368484497 187 41
6.825387477874756 186 -78
6.834877967834473 183 -189
6.852461099624634 179 -276
6.863659858703613 175 -335
6.87453556060791 172 -318
6.88513445854187 171 -194
6.896993398666382 170 -194
6.909155607223511 172 33
6.91966438293457 174 75
6.930143117904663 177 195
6.941890001296997 181 304
6.951401233673096 184 351
6.960782051086426 187 349
6.970544338226318 189 276
6.979865312576294 189 187
6.990406036376953 189 44
6.99987530708313 187 -26
7.009428262710571 185 -120
7.019085168838501 183 -189
7.027842044830322 180 -269
7.0392608642578125 175 -346
7.0506603717803955 173 -330
7.061368227005005 171 -255
7.071863412857056 171 -47
7.082501649856567 172 41
7.094048738479614 174 124
7.1049158573150635 177 188
7.115518569946289 181 285
7.125035047531128 184 338
7.134633541107178 187 338
7.14508843421936 189 261
7.154803276062012 189 261
7.164148330688477 189 33
7.173790216445923 187 -65
7.183413028717041 185 -100
7.193755626678467 182 -246
7.203421354293823 179 -276
7.21403694152832 175 -357
7.224746227264404 171 -330
7.235508680343628 170 -239
7.252499341964722 170 -106
7.264913558959961 171 25
7.275738000869751 174 177
7.286906003952026 177 224
7.299192667007446 181 315
7.307862043380737 185 363
7.317428112030029 187 339
7.327168941497803 189 249
7.336761951446533 190 186
7.347250699996948 190 42
7.3570122718811035 189 -41
7.366589069366455 187 -85
7.375817060470581 185 -187
7.385449171066284 181 -280
7.397284746170044 177 -337
7.407849550247192 174 -341
7.419220924377441 171 -277
7.429706335067749 171 -257
7.440435409545898 171 -257
7.452400207519531 172 62
7.462951183319092 175 97
7.473403692245483 178 236
7.483861446380615 181 314
7.493672132492065 185 368
7.504117250442505 188 341
7.513896465301514 190 263
7.523524761199951 191 198
7.533149480819702 190 42
7.542685508728027 189 -82
7.553071022033691 187 -116
7.562573432922363 185 -218
7.572126150131226 181 -292
7.581739187240601 177 -337
7.592440843582153 173 -392
7.603870868682861 170 -343
7.614574909210205 168 -265
7.625319957733154 167 -112
7.635896444320679 168 44
7.652782917022705 171 137
7.667250156402588 175 263
7.678463935852051 178 307
7.6904966831207275 184 378
7.7050182819366455 187 322
7.717265605926514 189 259
7.726990222930908 189 259
7.7391674518585205 187 -32
7.750917196273804 185 -101
7.762116432189941 182 -254
7.774832248687744 177 -307
7.785480976104736 174 -320
7.798962593078613 172 -196
7.812986135482788 171 -196
7.823424816131592 173 80
7.835878849029541 175 171
7.847545385360718 180 290
7.861583948135376 183 320
7.873518228530884 187 299
7.883326768875122 188 240
7.894919395446777 188 240
7.905824899673462 187 -72
7.917430877685547 184 -176
7.927177906036377 181 -247
7.940710544586182 177 -293
7.95139741897583 174 -291
7.967262268066406 173 -199
7.977853059768677 173 0
7.9896135330200195 176 80
8.002699613571167 179 199
8.01647686958313 183 298
8.025816679000854 185 299
8.035470247268677 187 246
8.047292947769165 188 193
8.06002926826477 187 0
8.078513860702515 183 -188
8.087341785430908 181 -292
8.105708837509155 173 -348
8.120839834213257 171 -265
8.133788824081421 169 -116
8.147267818450928 170 0
8.161750555038452 173 142
8.172719240188599 177 238
8.185413360595703 180 308
8.195142269134521 184 360
8.207143068313599 187 318
8.217626094818115 188 199
8.230550289154053 189 199
8.239918947219849 188 -35
8.2517409324646 186 -50
8.262127876281738 183 -134
8.274972200393677 179 -282
8.285758018493652 175 -341
8.299638271331787 172 -317
8.310504913330078 170 -180
8.324502944946289 171 -46
8.335100650787354 172 26
8.349454164505005 176 106
8.360030889511108 179 284
8.373069047927856 183 341
8.382732629776001 187 330
8.394117832183838 188 253
8.404682874679565 189 177
8.417405128479004 188 -36
8.429685831069946 186 -50
8.439312934875488 183 -106
8.449423551559448 180 -272
8.46216344833374 175 -329
8.479903221130371 172 -196
8.493715763092041 171 -196
8.515427350997925 175 171
8.52906346321106 179 233
8.54673719406128 185 330
8.55595588684082 187 317
8.567543983459473 188 237
8.582468748092651 188 38
8.59208083152771 187 -24
8.60649299621582 182 -198
8.620820999145508 177 -315
8.638922929763794 172 -365
8.652164220809937 169 -322
8.665360689163208 168 -234
8.677233457565308 168 0
8.690497159957886 170 50
8.701293706893921 174 221
8.71932578086853 179 312
8.734153509140015 186 390
8.74517035484314 191 365
8.76454758644104 193 198
8.780670881271362 193 34
8.792487621307373 192 -28
8.803708553314209 190 -100
8.815593004226685 186 -231
8.828938245773315 183 -308
8.840106725692749 178 -387
8.853490829467773 172 -420
8.86738133430481 166 -287
8.887128353118896 165 -241
8.903850317001343 166 35
8.915508031845093 169 84
8.933742761611938 173 290
8.946642637252808 179 348
8.959941148757935 183 397
8.971561193466187 188 341
8.984686851501465 189 257
8.997298240661621 190 195
9.010003805160522 189 0
9.021870136260986 187 -167
9.034960985183716 183 -214
9.046982765197754 178 -321
9.06058120727539 174 -375
9.07325029373169 170 -293
9.089685440063477 168 -175
9.10204529762268 169 -42
9.114773273468018 172 153
9.134742498397827 177 264
9.153355598449707 182 349
9.165148496627808 187 384
9.17922306060791 191 291
9.193253517150879 193 179
9.205775022506714 192 0
9.2177574634552 190 -53
9.233394384384155 187 -148
9.245525360107422 183 -276
9.259772300720215 177 -374
9.281759977340698 168 -390
9.299293994903564 165 -288
9.314577579498291 164 -243
9.331562042236328 167 47
9.347383499145508 171 207
9.36186957359314 176 329
9.37728476524353 184 415
9.394104719161987 189 446
9.405844926834106 193 349
9.41909670829773 195 239
9.433826923370361 196 45
9.446608781814575 195 -40
9.460818767547607 193 -118
9.47061038017273 188 -278
9.486977577209473 183 -340
9.499454975128174 177 -400
9.514132261276245 171 -437
9.533178091049194 166 -336
9.545568943023682 165 -241
9.563033103942871 165 0
9.575557708740234 168 108
9.594604253768921 173 272
9.60536813735962 178 360
9.62343692779541 185 405
9.639967679977417 191 359
9.654672861099243 193 284
9.665153503417969 194 169
9.684877872467041 191 -80
9.703185319900513 187 -202
9.717809200286865 182 -316
9.729853868484497 178 -375
9.747524499893188 170 -432
9.763597249984741 165 -352
9.776673078536987 163 -246
9.790101766586304 163 -49
9.803581476211548 165 26
9.816756963729858 168 183
9.827524900436401 171 263
9.84207272529602 176 344
9.853136777877808 181 398
9.864920616149902 186 431
9.874521255493164 189 391
9.883938074111938 192 271
9.896456718444824 193 175
9.909602165222168 192 48
9.919174194335938 191 -91
9.930493116378784 189 -153
9.941063642501831 186 -239
9.952984809875488 182 -304
9.963719606399536 176 -369
9.976673126220703 173 -331
9.98963189125061 171 -194
10.001572608947754 172 -43
10.0133695602417 173 81
10.023817539215088 175 190
10.034669637680054 178 232
10.046478271484375 183 317
10.055692434310913 186 327
10.065281629562378 188 267
10.074803113937378 189 241
10.089963912963867 188 0
10.103317499160767 186 -49
10.113329648971558 184 -82
10.123140096664429 181 -249
10.133785009384155 177 -310
10.14538860321045 174 -292
10.155944585800171 173 -252
10.166882276535034 173 -252
10.177390813827515 174 34
10.18781065940857 176 105
10.2000892162323 179 230
10.210954189300537 183 293
10.220721006393433 186 315
10.23004961013794 188 264
10.239667415618896 189 237
10.250034809112549 189 237
10.259661436080933 187 -35
10.269357681274414 186 -50
10.278917074203491 184 -133
10.287532329559326 181 -281
10.299862146377563 176 -322
10.310579061508179 174 -307
10.32111144065857 172 -237
10.331931352615356 172 -237
10.342668771743774 173 0
10.35411787033081 175 45
10.364819049835205 178 130
10.375439405441284 181 276
10.384962797164917 185 327
10.394783973693848 187 314
10.405165433883667 189 275
10.414801120758057 189 190
10.431881189346313 187 -83
10.441480875015259 185 -119
10.452037334442139 183 -226
10.461585760116577 179 -297
10.472511529922485 176 -347
10.487843036651611 172 -277
10.502049207687378 171 -252
10.513520956039429 171 -33
10.524100542068481 173 64
10.535013437271118 175 186
10.545566082000732 178 254
10.55706262588501 183 317
10.56682276725769 186 366
10.576428174972534 189 352
10.5857093334198 191 278
10.595343589782715 191 192
10.605786323547363 191 41
10.61556363105774 190 -77
10.62503457069397 188 -113
10.634783267974854 186 -191
10.644158124923706 183 -289
10.654841899871826 178 -332
10.665441274642944 174 -389
10.675874471664429 171 -363
10.686977624893188 169 -266
10.697433233261108 168 -110
10.709812879562378 169 0
10.720461130142212 171 26
10.730933904647827 173 199
10.741822242736816 176 262
10.75265908241272 181 322
10.763194799423218 185 377
10.772724628448486 187 357
10.78209400177002 189 265
10.791662454605103 190 238
10.80109429359436 190 48
10.811936378479004 189 -45
10.821430444717407 187 -87
10.830859899520874 185 -196
10.840436697006226 182 -266
10.849827766418457 179 -316
10.861758470535278 174 -370
10.872647523880005 171 -357
10.885968685150146 169 -268
10.899994850158691 169 -107
10.913408756256104 170 95
10.924020528793335 172 141
10.935030221939087 176 237
10.94555115699768 179 313
10.956347227096558 184 373
10.966848134994507 187 367
10.976469278335571 189 324
10.985658645629883 191 245
10.995452165603638 191 245
11.005109071731567 190 33
11.015693664550781 189 -64
11.025399446487427 187 -181
11.034855842590332 184 -206
11.044472694396973 181 -296
11.055164337158203 177 -345
11.066926002502441 174 -320
11.077399015426636 172 -190
11.090034008026123 172 -40
11.100786685943604 173 0
11.112747430801392 175 72
11.123351812362671 179 191
11.133987426757812 182 282
11.143670797348022 185 307
11.153286695480347 187 279
11.163752317428589 188 174
11.173546552658081 187 47
11.183122396469116 186 -39
11.192626476287842 185 -83
11.202075004577637 182 -178
11.212658405303955 179 -288
11.22329831123352 175 -326
11.233905553817749 172 -299
11.244578123092651 171 -235
11.255101919174194 170 -235
11.267015933990479 171 0
11.277448892593384 174 112
11.293562650680542 178 270
11.306555271148682 182 326
11.31718111038208 186 330
11.326948165893555 188 271
11.336581468582153 189 246
11.345795154571533 189 246
11.355583429336548 188 -33
11.366384029388428 186 -74
11.375613451004028 183 -130
11.385100603103638 180 -283
11.39586591720581 177 -324
11.406818628311157 174 -312
11.418972969055176 172 -191
11.429476261138916 172 -191
11.439931392669678 173 0
11.450579404830933 175 47
11.462106227874756 179 193
11.47391152381897 182 284
11.48355484008789 185 309
11.493218183517456 187 283
11.502722263336182 188 190
11.512099504470825 187 42
11.523010969161987 187 -37
11.532618999481201 185 -81
11.542025089263916 182 -189
11.551585674285889 179 -274
11.562475442886353 175 -327
11.57388162612915 172 -291
11.584569692611694 171 -271
11.595305919647217 171 -47
11.60635781288147 171 35
11.616821050643921 174 124
11.62908148765564 177 183
11.639536380767822 180 270
11.649261236190796 184 343
11.657867431640625 186 328
11.667444705963135 188 251
11.67845106124878 189 171
11.692937135696411 188 0
11.704135417938232 186 -50
11.714024305343628 184 -142
11.724847793579102 180 -259
11.735599994659424 177 -310
11.74644422531128 174 -303
11.75691533088684 173 -243
11.767552614212036 173 -243
11.779984951019287 174 74
11.790650606155396 176 109
11.801377773284912 179 206
11.811941862106323 183 288
11.822611570358276 186 310
11.832112312316895 188 251
11.841727256774902 189 184
11.85112738609314 189 184
11.860580682754517 188 -36
11.869904518127441 186 -50
11.880573034286499 184 -138
11.890006303787231 181 -262
11.900671482086182 177 -305
11.91243577003479 174 -287
11.923766136169434 173 -251
11.934537172317505 173 -251
11.945046663284302 174 70
11.955718755722046 176 105
11.966618537902832 179 229
11.978503942489624 183 299
11.987540245056152 186 317
11.9971604347229 188 256
12.006955623626709 189 256
12.01655650138855 189 256
12.027013540267944 187 -32
12.036728143692017 185 -72
12.0459303855896 183 -126
12.055573463439941 180 -294
12.066551685333252 177 -327
12.07783055305481 173 -292
12.093847274780273 172 -179
12.106972455978394 173 0
12.117521524429321 174 49
12.130005121231079 177 108
12.140756607055664 180 276
12.150100231170654 183 317
12.159758567810059 186 305
12.169512510299683 188 246
12.179924964904785 188 49
12.189656257629395 187 0
12.199259281158447 186 -26
12.20781660079956 184 -180
12.217392206192017 181 -221
12.22703242301941 178 -294
12.239309072494507 173 -350
12.24994969367981 171 -327
12.260655879974365 169 -264
12.271394729614258 169 -264
12.283000707626343 169 -31
12.293402671813965 171 22
12.303968667984009 174 99
12.314832210540771 177 280
12.325702667236328 182 340
12.33653450012207 185 388
12.345691204071045 188 363
12.355271100997925 190 270
12.364856004714966 191 180
12.374638795852661 191 43
12.385040998458862 190 0
12.394625186920166 189 -48
12.40395188331604 186 -144
12.413626909255981 183 -281
12.423266410827637 179 -315
12.436661958694458 174 -376
12.447089672088623 171 -356
12.457557439804077 169 -250
12.468966007232666 169 -250
12.479483842849731 169 35
12.49550175666809 172 107
12.507489681243896 176 240
12.519985437393188 180 316
12.52974247932434 184 363
12.540536880493164 187 342
12.550019979476929 188 240
12.559743404388428 189 240
12.569396734237671 188 37
12.578986883163452 187 -72
12.589494228363037 185 -107
12.599081039428711 182 -201
12.607816219329834 179 -295
12.619248151779175 175 -335
12.629727840423584 173 -310
12.641480922698975 171 -198
12.652025699615479 171 -198
12.662721633911133 172 36
12.673386812210083 174 51
12.683857440948486 177 137
12.695611238479614 180 297
12.705152034759521 184 335
12.714752197265625 186 325
12.724106788635254 188 237
12.733890533447266 188 237
12.744596719741821 188 0
12.753936529159546 187 -71
12.763563394546509 184 -107
12.773227453231812 181 -215
12.782757043838501 179 -291
12.794545650482178 175 -349
12.805011987686157 171 -332
12.815632104873657 169 -248
12.826669931411743 169 -180
12.837227582931519 170 44
12.849558591842651 172 87
12.859997272491455 175 185
12.870670795440674 178 292
12.88137698173523 182 380
12.896901845932007 188 399
12.907615900039673 192 363
12.919215202331543 195 259
12.928497791290283 195 259
12.937601089477539 195 259
12.949122190475464 193 -30
12.957706928253174 192 -70
12.967483282089233 189 -123
12.977116584777832 186 -292
12.986725568771362 183 -332
12.997158527374268 179 -386
13.007634401321411 174 -407
13.019044637680054 171 -380
13.029716968536377 168 -284
13.041272401809692 167 -237
13.051937103271484 168 -37
13.062639236450195 169 72
13.073261022567749 172 135
13.08953332901001 177 276
13.100961685180664 180 339
13.110572338104248 185 391
13.120083808898926 188 367
13.12970757484436 190 292
13.139343738555908 191 248
13.14992904663086 191 248
13.159483194351196 190 31
13.169071674346924 189 -61
13.177699565887451 187 -182
13.187306642532349 184 -237
13.19772458076477 181 -294
13.20935583114624 176 -349
13.219854831695557 173 -324
13.230559587478638 172 -252
13.241120338439941 171 -44
13.252785205841064 173 43
13.263358116149902 175 88
13.27392864227295 177 190
13.284682989120483 183 317
13.300108671188354 187 369
13.312800168991089 190 329
13.322539806365967 192 256
13.332149505615234 192 196
13.342007160186768 192 34
13.352729797363281 191 -33
13.362070083618164 189 -73
13.371656894683838 187 -102
13.38093113899231 184 -273
13.390657186508179 181 -319
13.402549505233765 176 -378
13.413065910339355 173 -352
13.423565864562988 171 -294
13.433995723724365 170 -111
13.444736957550049 171 0
13.456552505493164 172 53
13.467154741287231 175 161
13.477633714675903 178 273
13.48909854888916 183 328
13.497720003128052 186 336
13.509131669998169 188 272
13.517740249633789 189 186
13.527352571487427 189 186
13.536988735198975 188 0
13.54653525352478 186 -50
13.556990385055542 184 -187
13.566726207733154 181 -239
13.577227115631104 177 -302
13.587721824645996 175 -316
13.599310398101807 172 -240
13.610818147659302 171 -180
13.621508598327637 172 0
13.637298583984375 175 158
13.647764444351196 179 227
13.660016536712646 182 299
13.669604301452637 185 316
13.679167985916138 187 284
13.693517684936523 188 181
13.705000638961792 187 0
13.716948509216309 185 -52
13.726797342300415 182 -113
13.736617803573608 179 -271
13.747271537780762 175 -321
13.759473085403442 173 -313
13.769979000091553 171 -240
13.780661582946777 171 -240
13.791237592697144 173 39
13.801816701889038 175 109
13.813556909561157 178 220
13.824089765548706 182 305
13.833792686462402 185 355
13.84343957901001 188 345
13.853071928024292 190 265
13.863556861877441 191 237
13.87329363822937 190 40
13.882922887802124 189 -78
13.89215612411499 187 -112
13.90175175666809 184 -199
13.913098335266113 181 -292
13.923561573028564 177 -343
13.934119701385498 174 -322
13.944852113723755 172 -235
13.95540976524353 172 -235
13.968950986862183 173 0
13.979354858398438 175 23
13.990016460418701 177 131
14.00076961517334 181 288
14.011443853378296 185 324
14.020859718322754 187 323
14.03043007850647 189 279
14.039803981781006 189 197
14.049586534500122 189 40
14.059968948364258 187 -25
14.069554805755615 185 -111
14.079094409942627 183 -194
14.08778190612793 178 -321
14.10399341583252 173 -371
14.119169473648071 169 -299
14.129726886749268 168 -192
14.140616416931152 168 -192
14.151232242584229 169 -37
14.16298246383667 171 45
14.173542737960815 174 98
14.183951377868652 177 294
14.194714784622192 181 338
14.204071760177612 185 385
14.214716672897339 188 354
14.224112033843994 190 272
14.233886957168579 191 247
14.243537902832031 191 247
14.253316640853882 190 31
14.263749599456787 188 -44
14.273358821868896 186 -183
14.282989501953125 184 -250
14.292664766311646 180 -295
14.303245306015015 176 -355
14.314831018447876 173 -345
14.32543158531189 171 -249
14.33591365814209 171 -249
14.346983909606934 171 -33
14.357460260391235 173 23
14.369792699813843 176 100
14.380598783493042 179 274
14.391261339187622 183 315
14.400747537612915 185 334
14.410460948944092 188 278
14.421050786972046 189 254
14.43052053451538 189 254
14.43988823890686 188 -32
14.449512004852295 186 -24
14.459092378616333 183 -102
14.469719409942627 180 -275
14.480501651763916 177 -326
14.493650913238525 173 -289
14.507281303405762 172 -167
14.520872354507446 172 0
14.531928777694702 174 25
14.542699813842773 176 182
14.553274393081665 180 252
14.562930822372437 183 305
14.573454141616821 185 298
14.583114385604858 187 250
14.592935562133789 187 250
14.602458715438843 186 0
14.611797332763672 185 -24
14.62247896194458 182 -82
14.631915807723999 179 -253
14.642893552780151 176 -304
14.653482675552368 173 -304
14.6639723777771 171 -196
14.675566911697388 172 -41
14.686437129974365 173 41
14.696882009506226 175 115
14.707501888275146 178 231
14.719532251358032 182 292
14.729204177856445 186 350
14.738449811935425 188 329
14.747426271438599 190 246
14.757026195526123 191 169
14.766846179962158 190 0
14.77726411819458 189 -28
14.78690242767334 186 -149
14.796581506729126 184 -205
14.805799961090088 181 -274
14.816672325134277 177 -340
14.829100608825684 174 -318
14.839538812637329 173 -276
14.850026845932007 172 -187
14.860756874084473 173 0
14.872477054595947 175 73
14.883060932159424 178 141
14.898916482925415 183 303
14.910733222961426 187 312
14.920929431915283 189 241
14.931914806365967 189 241
14.941574335098267 188 35
14.951223611831665 187 -69
14.960679054260254 185 -103
14.970099449157715 182 -226
14.98085069656372 179 -287
14.991581678390503 175 -345
15.002156734466553 172 -329
