0.014657974243164062 1 8
0.03591132164001465 4 130
0.04930615425109863 10 294
0.0632481575012207 14 398
0.07443094253540039 21 467
0.08841562271118164 27 529
0.10193514823913574 35 574
0.11289668083190918 44 604
0.1262500286102295 51 638
0.14044642448425293 60 670
0.15051698684692383 67 670
0.16248559951782227 74 595
0.17255783081054688 79 452
0.1845395565032959 81 342
0.1945950984954834 83 275
0.20660614967346191 83 109
0.21946501731872559 82 -97
0.22968053817749023 79 -160
0.2419130802154541 75 -281
0.25254297256469727 71 -368
0.26456594467163086 66 -413
0.2765474319458008 61 -468
0.28850269317626953 54 -504
0.30198144912719727 49 -460
0.31317687034606934 45 -285
0.3262805938720703 45 -261
0.34030723571777344 45 0
0.35172152519226074 48 78
0.36424946784973145 51 263
0.3757047653198242 56 345
0.3866121768951416 60 391
0.39721226692199707 65 443
0.40846753120422363 69 388
0.4259939193725586 73 236
0.43856048583984375 73 236
0.4518313407897949 71 -73
0.4627416133880615 69 -108
0.4728856086730957 67 -231
0.4833071231842041 62 -301
0.49347376823425293 58 -378
0.504676342010498 53 -425
0.517850399017334 49 -383
0.5287868976593018 47 -276
0.5402078628540039 46 -162
0.5514638423919678 47 -112
0.5636453628540039 49 78
0.574716329574585 52 178
0.5860214233398438 57 321
0.5979220867156982 61 388
0.6086704730987549 66 424
0.6193211078643799 69 384
0.6293826103210449 71 276
0.6393783092498779 73 184
0.6493349075317383 72 109
0.6605312824249268 71 -29
0.6705286502838135 68 -198
0.6807074546813965 65 -253
0.6907596588134766 61 -323
0.7020742893218994 57 -387
0.7143399715423584 52 -381
0.7257158756256104 49 -280
0.7377657890319824 48 -191
0.74886155128479 49 -46
0.7612740993499756 51 27
0.7723755836486816 54 155
0.7836179733276367 58 278
0.7946677207946777 62 378
0.8052587509155273 67 409
0.8160207271575928 70 378
0.8315176963806152 73 276
0.842292070388794 73 111
0.8544607162475586 72 0
0.8660314083099365 69 -154
0.8763484954833984 67 -251
0.8863484859466553 63 -312
0.8963463306427002 59 -381
0.908287525177002 53 -421
0.9207181930541992 50 -366
0.931978702545166 47 -267
0.9432089328765869 47 -240
0.9542536735534668 48 42
0.9662799835205078 51 124
0.9784250259399414 54 263
0.9896442890167236 58 323
1.0008900165557861 63 399
1.0113167762756348 67 385
1.0222487449645996 69 295
1.0323028564453125 71 247
1.042466402053833 71 247
1.0524799823760986 70 -37
1.0624761581420898 67 -113
1.0736110210418701 64 -215
1.0836601257324219 61 -303
1.0952088832855225 56 -369
1.1061851978302002 53 -336
1.119204044342041 51 -197
1.1304476261138916 51 -197
1.1418702602386475 53 40
1.1527974605560303 55 114
1.164250373840332 59 272
1.1764194965362549 63 337
1.1864819526672363 66 348
1.1964800357818604 69 288
1.2065188884735107 70 182
1.217259407043457 69 0
1.2329022884368896 67 -87
1.2455639839172363 63 -217
1.255829095840454 60 -301
1.2680120468139648 55 -366
1.2805116176605225 52 -329
1.2917816638946533 51 -274
1.3026838302612305 51 -48
1.3138842582702637 52 93
1.3261620998382568 55 87
1.3382482528686523 59 278
1.3494668006896973 62 339
1.3594605922698975 66 358
1.369469165802002 69 282
1.3805220127105713 69 243
1.3905227184295654 69 38
1.4007024765014648 68 -32
1.4106709957122803 66 -112
1.4207313060760498 62 -245
1.432004690170288 59 -298
1.4431934356689453 55 -373
1.454314947128296 51 -349
1.4658074378967285 49 -234
1.4786019325256348 49 -234
1.489954948425293 50 41
1.5014572143554688 53 121
1.5124833583831787 56 258
1.5247130393981934 61 326
1.5353212356567383 65 393
1.5453803539276123 68 371
1.5553882122039795 70 270
1.5654640197753906 71 241
1.5763208866119385 70 0
1.586287498474121 69 -27
1.5962934494018555 66 -116
1.6063306331634521 63 -278
1.6163251399993896 59 -320
1.634411096572876 52 -403
1.646174430847168 48 -362
1.6595540046691895 46 -199
1.6712043285369873 46 -39
1.683441162109375 47 35
1.6944410800933838 49 112
1.7058558464050293 53 256
1.7177867889404297 57 306
1.7299742698669434 62 399
1.7400405406951904 67 432
1.7500154972076416 70 415
1.7602148056030273 73 338
1.7702457904815674 74 241
1.7814056873321533 74 47
1.7916481494903564 73 -46
1.8016819953918457 71 -90
1.8117148876190186 68 -155
1.821899652481079 65 -286
1.832705020904541 61 -352
1.8438982963562012 56 -395
1.855370044708252 52 -369
1.8662981986999512 50 -264
1.8792855739593506 50 -195
1.8907227516174316 50 0
1.9019756317138672 53 49
1.9131462574005127 55 138
1.9243457317352295 59 287
1.9356226921081543 64 361
1.9456830024719238 67 337
1.9556400775909424 68 259
1.9656600952148438 69 184
1.9757347106933594 68 -43
1.98655366897583 66 -87
1.9992244243621826 63 -156
2.0092220306396484 60 -292
2.0205156803131104 56 -343
2.0379416942596436 51 -264
2.050311326980591 51 -234
2.0640766620635986 52 37
2.0755743980407715 54 80
2.0883514881134033 58 242
2.099492073059082 61 306
2.1095998287200928 66 373
2.120617389678955 69 339
2.1305902004241943 71 267
2.141813278198242 71 267
2.151867628097534 70 33
2.1619179248809814 69 -65
2.1719698905944824 66 -60
2.182162284851074 63 -267
2.1932687759399414 59 -329
2.204341173171997 55 -391
2.2156922817230225 51 -360
2.227203369140625 49 -254
2.2396888732910156 49 -254
2.2518651485443115 50 0
2.26278018951416 51 73
2.274221420288086 55 216
2.286349296569824 59 301
2.2984042167663574 64 383
2.308605909347534 67 377
2.31864070892334 70 289
2.328690528869629 71 268
2.3398826122283936 71 46
2.349958658218384 70 0
2.3600974082946777 69 -24
2.370033025741577 66 -80
2.380009174346924 63 -270
2.3912150859832764 59 -327
2.4022839069366455 55 -392
2.4134411811828613 51 -367
2.424544334411621 49 -268
2.4421823024749756 49 -105
2.4545226097106934 51 26
2.4672603607177734 53 84
2.478893995285034 57 272
2.4917473793029785 62 354
2.501810312271118 66 393
2.51186203956604 69 376
2.5219027996063232 71 276
2.5320675373077393 72 190
2.543297290802002 72 0
2.5533018112182617 70 -27
2.5633091926574707 67 -192
2.5734615325927734 65 -233
2.583467960357666 62 -306
2.595820903778076 56 -380
2.6077167987823486 53 -351
2.619143009185791 51 -242
2.6304421424865723 51 -242
2.642468214035034 52 36
2.6536457538604736 54 111
2.665234327316284 58 232
2.676212787628174 61 316
2.6862375736236572 65 369
2.698131561279297 69 343
2.708129405975342 70 263
2.718266725540161 71 235
2.7282629013061523 70 0
2.738252639770508 68 -54
2.749347686767578 66 -146
2.759317398071289 63 -275
2.7693932056427 59 -334
2.780733108520508 54 -395
2.7920162677764893 50 -346
2.8040757179260254 48 -256
2.81539249420166 48 -187
2.826444149017334 50 27
2.8427488803863525 53 117
2.8580377101898193 57 271
2.8693342208862305 61 369
2.8794848918914795 66 404
2.8897030353546143 70 373
2.9012651443481445 72 277
2.9112789630889893 73 251
2.921286106109619 73 251
2.9312596321105957 71 -71
2.9412496089935303 69 -106
2.9521889686584473 66 -247
2.9623515605926514 63 -295
2.972397804260254 59 -365
2.9835658073425293 54 -402
2.994683027267456 50 -361
3.007782220840454 48 -266
3.0188515186309814 47 -240
3.0302913188934326 48 0
3.041712999343872 50 23
3.0536293983459473 53 107
3.0646886825561523 56 299
3.0761635303497314 61 370
3.086357593536377 65 397
3.0963940620422363 69 379
3.108145236968994 71 287
3.118194818496704 71 240
3.1282029151916504 71 114
3.138293743133545 70 0
3.1482620239257812 68 -140
3.1592931747436523 65 -204
3.1692955493927 62 -292
3.1806347370147705 57 -369
3.191904067993164 53 -365
3.204171657562256 50 -283
3.215669870376587 49 -235
3.226560354232788 50 41
3.2446420192718506 54 90
3.258906364440918 57 289
3.270524024963379 62 350
3.2806689739227295 66 399
3.290680170059204 69 369
3.300699234008789 72 269
3.3119261264801025 72 247
3.3220763206481934 72 247
3.332059860229492 71 -36
3.3421006202697754 69 -104
3.353288173675537 66 -242
3.3632936477661133 62 -302
3.373293876647949 58 -370
3.384483814239502 53 -408
3.3958094120025635 49 -378
3.408660888671875 47 -277
3.4199676513671875 46 -188
3.4314239025115967 47 -42
3.442556858062744 49 49
3.4546492099761963 52 194
3.4660496711730957 56 291
3.478067636489868 61 367
3.4882335662841797 65 399
3.498422622680664 68 372
3.509490489959717 70 273
3.519611358642578 71 174
3.5296101570129395 71 41
3.5396201610565186 70 0
3.5495994091033936 69 -46
3.56083083152771 65 -180
3.5709056854248047 62 -293
3.5965349674224854 52 -411
3.609618663787842 47 -376
3.621267080307007 45 -269
3.6375153064727783 45 -243
3.6485228538513184 46 69
3.6638739109039307 49 82
3.6756415367126465 53 291
3.6865806579589844 57 339
3.6984496116638184 62 395
3.7085866928100586 67 430
3.719635248184204 70 396
3.729626178741455 73 289
3.739997625350952 73 245
3.7499942779541016 73 245
3.7609002590179443 72 -31
3.7711527347564697 70 -72
3.7811577320098877 67 -209
3.791189432144165 64 -280
3.8013980388641357 60 -356
3.813370704650879 55 -405
3.824471950531006 51 -383
3.8357906341552734 49 -290
3.847687005996704 48 -118
3.8587512969970703 49 0
3.871408224105835 51 89
3.882404088973999 54 213
3.893608570098877 58 287
3.9046404361724854 62 368
3.9160759449005127 67 407
3.9261057376861572 71 384
3.9361484050750732 73 293
3.946206569671631 73 249
3.956190586090088 73 37
3.968027353286743 72 -31
3.978111505508423 69 -107
3.988101005554199 67 -210
3.9983129501342773 63 -293
4.008302688598633 59 -357
4.020610094070435 54 -409
4.031891345977783 50 -341
4.048185586929321 47 -188
4.061932563781738 48 -39
4.074124574661255 49 76
4.085568428039551 52 167
4.097264051437378 55 262
4.108655214309692 59 332
4.119632244110107 64 386
4.129950284957886 67 370
4.139944553375244 69 287
4.149873971939087 69 240
4.160114288330078 69 38
4.1712541580200195 68 -74
4.181159496307373 65 -180
4.1908910274505615 63 -252
4.2008984088897705 59 -308
4.2121734619140625 55 -371
4.224478006362915 51 -339
4.235813856124878 49 -187
4.248334646224976 49 -49
4.259663105010986 51 93
4.271903991699219 53 166
4.28323769569397 56 252
4.294289827346802 61 332
4.304351329803467 65 380
4.3144402503967285 68 343
4.325657844543457 70 251
4.335816383361816 71 184
4.345844984054565 70 0
4.355816841125488 69 -27
4.365839242935181 66 -188
4.3772642612457275 63 -244
4.387757062911987 59 -303
4.39890456199646 55 -373
4.410408020019531 51 -348
4.422459602355957 49 -262
4.433769226074219 49 -45
4.45195746421814 51 55
4.46391487121582 54 148
4.476442098617554 58 272
4.488434553146362 63 368
4.498468637466431 67 395
4.508501768112183 70 361
4.518669366836548 72 282
4.529881715774536 73 257
4.53996205329895 73 257
4.549885034561157 71 -32
4.559948921203613 69 -101
4.569966793060303 66 -235
4.581366539001465 63 -295
4.5914835929870605 59 -363
4.602544784545898 54 -406
4.6137776374816895 50 -371
4.627746343612671 47 -260
4.638802528381348 47 -198
4.650426626205444 48 41
4.661722660064697 50 86
4.672674655914307 54 237
4.685209035873413 57 302
4.696298837661743 62 383
4.706316232681274 66 409
4.71632719039917 70 381
4.7281928062438965 72 282
4.738285064697266 73 256
4.748372554779053 73 256
4.758551359176636 71 -67
4.76854944229126 69 -102
4.779839754104614 66 -214
4.789878606796265 63 -275
4.79997706413269 59 -352
4.811325788497925 55 -397
4.822503089904785 51 -364
4.834594964981079 47 -184
4.8526647090911865 48 -42
4.8641016483306885 49 80
4.875757217407227 52 189
4.888453006744385 55 281
4.899623155593872 60 330
4.909968614578247 64 387
4.919960975646973 67 372
4.931159257888794 69 293
4.941329002380371 70 177
4.951338291168213 69 0
4.9613196849823 68 -27
4.971365928649902 66 -189
4.982284069061279 62 -266
4.9923179149627686 59 -317
5.003675937652588 54 -375
5.015219688415527 51 -354
5.026189088821411 49 -262
5.039301633834839 49 -262
5.050573110580444 49 -30
5.06194543838501 51 22
5.072824239730835 54 121
5.08538293838501 59 282
5.096446752548218 63 365
5.106437921524048 66 366
5.116614103317261 69 326
5.126615762710571 70 180
5.138525724411011 70 40
5.148614406585693 69 -38
5.158609628677368 68 -51
5.16876220703125 65 -110
5.179148197174072 62 -283
5.1902992725372314 58 -337
5.201801776885986 53 -389
5.212730646133423 50 -351
5.224102020263672 48 -260
5.240149259567261 47 -36
5.2558205127716064 49 24
5.267899751663208 52 196
5.279203653335571 55 296
5.291511297225952 60 346
5.301823139190674 65 396
5.311887741088867 68 369
5.321914434432983 70 291
5.331949234008789 71 242
5.342876195907593 70 41
5.3531434535980225 69 -79
5.363327264785767 67 -181
5.373332262039185 64 -240
5.383343935012817 60 -316
5.395655870437622 55 -370
5.408223628997803 52 -333
5.4241955280303955 50 -239
5.435826301574707 51 -38
5.4485087394714355 53 25
5.459639549255371 55 80
5.470870494842529 59 293
5.482332468032837 63 347
5.493321657180786 66 349
5.503430604934692 69 299
5.513455629348755 70 176
5.523465394973755 70 176
5.5334792137146 69 -39
5.544580698013306 67 -81
5.554544925689697 65 -140
5.5651280879974365 62 -275
5.575135231018066 58 -331
5.586124658584595 53 -385
5.600193023681641 49 -342
5.611464262008667 48 -245
5.622493505477905 48 -48
5.633681058883667 50 26
5.651547193527222 53 155
5.667649984359741 58 296
5.678755521774292 62 378
5.69227147102356 67 352
5.702404499053955 69 272
5.714565277099609 70 190
5.724713325500488 70 38
5.738399982452393 68 -24
5.749456167221069 66 -191
5.765216588973999 60 -285
5.781278610229492 55 -371
5.794482469558716 50 -291
5.808690547943115 49 -178
5.8243632316589355 50 48
5.838223934173584 53 189
5.85181736946106 57 270
5.867861032485962 63 348
5.880566358566284 67 335
5.892503023147583 69 240
5.9063262939453125 70 45
5.919231414794922 69 0
5.931229591369629 67 -82
5.942266464233398 64 -205
5.960101366043091 59 -299
5.972485780715942 54 -377
5.99291205406189 48 -257
6.005620002746582 48 -194
6.022201061248779 49 26
6.0357582569122314 53 273
6.055398225784302 61 339
6.070261001586914 65 398
6.0823259353637695 70 326
6.096532821655273 71 233
6.112476587295532 71 37
6.1226966381073 70 -24
6.137243747711182 67 -78
6.147764682769775 62 -298
6.162269353866577 58 -359
6.175657749176025 52 -403
6.188441753387451 48 -336
6.203160047531128 46 -247
6.214496612548828 46 0
6.2287917137146 47 27
6.240209341049194 51 156
6.255387783050537 55 277
6.2696826457977295 61 374
6.280034780502319 68 402
6.298261880874634 71 337
6.309432029724121 72 188
6.322141408920288 71 0
6.334076166152954 70 -58
6.346544981002808 67 -190
6.358511447906494 63 -286
6.368831157684326 59 -352
6.382465124130249 54 -395
6.396160125732422 49 -344
6.409183979034424 48 -234
6.422549486160278 47 -234
6.434078931808472 49 78
6.459829330444336 56 295
6.475351095199585 62 370
6.488266944885254 67 403
6.500683546066284 71 358
6.51264214515686 73 247
6.5265796184539795 73 247
6.544419527053833 71 -24
6.556021451950073 67 -132
6.569227695465088 64 -269
6.579339265823364 60 -340
6.592626571655273 55 -395
6.608185768127441 50 -347
6.6196393966674805 48 -251
6.633305072784424 48 -107
6.644314527511597 50 27
6.659525394439697 53 117
6.670820713043213 57 284
6.684106826782227 62 360
6.6951048374176025 65 355
6.705099821090698 68 276
6.715963363647461 69 254
6.726137161254883 69 254
6.736332654953003 68 0
6.746362924575806 66 -45
6.756342172622681 63 -97
6.768191814422607 60 -278
6.779398202896118 56 -335
6.790608882904053 53 -323
6.802015066146851 51 -244
6.814133882522583 51 -108
6.825480937957764 53 0
6.8363306522369385 55 148
6.854671001434326 60 297
6.8687896728515625 65 349
6.879200458526611 67 320
6.889350414276123 69 248
6.8995139598846436 70 107
6.909587860107422 69 -42
6.920824766159058 67 -87
6.930830001831055 64 -157
6.940865516662598 61 -275
6.9521520137786865 57 -330
6.964281320571899 53 -345
6.975735664367676 51 -246
6.987754583358765 50 -168
6.998730421066284 50 0
7.0101094245910645 52 51
7.022334098815918 55 151
7.033495903015137 59 281
7.044719696044922 63 344
7.055144309997559 66 346
7.066021680831909 69 284
7.0760087966918945 70 181
7.086008548736572 69 48
7.096149444580078 68 -90
7.106181621551514 66 -160
7.118038892745972 63 -213
7.128015995025635 59 -293
7.140302896499634 55 -367
7.151641845703125 52 -343
7.16273045539856 49 -243
7.174715280532837 49 -243
7.186042785644531 51 39
7.197912693023682 53 111
7.208824157714844 56 242
7.22150182723999 60 311
7.231501817703247 64 373
7.241496801376343 68 336
7.258103847503662 70 235
7.270488262176514 70 34
7.282766580581665 69 -34
7.29284930229187 67 -74
7.303258180618286 64 -199
7.313421964645386 61 -287
7.325594186782837 56 -353
7.337659597396851 53 -330
7.348604917526245 51 -247
7.35986852645874 51 -104
7.372156858444214 52 96
7.383464574813843 55 129
7.394558429718018 57 228
7.4059977531433105 61 302
7.423517942428589 69 395
7.438568592071533 73 332
7.448729753494263 75 243
7.459295272827148 75 243
7.46930193901062 74 -37
7.48041296005249 72 -81
7.490414381027222 69 -140
7.50040602684021 66 -294
7.510548830032349 62 -344
7.521784543991089 57 -392
7.532846927642822 53 -432
7.544228792190552 49 -397
7.555520296096802 46 -295
7.566534757614136 45 -175
7.57964563369751 45 -48
7.590889930725098 47 26
7.602156162261963 50 115
7.613469362258911 53 269
7.625700950622559 58 350
7.637766122817993 63 387
7.652416706085205 70 322
7.67031717300415 72 178
7.68535590171814 72 49
7.695965528488159 70 -27
7.706139326095581 68 -158
7.716186285018921 65 -225
7.728080987930298 61 -289
7.738131523132324 57 -353
7.749325513839722 53 -401
7.760738372802734 49 -382
7.772160530090332 47 -286
7.784318208694458 46 -237
7.795635461807251 47 -36
7.806551694869995 48 24
7.818587064743042 51 99
7.830885171890259 55 270
7.842174053192139 60 363
7.8521928787231445 64 391
7.862218856811523 67 362
7.87227201461792 69 278
7.883427381515503 70 188
7.893444776535034 70 188
7.903630256652832 69 -36
7.913609504699707 67 -77
7.923620223999023 65 -132
7.9345009326934814 61 -284
7.945921421051025 57 -342
7.957944393157959 53 -345
7.968834400177002 51 -269
7.981369733810425 50 -187
7.992388963699341 51 -43
8.00368857383728 53 49
8.015133380889893 55 106
8.026260137557983 60 298
8.038085699081421 63 338
8.052816390991211 67 298
8.064418315887451 68 168
8.07574987411499 67 0
8.087253093719482 66 -26
8.097810506820679 64 -148
8.107832193374634 61 -221
8.119174718856812 57 -293
8.130451440811157 55 -279
8.142494201660156 53 -234
8.1536865234375 54 0
8.16960597038269 57 83
8.18411660194397 60 238
8.19417691230774 63 291
8.204476833343506 66 288
8.214514255523682 67 194
8.224511623382568 67 42
8.23591947555542 66 -81
8.246477603912354 64 -118
8.25649881362915 61 -194
8.268484115600586 57 -282
8.279678106307983 54 -302
8.29224705696106 52 -237
8.303541660308838 52 -49
8.31454586982727 53 45
8.325830459594727 55 129
8.338634014129639 58 230
8.349988460540771 62 293
8.360246896743774 66 357
8.370249032974243 69 330
8.380254030227661 71 265
8.39141297340393 71 265
8.401418209075928 71 34
8.411425352096558 69 -66
8.421740293502808 66 -197
8.43189287185669 63 -263
8.442757844924927 58 -363
8.459672212600708 52 -398
8.473596572875977 48 -333
8.485465049743652 46 -242
8.498344421386719 46 -242
8.509528636932373 47 0
8.520695447921753 49 69
8.531964778900146 53 241
8.544191837310791 57 310
8.555774688720703 62 391
8.565811157226562 66 412
8.575827598571777 69 378
8.585883855819702 72 278
8.597849607467651 73 192
8.607855319976807 73 192
8.617871284484863 71 -35
8.627782821655273 70 -50
8.63787579536438 67 -136
8.648723840713501 64 -298
8.658873319625854 60 -339
8.670411825180054 55 -390
8.681811332702637 52 -358
8.693873405456543 50 -232
8.705324411392212 49 -232
8.716375589370728 51 42
8.728263139724731 53 87
8.739371538162231 56 237
8.751784086227417 61 309
8.761868715286255 64 364
8.771910190582275 67 345
8.782084226608276 69 287
8.793151378631592 69 241
8.803226947784424 69 37
8.81341814994812 67 -24
8.8234384059906 65 -181
8.833431720733643 62 -251
8.844552040100098 57 -347
8.862386465072632 51 -394
8.87437629699707 47 -355
8.885975122451782 45 -194
8.899231195449829 45 -194
8.910436153411865 46 36
8.921702861785889 48 78
8.932698488235474 51 196
8.945379257202148 55 290
8.956486225128174 59 373
8.96653938293457 64 405
8.976522207260132 67 375
8.98652720451355 69 278
8.998307466506958 71 189
9.008312225341797 70 45
9.018491506576538 69 -86
9.028477668762207 67 -120
9.038496732711792 65 -189
9.04955267906189 61 -295
9.060822010040283 57 -350
9.072280168533325 53 -316
9.08359694480896 52 -237
9.094629049301147 52 -38
9.107701539993286 53 35
9.118622064590454 55 178
9.130014419555664 59 225
9.141485214233398 62 300
9.152321100234985 66 322
9.162370681762695 68 254
9.172388553619385 69 254
9.182411432266235 69 254
9.192474842071533 68 0
9.203689813613892 66 -68
9.213750123977661 63 -217
9.223768711090088 60 -276
9.235187768936157 56 -340
9.24777626991272 51 -254
9.26427960395813 51 -188
9.278514862060547 52 40
9.289869785308838 54 84
9.302205562591553 57 231
9.313426733016968 61 285
9.32362961769104 65 353
9.333817958831787 68 321
9.343846321105957 70 254
9.355140924453735 70 189
9.365233659744263 70 36
9.375398874282837 69 -35
9.385454177856445 67 -76
9.395463228225708 64 -188
9.406373739242554 61 -281
9.420032262802124 55 -359
9.431459665298462 52 -333
9.442657947540283 50 -247
9.454610586166382 50 -47
9.466113090515137 51 37
9.478036165237427 53 50
9.489254474639893 56 172
9.500683546066284 61 295
9.511868953704834 64 355
9.521912813186646 67 346
9.53197169303894 69 273
9.541985750198364 69 183
9.552000284194946 69 44
9.563213109970093 67 -25
9.573249101638794 65 -161
9.58328628540039 62 -243
9.59347128868103 58 -300
9.604509592056274 54 -368
9.617771625518799 50 -327
9.62877893447876 49 -251
9.641133308410645 49 -251
9.657805681228638 51 65
9.671881198883057 54 126
9.683303594589233 58 297
9.69450569152832 62 352
9.704694271087646 67 396
9.715901136398315 69 350
9.725980758666992 71 258
9.736111402511597 72 236
9.746148347854614 72 0
9.75618863105774 70 -26
9.767987728118896 68 -176
9.778013706207275 65 -232
9.788069725036621 61 -303
9.798237562179565 57 -362
9.810615062713623 52 -399
9.829302549362183 47 -335
9.840610027313232 46 -162
9.855551719665527 47 -31
9.868334293365479 49 95
9.880178689956665 52 173
9.891475915908813 55 292
9.90250015258789 60 371
9.913626909255981 65 407
9.92381501197815 68 376
9.933819055557251 71 280
9.943841934204102 71 198
9.95388913154602 71 198
9.965224027633667 70 0
9.975404024124146 69 -22
9.985477685928345 66 -74
9.995497941970825 63 -268
10.00558066368103 59 -325
10.018399238586426 55 -385
10.029653072357178 51 -351
10.04131007194519 49 -235
10.057330131530762 49 -39
10.071808576583862 51 75
10.082886695861816 53 199
10.094342947006226 57 284
10.105940580368042 61 345
10.117807388305664 66 389
10.127848148345947 69 376
10.137876033782959 71 297
10.14786696434021 72 191
10.158030271530151 71 41
10.169148921966553 70 -77
10.179221630096436 68 -167
10.189211368560791 65 -215
10.199212074279785 62 -282
10.20927357673645 58 -352
10.221817970275879 52 -398
10.232829570770264 49 -377
10.24529480934143 47 -292
10.256247520446777 46 -109
10.2692232131958 47 0
10.280601263046265 49 84
10.291835308074951 52 159
10.30283498764038 55 274
10.314108848571777 60 366
10.324718475341797 64 394
10.334696054458618 67 372
10.345223903656006 70 283
10.355299472808838 71 198
10.365487337112427 70 43
10.376327514648438 69 -82
10.386335372924805 67 -116
10.396465301513672 64 -218
10.406507968902588 61 -284
10.422870874404907 55 -379
10.434297561645508 51 -346
10.44563889503479 49 -240
10.46213150024414 49 -240
10.476311922073364 51 71
10.488366603851318 53 105
10.499955654144287 57 254
10.511291742324829 61 332
10.522337198257446 65 386
10.532405138015747 69 359
10.542422771453857 71 264
10.552476406097412 71 264
10.562504768371582 71 264
10.573639154434204 69 -65
10.583818674087524 67 -197
10.593849420547485 63 -262
10.603925943374634 60 -311
10.615368843078613 55 -367
10.628286838531494 52 -334
10.639614343643188 51 -266
10.650850772857666 51 -266
10.662113428115845 52 0
10.67322301864624 55 101
10.68547248840332 58 253
10.696520805358887 61 316
10.70652723312378 65 370
10.716505765914917 69 355
10.72829270362854 71 269
10.738293170928955 71 170
10.748329639434814 71 106
10.758512258529663 69 -26
10.768492937088013 67 -84
10.779401540756226 64 -253
10.789382934570312 61 -307
10.800597906112671 56 -369
10.811897277832031 53 -353
10.823227882385254 51 -264
10.835489988327026 51 -264
10.846460342407227 52 32
10.8631591796875 56 82
10.878284215927124 61 301
10.889397144317627 64 353
10.899612665176392 68 340
10.909872055053711 69 263
10.919955253601074 70 236
10.930818796157837 69 0
10.940906047821045 68 -25
10.951148986816406 65 -197
10.961178302764893 63 -260
10.97121810913086 59 -311
10.98334264755249 54 -379
10.994437456130981 51 -348
11.005903244018555 49 -199
11.017918825149536 48 -199
11.03000521659851 49 0
11.04134225845337 51 75
11.052328109741211 55 236
11.063674449920654 59 290
11.080010175704956 65 392
11.091144561767578 68 359
11.101158380508423 70 259
11.111130237579346 71 259
11.121339082717896 71 259
11.132156372070312 69 -67
11.14224123954773 67 -194
11.152418851852417 64 -260
11.162426471710205 60 -312
11.173656463623047 56 -367
11.186108112335205 52 -332
11.198025941848755 51 -259
11.209237575531006 51 -259
11.220442771911621 52 33
11.231644868850708 55 104
11.24452805519104 58 263
11.25882077217102 64 355
11.27173137664795 69 390
11.284503698348999 73 362
11.294704914093018 75 256
11.305513858795166 75 256
11.315634727478027 74 35
11.325700998306274 73 -24
11.336509227752686 71 -81
11.346533060073853 67 -257
11.357656002044678 63 -308
11.367746591567993 59 -370
11.378716468811035 55 -406
11.39127516746521 51 -370
11.402306079864502 49 -269
11.41362190246582 48 -49
11.425278425216675 49 0
11.43797254562378 51 51
11.448900938034058 54 181
11.46041750907898 58 283
11.471736907958984 63 357
11.481954574584961 66 358
11.492717266082764 69 294
11.502827405929565 70 196
11.512863874435425 70 42
11.523172855377197 69 -37
11.533178091049194 67 -116
11.544214725494385 63 -217
11.554295539855957 60 -284
11.56562328338623 56 -352
11.576549530029297 53 -334
11.58952021598816 51 -193
11.601212501525879 51 -43
11.612284421920776 52 83
11.623467683792114 55 118
11.634494304656982 58 250
11.647245645523071 62 313
11.662588834762573 67 319
11.673632383346558 69 255
11.685425043106079 69 47
11.696488618850708 69 0
11.706456899642944 67 -26
11.716604471206665 65 -83
11.727259397506714 61 -262
11.738688468933105 57 -316
11.751318454742432 55 -287
11.762310028076172 53 -170
11.773495197296143 54 0
11.784657955169678 55 29
11.797974109649658 58 123
11.80922555923462 61 286
11.819277048110962 65 328
11.82929515838623 68 317
11.839499473571777 70 245
11.850714683532715 70 106
11.860737800598145 69 -45
11.870722532272339 67 -57
11.880737543106079 65 -119
11.890838861465454 61 -273
11.902145147323608 58 -336
11.913324117660522 54 -385
11.924438238143921 50 -348
11.935911655426025 48 -234
11.948773622512817 48 -234
11.960334777832031 49 0
11.971516609191895 51 48
11.982503890991211 53 201
11.993663787841797 58 291
12.005967855453491 62 370
12.016156911849976 67 401
12.026191473007202 70 374
12.03623342514038 72 278
12.048022270202637 73 251
12.062588930130005 72 34
12.074142456054688 71 -23
12.086160898208618 67 -126
12.09862732887268 64 -273
12.108768701553345 60 -349
12.120404720306396 55 -397
12.13169550895691 51 -369
12.142800569534302 49 -244
12.155839443206787 49 -244
12.167701482772827 49 -34
12.178667783737183 51 48
12.19019365310669 54 102
12.202579259872437 58 273
12.213795900344849 63 361
12.223922491073608 67 397
12.234095811843872 70 359
12.244686365127563 72 252
12.25606632232666 73 252
12.266153573989868 73 252
12.276238441467285 71 -65
12.286197900772095 69 -99
12.296186447143555 66 -211
12.30791449546814 63 -272
12.318098306655884 59 -349
12.329296112060547 55 -394
12.340526580810547 51 -361
12.352599859237671 49 -254
12.363821983337402 48 -181
12.375410556793213 49 0
12.38628888130188 51 53
12.39824652671814 54 216
12.410574913024902 58 297
12.421842813491821 63 366
12.431988954544067 67 396
12.442131280899048 70 367
12.45326566696167 72 265
12.46838641166687 73 112
12.480682134628296 72 -36
12.491639375686646 70 -79
12.501953125 67 -170
12.512839078903198 64 -299
12.52314305305481 61 -347
12.534260511398315 55 -394
12.545600414276123 52 -350
12.55852484703064 50 -195
12.569703340530396 49 -195
12.581328392028809 51 43
12.592327356338501 53 118
12.603510856628418 56 236
12.615970134735107 60 307
12.626007795333862 64 362
12.636021614074707 67 340
12.646002531051636 69 276
12.657770872116089 69 190
12.667864322662354 69 41
12.678009033203125 67 -25
12.688029289245605 65 -167
12.69828486442566 62 -244
12.709460020065308 58 -309
12.720695734024048 54 -375
12.731951236724854 50 -353
12.743249416351318 48 -252
12.754347324371338 48 -47
12.766402959823608 49 39
12.778329372406006 51 126
12.789504766464233 54 215
12.800889492034912 58 296
12.813273668289185 63 377
12.823303937911987 67 379
12.833340644836426 69 323
12.843498229980469 71 242
12.853535175323486 71 39
12.86966609954834 69 -76
12.880025863647461 66 -85
12.892112731933594 63 -272
12.902235269546509 59 -314
12.914453029632568 55 -383
12.926018476486206 51 -352
12.937922954559326 49 -253
12.948817491531372 49 -253
12.960188150405884 49 0
12.972431898117065 51 47
12.983751058578491 55 125
12.995198249816895 58 276
13.006235361099243 62 351
13.018207788467407 66 354
13.02827000617981 69 278
13.038464307785034 69 232
13.048466205596924 69 39
13.05847454071045 68 -32
13.06941032409668 66 -175
13.081152439117432 63 -233
13.09118938446045 59 -287
13.102414846420288 55 -361
13.113617658615112 51 -320
13.125877380371094 50 -234
13.137770652770996 50 -113
13.148704528808594 51 0
13.160184144973755 53 137
13.17232871055603 57 253
13.183497428894043 61 302
13.193514585494995 65 363
13.20352029800415 68 346
13.213504314422607 69 242
13.22460126876831 70 116
13.235119104385376 69 0
13.245771408081055 68 -58
13.255812644958496 65 -165
13.272738456726074 59 -288
13.286427974700928 55 -363
13.298543930053711 52 -327
13.310018539428711 50 -255
13.322360754013062 50 -42
13.333606958389282 51 36
13.345155715942383 53 117
13.356267929077148 57 245
13.36819338798523 61 312
13.379343509674072 65 368
13.389307260513306 68 349
13.39948034286499 70 255
13.409523248672485 71 189
13.42067575454712 70 0
13.430805683135986 69 -86
13.440820932388306 67 -163
13.45086145401001 64 -230
13.461300611495972 61 -293
13.47333574295044 56 -365
13.484540700912476 52 -330
13.49618124961853 51 -197
13.508087158203125 50 -197
13.519443273544312 51 31
13.531821489334106 54 72
13.542759895324707 57 198
13.554172277450562 61 306
13.564231395721436 64 353
13.575566053390503 67 322
13.585666179656982 69 190
13.595702886581421 69 190
13.60586142539978 69 0
13.615973949432373 67 -25
13.627774953842163 64 -82
13.63802456855774 61 -265
13.648079633712769 57 -316
13.659310102462769 51 -371
13.677298545837402 49 -279
13.691324234008789 47 -189
13.702662944793701 48 0
13.714031457901001 50 52
13.72617793083191 53 111
13.738097906112671 56 279
13.74947214126587 60 342
13.75962233543396 65 393
13.769658088684082 68 365
13.780841827392578 70 272
13.790842056274414 71 245
13.800845384597778 71 38
13.810889720916748 69 -74
13.821288824081421 67 -85
13.832241535186768 64 -252
13.84227705001831 60 -306
13.8534677028656 56 -361
13.864479541778564 53 -330
13.87598705291748 51 -256
13.888760089874268 51 -256
13.90019702911377 52 34
13.911430358886719 54 106
13.922474384307861 57 248
13.934492588043213 62 321
13.944664239883423 66 370
13.954691410064697 69 358
13.964688062667847 71 275
13.974684715270996 71 190
13.985977172851562 71 36
13.996113538742065 70 -29
14.006250619888306 68 -68
14.016218185424805 65 -189
14.026219606399536 61 -272
14.037984609603882 58 -343
14.049224615097046 54 -397
14.06074070930481 49 -347
14.078260660171509 47 -189
14.091805219650269 48 0
14.103175640106201 49 27
14.114338397979736 52 151
14.12586498260498 56 298
14.13884449005127 60 348
14.149140357971191 64 395
14.158907890319824 68 371
14.169202089309692 70 275
14.179420709609985 71 249
14.190553188323975 71 38
14.200522661209106 69 -73
14.21054458618164 67 -108
14.220536470413208 64 -241
14.230553388595581 60 -289
14.243687391281128 55 -362
14.255119323730469 53 -330
14.266262292861938 51 -260
14.278221368789673 51 -260
14.290627717971802 52 33
14.301988363265991 55 103
14.313175201416016 57 250
14.324257850646973 61 314
14.33556079864502 66 364
14.345642805099487 69 322
14.355879545211792 70 242
14.365916013717651 71 242
14.376033067703247 70 0
14.387826204299927 68 -52
14.397998809814453 65 -111
14.40811014175415 63 -248
14.418242692947388 59 -309
14.429575204849243 55 -376
14.442002296447754 51 -351
14.453150272369385 49 -247
14.469536542892456 49 -247
14.481861352920532 51 24
14.496164560317993 54 129
14.508237361907959 58 287
14.519566297531128 61 344
14.529822826385498 66 392
14.540850639343262 69 364
14.551135301589966 71 260
14.560900449752808 72 236
14.57088565826416 72 39
14.580887794494629 71 -74
14.592053413391113 68 -195
14.602233648300171 65 -233
14.618301153182983 60 -325
14.629480600357056 55 -387
14.641916275024414 51 -354
14.653143167495728 50 -245
14.665607452392578 49 -110
14.676545858383179 50 0
14.688465118408203 53 158
14.700686693191528 56 244
14.711946249008179 60 301
14.72215461730957 64 364
14.73224687576294 67 340
14.743196249008179 69 278
14.753247261047363 69 194
14.763261318206787 69 42
14.773258447647095 67 -26
14.78344178199768 65 -169
14.794512510299683 61 -266
14.805906772613525 57 -320
14.817912101745605 54 -329
14.828824996948242 52 -250
14.840441703796387 51 -190
14.85248613357544 51 0
14.863684892654419 54 113
14.881215333938599 57 232
14.895936727523804 63 334
14.906142473220825 67 376
14.916484594345093 70 349
14.927229166030884 72 247
14.937253475189209 73 163
14.948485374450684 72 49
14.95860743522644 71 -93
14.968615531921387 69 -124
14.978650331497192 66 -205
14.988655805587769 63 -289
14.99981689453125 59 -339
15.011245012283325 55 -397
