0.013908147811889648 1 2
0.025556325912475586 0 -5
0.037370920181274414 -3 -145
0.047986745834350586 -5 -172
0.05980491638183594 -9 -313
0.0695035457611084 -13 -369
0.0811760425567627 -18 -433
0.09046149253845215 -23 -479
0.10015201568603516 -29 -527
0.11234807968139648 -35 -563
0.12457585334777832 -43 -596
0.13429927825927734 -49 -609
0.14605355262756348 -57 -640
0.15548300743103027 -62 -660
0.16733336448669434 -70 -674
0.17674756050109863 -78 -694
0.1884753704071045 -85 -707
0.19819951057434082 -94 -712
0.2152109146118164 -104 -729
0.22735071182250977 -115 -735
0.23880267143249512 -122 -741
0.25150179862976074 -133 -748
0.2613527774810791 -140 -753
0.2725534439086914 -148 -753
0.28233814239501953 -155 -757
0.29459047317504883 -164 -759
0.30431628227233887 -172 -760
0.31609392166137695 -181 -766
0.3255016803741455 -187 -765
0.33740878105163574 -197 -766
0.34718847274780273 -204 -771
0.3585636615753174 -213 -773
0.36828160285949707 -223 -770
0.3792238235473633 -229 -770
0.3886709213256836 -237 -773
0.39836931228637695 -245 -775
0.40818214416503906 -252 -773
0.4178745746612549 -260 -774
0.4283273220062256 -268 -777
0.4379847049713135 -275 -778
0.44782495498657227 -283 -775
0.4573967456817627 -289 -776
0.46715235710144043 -297 -777
0.4776449203491211 -305 -779
0.48722052574157715 -313 -777
0.4966394901275635 -321 -778
0.5061886310577393 -328 -780
0.5155978202819824 -335 -775
0.5264568328857422 -344 -779
0.5360674858093262 -352 -782
0.5461804866790771 -359 -781
0.5555763244628906 -366 -780
0.5652294158935547 -373 -778
0.5761044025421143 -383 -776
0.5857646465301514 -391 -782
0.5953655242919922 -397 -784
0.6047377586364746 -405 -781
0.618816614151001 -417 -786
0.6301913261413574 -427 -779
0.6418623924255371 -435 -781
0.6517021656036377 -443 -785
0.6615042686462402 -450 -784
0.6711623668670654 -458 -781
0.6816003322601318 -466 -783
0.6921253204345703 -474 -775
0.7038133144378662 -481 -718
0.7143692970275879 -487 -590
0.7261388301849365 -491 -465
0.7367620468139648 -494 -298
0.7475931644439697 -495 -254
0.7581596374511719 -495 -254
0.7687671184539795 -494 73
0.7802844047546387 -491 196
0.7911996841430664 -488 274
0.8017027378082275 -484 331
0.8122296333312988 -479 406
0.8239266872406006 -473 465
0.835639238357544 -468 501
0.8464868068695068 -461 552
0.8560447692871094 -456 573
0.865523099899292 -452 545
0.8751881122589111 -447 443
0.8859591484069824 -445 348
0.8954739570617676 -444 240
0.9051575660705566 -444 240
0.9146089553833008 -445 -40
0.9242260456085205 -447 -85
0.934704065322876 -449 -143
0.9445021152496338 -453 -264
0.9541709423065186 -457 -348
0.963982343673706 -461 -398
0.9745662212371826 -465 -447
0.9865009784698486 -470 -394
0.9972538948059082 -472 -286
1.00797438621521 -473 -235
1.0237021446228027 -472 41
1.0379610061645508 -469 92
1.0494880676269531 -465 262
1.0602221488952637 -461 347
1.0701370239257812 -457 390
1.080531358718872 -454 365
1.0902516841888428 -452 260
1.0999891757965088 -451 260
1.109546422958374 -451 260
1.1191306114196777 -452 30
1.1286816596984863 -454 -45
1.1394155025482178 -456 -76
1.1490778923034668 -459 -265
1.1584739685058594 -463 -330
1.169240951538086 -467 -393
1.1797666549682617 -471 -360
1.1925005912780762 -473 -248
1.2039439678192139 -473 -248
1.2144625186920166 -472 37
1.2253623008728027 -471 81
1.2372026443481445 -467 217
1.2479615211486816 -463 284
1.2585139274597168 -459 381
1.2681715488433838 -455 386
1.277827262878418 -453 349
1.2881786823272705 -451 236
1.2978003025054932 -451 236
1.3076162338256836 -452 0
1.3168184757232666 -454 -55
1.3264517784118652 -456 -147
1.3371212482452393 -459 -292
1.3465850353240967 -463 -348
1.3576390743255615 -467 -396
1.3683547973632812 -471 -362
1.378795862197876 -473 -293
1.3904364109039307 -474 -175
1.4013404846191406 -473 0
1.4140617847442627 -471 159
1.4295833110809326 -466 263
1.4418487548828125 -462 345
1.4516575336456299 -458 396
1.4613397121429443 -455 370
1.4706034660339355 -453 271
1.4802148342132568 -452 177
1.491257905960083 -452 45
1.5004959106445312 -453 -44
1.510204792022705 -455 -88
1.519735336303711 -458 -150
1.5293469429016113 -460 -294
1.5413389205932617 -465 -348
1.5518672466278076 -468 -326
1.5623579025268555 -470 -260
1.5737817287445068 -470 -189
1.5843853950500488 -469 0
1.596116304397583 -467 51
1.606781244277954 -464 196
1.6177775859832764 -460 286
1.6273517608642578 -457 358
1.6367573738098145 -454 347
1.6476116180419922 -452 247
1.6571540832519531 -451 170
1.6666710376739502 -452 0
1.67618727684021 -453 0
1.6854443550109863 -455 -125
1.6964094638824463 -459 -245
1.7059195041656494 -463 -308
1.7165851593017578 -467 -377
1.7274789810180664 -469 -354
1.7380881309509277 -472 -254
1.7498517036437988 -472 -48
1.760481595993042 -471 0
1.7713072299957275 -469 54
1.7819108963012695 -466 219
1.7942440509796143 -462 283
1.8038716316223145 -458 361
1.8124799728393555 -455 286
1.8279004096984863 -453 198
1.839824914932251 -453 198
1.8511927127838135 -454 -35
1.8604371547698975 -456 -76
1.8702237606048584 -459 -136
1.8799619674682617 -462 -297
1.8904669284820557 -466 -337
1.9022724628448486 -469 -321
1.9137225151062012 -471 -236
1.9242262840270996 -471 -236
1.934696912765503 -469 41
1.9464643001556396 -467 115
1.9572196006774902 -464 243
1.9679336547851562 -460 306
1.9776084423065186 -457 372
1.98720121383667 -453 345
1.9991669654846191 -451 282
2.008700132369995 -451 197
2.0183870792388916 -451 39
2.028129816055298 -453 -76
2.0377564430236816 -455 -176
2.0488121509552 -457 -252
2.058467388153076 -461 -307
2.0691964626312256 -465 -370
2.079763650894165 -469 -340
2.0905585289001465 -470 -247
2.1023268699645996 -471 -117
2.1137685775756836 -470 47
2.1242258548736572 -468 92
2.1351096630096436 -465 178
2.145951986312866 -461 290
2.1565122604370117 -457 362
2.1659786701202393 -454 345
2.175431251525879 -453 269
2.1847660541534424 -452 168
2.1944267749786377 -452 48
2.205232858657837 -453 -90
2.2146222591400146 -457 -177
2.2292306423187256 -460 -254
2.2416062355041504 -464 -328
2.2576332092285156 -472 -399
2.2724273204803467 -475 -327
2.2874088287353516 -477 -237
2.2981059551239014 -477 -41
2.3102052211761475 -475 78
2.3211686611175537 -473 179
2.331693649291992 -469 255
2.3423538208007812 -466 322
2.354661226272583 -461 386
2.364290475845337 -457 423
2.3739092350006104 -453 409
2.38368558883667 -451 347
2.392455816268921 -450 238
2.4038949012756348 -450 238
2.4131460189819336 -450 0
2.4220964908599854 -452 -23
2.431731700897217 -454 -81
2.4416589736938477 -457 -240
2.45133900642395 -461 -307
2.4618351459503174 -465 -375
2.472395658493042 -469 -411
2.4838578701019287 -473 -376
2.4944427013397217 -475 -280
2.506427764892578 -476 -194
2.5171847343444824 -475 -42
2.5279364585876465 -473 26
2.538433790206909 -471 83
2.54915189743042 -468 295
2.560603141784668 -463 350
2.5716171264648438 -458 392
2.5812857151031494 -455 399
2.5905380249023438 -453 334
2.600220203399658 -451 249
2.6105802059173584 -450 46
2.625500440597534 -452 -41
2.637634038925171 -454 -163
2.647374391555786 -457 -213
2.658205270767212 -461 -295
2.6680023670196533 -465 -360
2.6785471439361572 -469 -407
2.6894803047180176 -473 -377
2.7000951766967773 -475 -277
2.7118194103240967 -476 -196
2.7223520278930664 -475 -41
2.733804702758789 -473 25
2.7444286346435547 -471 83
2.755160331726074 -467 277
2.7667901515960693 -463 349
2.777667284011841 -459 393
2.7873685359954834 -455 400
2.7967936992645264 -453 337
2.8065929412841797 -451 256
2.8173110485076904 -450 192
2.826720714569092 -451 0
2.836212635040283 -453 -26
2.8456039428710938 -454 -193
2.8551828861236572 -457 -246
2.865935802459717 -461 -299
2.8766260147094727 -465 -378
2.8873801231384277 -469 -348
2.898008108139038 -471 -265
2.90855073928833 -471 -237
2.920353412628174 -471 0
2.9313478469848633 -469 24
2.941852331161499 -466 135
2.9523298740386963 -463 289
2.964648723602295 -459 347
2.974275827407837 -455 355
2.9840493202209473 -453 322
2.993645429611206 -452 189
3.0022614002227783 -452 189
