0.020040273666381836 0 0
0.039277076721191406 -1 -37
0.05330014228820801 -4 -61
0.06799602508544922 -6 -206
0.07918453216552734 -10 -274
0.09261798858642578 -13 -297
0.09912538528442383 -15 -315
0.10455727577209473 -18 -343
0.11064934730529785 -19 -360
0.11612224578857422 -22 -373
0.12225770950317383 -24 -398
0.12875628471374512 -26 -400
0.13403058052062988 -30 -409
0.14048123359680176 -32 -440
0.14745283126831055 -35 -451
0.1531538963317871 -38 -467
0.15939855575561523 -41 -486
0.1648697853088379 -44 -496
0.1710042953491211 -47 -497
0.17676782608032227 -50 -510
0.18249177932739258 -52 -512
0.1889352798461914 -56 -518
0.1951298713684082 -60 -540
0.20127415657043457 -64 -550
0.2077009677886963 -67 -560
0.2131967544555664 -70 -567
0.21969962120056152 -74 -571
0.22493290901184082 -77 -571
0.23106908798217773 -80 -584
0.23722290992736816 -84 -591
0.24257183074951172 -88 -601
0.25019025802612305 -92 -607
0.2553365230560303 -95 -607
0.26171350479125977 -99 -611
0.26786088943481445 -102 -612
0.27331995964050293 -106 -618
0.27988457679748535 -110 -629
0.28501367568969727 -114 -637
0.29115939140319824 -118 -638
0.29856276512145996 -122 -638
0.30391597747802734 -126 -636
0.3102250099182129 -130 -636
0.315356969833374 -134 -647
0.3224976062774658 -137 -657
0.3291006088256836 -142 -655
0.33451104164123535 -146 -655
0.3406336307525635 -149 -649
0.347719669342041 -154 -656
0.3529682159423828 -158 -666
0.35932445526123047 -162 -672
0.364788293838501 -166 -665
0.3709230422973633 -174 -662
0.3824026584625244 -178 -667
0.39045286178588867 -182 -677
0.3958263397216797 -188 -680
0.40316104888916016 -192 -681
0.4098639488220215 -196 -670
0.4149777889251709 -200 -677
0.4211134910583496 -204 -682
0.42730093002319336 -208 -685
0.4326355457305908 -212 -687
0.43911027908325195 -216 -684
0.4445321559906006 -220 -678
0.45177459716796875 -225 -680
0.4579651355743408 -229 -687
0.46327829360961914 -233 -691
0.4697391986846924 -238 -692
0.47492122650146484 -242 -688
0.48107028007507324 -246 -684
0.4872312545776367 -250 -687
0.4925839900970459 -254 -693
0.500112771987915 -258 -697
0.5052857398986816 -262 -692
0.5118558406829834 -266 -693
0.5180845260620117 -270 -689
0.5233685970306396 -274 -691
0.5301496982574463 -279 -698
0.5352623462677002 -283 -696
0.5413756370544434 -287 -695
0.5477962493896484 -292 -695
0.5541791915893555 -297 -687
0.5604569911956787 -300 -696
0.5658054351806641 -306 -697
0.572080135345459 -308 -704
0.5784783363342285 -312 -697
0.5838091373443604 -316 -688
0.5901651382446289 -320 -693
0.5952858924865723 -325 -703
0.6024737358093262 -329 -701
0.6089692115783691 -334 -704
0.6143174171447754 -338 -699
0.6205136775970459 -342 -691
0.625856876373291 -347 -690
0.6322133541107178 -350 -700
0.6387026309967041 -354 -702
0.6439788341522217 -358 -697
0.6502552032470703 -364 -695
0.6572213172912598 -368 -693
0.6627531051635742 -372 -694
0.6692171096801758 -376 -702
0.6746664047241211 -380 -704
0.6808016300201416 -385 -699
0.686187744140625 -389 -692
0.6924505233764648 -392 -693
0.6989398002624512 -398 -697
0.7051889896392822 -402 -701
0.7112991809844971 -406 -704
0.7177309989929199 -410 -696
0.7229704856872559 -414 -696
0.7293126583099365 -418 -695
0.7347903251647949 -422 -703
0.7409255504608154 -427 -701
0.746626615524292 -431 -698
0.7537753582000732 -435 -698
0.7601792812347412 -440 -695
0.7653107643127441 -444 -698
0.7714262008666992 -448 -705
0.783379077911377 -456 -701
0.7902476787567139 -460 -693
0.7953732013702393 -464 -697
0.8019430637359619 -470 -702
0.8097105026245117 -474 -705
0.8149087429046631 -479 -702
0.8210198879241943 -483 -704
0.8267662525177002 -487 -698
0.8325908184051514 -492 -699
0.8390583992004395 -496 -703
0.8445088863372803 -500 -705
0.8506393432617188 -502 -705
0.8578495979309082 -508 -699
0.8631572723388672 -512 -700
0.8698837757110596 -516 -701
0.8750050067901611 -521 -706
0.8811273574829102 -525 -707
0.8872890472412109 -530 -703
0.8926293849945068 -534 -696
0.8991262912750244 -538 -698
0.904578447341919 -542 -708
0.9117918014526367 -546 -708
0.9179863929748535 -550 -704
0.9234142303466797 -554 -702
0.930152416229248 -559 -699
0.9352834224700928 -563 -698
0.9413740634918213 -568 -703
0.9477593898773193 -572 -709
0.953005313873291 -577 -707
0.9604523181915283 -580 -696
0.9657952785491943 -584 -698
0.9719102382659912 -588 -702
0.9783031940460205 -592 -704
0.983405590057373 -597 -710
0.9901831150054932 -601 -702
0.9952852725982666 -605 -697
1.001408338546753 -610 -695
