0.020561933517456055 0 0
0.03384137153625488 0 0
0.04660344123840332 0 0
0.05774688720703125 0 3
0.07107758522033691 1 9
0.08141160011291504 2 9
0.08760356903076172 2 9
0.09856271743774414 4 87
0.10675454139709473 4 87
0.1119077205657959 5 93
0.11839079856872559 6 96
0.12560772895812988 6 110
0.1318836212158203 7 115
0.13825702667236328 8 115
0.1444106101989746 9 125
0.14969348907470703 10 127
0.15632176399230957 10 136
0.16152310371398926 12 140
0.16781949996948242 12 144
0.17395997047424316 14 149
0.17928481101989746 14 150
0.18676042556762695 15 150
0.1918342113494873 16 150
0.19797515869140625 17 153
0.20435810089111328 18 153
0.20966768264770508 19 158
0.21597576141357422 20 159
0.22143173217773438 21 163
0.2277815341949463 22 163
0.23512005805969238 23 164
0.2404613494873047 24 165
0.24676108360290527 25 167
0.2518596649169922 26 168
0.258009672164917 27 175
0.26447319984436035 28 175
0.2697303295135498 29 178
0.27601075172424316 30 179
0.28146839141845703 32 177
0.28884077072143555 32 179
0.29529523849487305 34 180
0.3005332946777344 34 184
0.3068068027496338 36 187
0.31194233894348145 37 188
0.31829404830932617 38 185
0.32442641258239746 39 180
0.3296937942504883 40 183
0.3370535373687744 42 186
0.34248971939086914 43 186
0.34876108169555664 44 187
0.35507893562316895 44 184
0.360370397567749 46 183
0.3667595386505127 47 182
0.3718698024749756 48 186
0.37798476219177246 49 189
0.38544631004333496 50 193
0.390822172164917 52 191
0.3970475196838379 52 191
0.4023902416229248 54 189
0.40868353843688965 55 190
0.41524672508239746 56 191
0.4205322265625 58 197
0.426832914352417 58 194
0.43193793296813965 60 195
0.43905138969421387 60 192
0.4454827308654785 62 192
0.4508514404296875 64 192
0.4570612907409668 64 193
0.4639008045196533 66 193
0.46949076652526855 67 192
0.47580671310424805 68 191
0.4812309741973877 69 187
0.48839473724365234 70 191
0.49885058403015137 73 195
0.5071110725402832 74 196
0.5124666690826416 76 192
0.5187320709228516 76 192
0.5253911018371582 78 194
0.5306906700134277 79 198
0.5377094745635986 80 196
0.5438308715820312 82 200
0.5494368076324463 82 197
0.5557749271392822 84 194
0.5612225532531738 85 195
0.5673463344573975 86 195
0.5727064609527588 87 196
0.5787928104400635 88 198
0.5853791236877441 90 194
0.5916891098022461 90 192
0.597825288772583 92 191
0.6039934158325195 93 192
0.609438419342041 94 195
0.6157333850860596 96 197
0.6211905479431152 96 197
0.6273083686828613 98 197
0.6326665878295898 99 192
0.639763593673706 100 196
0.6464657783508301 102 195
0.6515922546386719 102 197
0.6577832698822021 104 197
0.6639506816864014 105 197
0.6692500114440918 106 196
0.6758618354797363 107 196
0.6813244819641113 108 198
0.6874489784240723 110 197
0.6946656703948975 111 197
0.6999366283416748 112 196
0.7066760063171387 113 193
0.7118754386901855 114 190
0.7179591655731201 116 193
0.7243280410766602 116 196
0.7295341491699219 118 193
0.7358953952789307 119 193
0.7423744201660156 120 193
0.748481035232544 121 192
0.7546687126159668 122 195
0.7599260807037354 124 194
0.7667009830474854 125 198
0.7718205451965332 126 198
0.7779207229614258 127 197
0.7842838764190674 128 196
0.7895090579986572 130 194
0.7969038486480713 130 198
0.8020100593566895 132 199
0.8085861206054688 133 198
0.8149182796478271 134 199
0.8199892044067383 136 193
0.8267462253570557 136 190
0.8318614959716797 138 191
0.8379764556884766 139 193
0.8454239368438721 140 193
0.8507235050201416 142 190
0.857008695602417 142 190
0.8623404502868652 144 190
0.8684751987457275 144 193
0.8746631145477295 146 194
0.8799278736114502 147 196
0.8867552280426025 148 196
0.8932785987854004 151 192
0.9057841300964355 152 192
0.9112715721130371 153 193
0.9175741672515869 154 193
0.9233174324035645 156 199
0.9291884899139404 157 199
0.9358031749725342 158 195
0.9412617683410645 159 191
0.9485387802124023 160 191
0.9548938274383545 162 194
0.9599697589874268 162 192
0.9665606021881104 164 194
0.9718170166015625 165 191
0.977959156036377 166 189
0.9843466281890869 167 190
0.989553689956665 168 192
0.996995210647583 170 196
1.0023646354675293 171 197
