0.01918172836303711 0 2
0.03255414962768555 1 7
0.047742366790771484 2 37
0.05975675582885742 4 96
0.07014703750610352 5 115
0.08260655403137207 7 162
0.08874058723449707 8 162
0.09443116188049316 10 195
0.10017180442810059 10 200
0.10663175582885742 12 205
0.11194515228271484 14 224
0.11836409568786621 14 245
0.12370657920837402 17 257
0.12997651100158691 18 274
0.14213132858276367 23 295
0.15006732940673828 24 301
0.15668344497680664 26 306
0.16206860542297363 28 313
0.16840505599975586 30 320
0.17374038696289062 32 330
0.18004608154296875 35 341
0.18749451637268066 37 350
0.19268369674682617 39 355
0.19880437850952148 42 360
0.20453190803527832 44 369
0.21025776863098145 45 380
0.2167510986328125 48 376
0.22210264205932617 50 379
0.2282733917236328 52 382
0.23518157005310059 55 385
0.24078011512756348 58 389
0.2471168041229248 60 395
0.2525796890258789 62 403
0.25891947746276855 65 405
0.26503849029541016 67 407
0.27037692070007324 70 414
0.2768704891204834 72 412
0.28229784965515137 74 409
0.2891883850097656 77 410
0.2955930233001709 80 410
0.3010258674621582 82 417
0.3074944019317627 84 422
0.3126850128173828 88 425
0.31881213188171387 90 428
0.324540376663208 92 433
0.3302605152130127 94 429
0.337695837020874 98 430
0.34285473823547363 100 428
0.34896397590637207 103 425
0.35509681701660156 106 431
0.36070704460144043 108 432
0.36704063415527344 110 435
0.372485876083374 114 442
0.3787848949432373 116 443
0.3857424259185791 118 441
0.3912017345428467 122 442
0.3977804183959961 124 439
0.4028925895690918 126 435
0.40902042388916016 129 438
0.4152100086212158 132 439
0.4208798408508301 134 446
0.4271259307861328 137 448
0.432572603225708 140 444
0.43958401679992676 142 447
0.4457533359527588 146 449
0.45104098320007324 148 444
0.45752763748168945 150 445
0.4627115726470947 153 444
0.4688286781311035 156 442
0.47495603561401367 158 453
0.48044872283935547 162 450
0.48805689811706543 164 453
0.49317407608032227 167 453
0.49954700469970703 170 447
0.5057218074798584 173 444
0.5121564865112305 176 442
0.518540620803833 178 443
0.5238900184631348 181 450
0.5299620628356934 183 454
0.5365331172943115 190 455
0.5502943992614746 192 451
0.5568933486938477 196 449
0.5622878074645996 198 447
0.5686333179473877 201 443
0.5739901065826416 204 454
0.5802247524261475 206 452
0.5867259502410889 209 452
0.5930078029632568 212 456
0.5995161533355713 214 452
0.6056711673736572 217 453
0.6109368801116943 220 452
0.6171779632568359 222 444
0.6226513385772705 226 449
0.6287906169891357 228 449
0.6345243453979492 231 454
0.6414740085601807 234 458
0.6480011940002441 236 455
0.6531505584716797 239 453
0.6596884727478027 242 452
0.6658444404602051 244 446
0.671135425567627 247 448
0.6776959896087646 250 450
0.6829257011413574 252 448
0.6890521049499512 255 456
0.6965291500091553 258 457
0.7018084526062012 262 454
0.7081098556518555 264 455
0.713554859161377 267 450
0.7198433876037598 269 446
0.7262027263641357 272 450
0.7315118312835693 274 445
0.7378532886505127 278 449
0.7444179058074951 280 456
0.7501926422119141 282 455
0.7566523551940918 285 458
0.7619624137878418 288 453
0.768272876739502 290 447
0.7736318111419678 294 447
0.779961347579956 296 446
0.7862954139709473 298 444
0.792548418045044 302 454
0.7987096309661865 305 451
0.8044226169586182 308 453
0.8101620674133301 310 455
0.8166003227233887 312 450
0.8218917846679688 316 445
0.8281736373901367 318 446
0.8335506916046143 321 440
0.8398492336273193 324 450
0.8470919132232666 326 451
0.8525216579437256 329 451
0.8587026596069336 332 455
0.8644132614135742 334 454
0.8701963424682617 336 451
0.8766627311706543 339 448
0.8821001052856445 342 443
0.8883054256439209 344 446
0.895216703414917 348 447
0.9009084701538086 350 451
0.9076592922210693 354 452
0.9127874374389648 356 451
0.9189033508300781 359 447
0.9250411987304688 362 449
0.9303770065307617 364 446
0.9368793964385986 366 447
0.9487998485565186 372 445
0.9564785957336426 375 451
0.961763858795166 378 455
0.9682493209838867 380 453
0.9736390113830566 384 451
0.9799315929412842 386 446
0.9862911701202393 388 442
0.9915609359741211 392 444
0.9986777305603027 394 443
1.0040502548217773 397 444
