0.019495725631713867 0 0
0.03037095069885254 0 0
0.04199838638305664 0 -6
0.057015419006347656 -2 -13
0.07781720161437988 -3 -69
0.08900046348571777 -4 -85
0.09421586990356445 -4 -85
0.10052776336669922 -4 -70
0.10664987564086914 -5 -112
0.11241459846496582 -6 -117
0.11868500709533691 -6 -90
0.12411236763000488 -8 -106
0.13027524948120117 -8 -108
0.13760709762573242 -9 -118
0.14269185066223145 -10 -120
0.14930462837219238 -10 -120
0.15443921089172363 -12 -134
0.1606149673461914 -12 -134
0.16702675819396973 -13 -143
0.17247366905212402 -14 -144
0.178680419921875 -15 -146
0.18512988090515137 -16 -145
0.19129467010498047 -16 -151
0.1977825164794922 -18 -151
0.20306801795959473 -18 -155
0.20941495895385742 -20 -159
0.21464109420776367 -20 -137
0.2210102081298828 -22 -173
0.22714853286743164 -22 -173
0.23261642456054688 -24 -176
0.2400062084197998 -24 -176
0.2453768253326416 -26 -167
0.25148487091064453 -26 -167
0.257840633392334 -28 -167
0.26327013969421387 -28 -167
0.26953768730163574 -30 -170
0.27468180656433105 -30 -169
0.28103113174438477 -32 -174
0.2884182929992676 -33 -176
0.29387545585632324 -34 -178
0.30002379417419434 -35 -181
0.3053860664367676 -36 -181
0.31148505210876465 -37 -181
0.31783056259155273 -38 -180
0.3232126235961914 -39 -181
0.3296642303466797 -40 -180
0.3350036144256592 -42 -183
0.34185361862182617 -43 -182
0.34842896461486816 -44 -183
0.35382962226867676 -45 -178
0.35996055603027344 -46 -179
0.36527466773986816 -47 -181
0.37141942977905273 -48 -182
0.3777773380279541 -49 -189
0.38306522369384766 -50 -185
0.39016056060791016 -52 -183
0.3955411911010742 -52 -182
0.4016110897064209 -54 -184
0.4082493782043457 -55 -185
0.41363096237182617 -56 -191
0.419830322265625 -58 -191
0.4266939163208008 -58 -191
0.43202710151672363 -60 -191
0.4395616054534912 -60 -191
0.4447154998779297 -62 -192
0.4510977268218994 -63 -195
0.45727062225341797 -64 -195
0.4683840274810791 -66 -190
0.47698545455932617 -68 -189
0.48244428634643555 -69 -187
0.4898366928100586 -70 -192
0.49524950981140137 -72 -192
0.5015382766723633 -72 -195
0.5080323219299316 -74 -193
0.513312816619873 -75 -187
0.519575834274292 -76 -187
0.5246737003326416 -77 -192
0.531212329864502 -78 -193
0.5373938083648682 -80 -197
0.5439555644989014 -81 -194
0.5501022338867188 -82 -193
0.5554664134979248 -84 -193
0.5615956783294678 -84 -197
0.5680673122406006 -86 -197
0.5732965469360352 -87 -199
0.5795507431030273 -88 -197
0.5846686363220215 -89 -193
0.5925772190093994 -90 -190
0.5995774269104004 -92 -193
0.6046998500823975 -93 -193
0.6110684871673584 -94 -193
0.617293119430542 -95 -194
0.6225612163543701 -96 -190
0.6290438175201416 -98 -191
0.6342258453369141 -98 -190
0.6403920650482178 -100 -190
0.6480453014373779 -101 -196
0.6533381938934326 -102 -197
0.6596014499664307 -104 -198
0.664710521697998 -104 -194
0.6711266040802002 -106 -194
0.6772861480712891 -107 -196
0.68257737159729 -108 -198
0.6890299320220947 -110 -199
0.6952824592590332 -111 -200
0.7014434337615967 -112 -198
0.7080330848693848 -113 -195
0.7133607864379883 -114 -193
0.7197980880737305 -115 -196
0.725147008895874 -117 -199
0.7312817573547363 -118 -196
0.7376444339752197 -119 -194
0.743872880935669 -120 -192
0.7500271797180176 -121 -194
0.7554004192352295 -122 -193
0.7615303993225098 -124 -194
0.7681560516357422 -124 -197
0.7735540866851807 -126 -197
0.7797577381134033 -127 -197
0.7851512432098389 -128 -197
0.7912969589233398 -130 -198
0.7985255718231201 -131 -198
0.8039991855621338 -132 -201
0.8145735263824463 -134 -201
0.8207004070281982 -136 -198
0.8270707130432129 -136 -197
0.8325555324554443 -138 -196
0.839061975479126 -139 -198
0.8442745208740234 -140 -198
0.8516688346862793 -141 -194
0.8581209182739258 -142 -193
0.8683106899261475 -144 -194
0.8751327991485596 -146 -197
0.881450891494751 -147 -197
0.8881556987762451 -148 -196
0.893573522567749 -150 -195
0.9006941318511963 -151 -196
0.9070615768432617 -152 -196
0.9122931957244873 -154 -198
0.9186484813690186 -154 -199
0.9241142272949219 -156 -199
0.9302973747253418 -157 -200
0.9364917278289795 -158 -200
0.9418630599975586 -160 -198
0.9495728015899658 -160 -199
0.9546926021575928 -162 -200
0.9610648155212402 -163 -200
0.9672560691833496 -164 -199
0.9725592136383057 -166 -191
0.9793107509613037 -166 -193
0.9844589233398438 -168 -193
0.9905867576599121 -169 -194
0.99674391746521 -170 -199
1.0032849311828613 -171 -194
