0.019324541091918945 0 0
0.03331255912780762 -1 -83
0.045593976974487305 -3 -110
0.05898880958557129 -6 -192
0.07154417037963867 -10 -272
0.08462643623352051 -12 -327
0.0899970531463623 -15 -369
0.09608840942382812 -18 -383
0.10229229927062988 -20 -443
0.10761547088623047 -24 -485
0.11421084403991699 -27 -507
0.11933755874633789 -30 -560
0.12548494338989258 -34 -592
0.13166165351867676 -38 -616
0.13833189010620117 -44 -648
0.14476633071899414 -46 -671
0.15012764930725098 -52 -699
0.1562795639038086 -56 -726
0.162642240524292 -60 -750
0.1679527759552002 -64 -772
0.17429828643798828 -70 -788
0.17941880226135254 -74 -810
0.18660974502563477 -80 -846
0.19312167167663574 -86 -849
0.19849896430969238 -92 -868
0.2048954963684082 -96 -883
0.21030259132385254 -103 -898
0.21661138534545898 -106 -914
0.22308874130249023 -112 -929
0.22842049598693848 -120 -935
0.23471474647521973 -126 -954
0.24259209632873535 -132 -964
0.24792122840881348 -138 -972
0.25426697731018066 -144 -982
0.2594029903411865 -150 -996
0.2659327983856201 -156 -1000
0.27213621139526367 -162 -1006
0.2774617671966553 -168 -1015
0.28397202491760254 -174 -1026
0.29022693634033203 -182 -1033
0.29636716842651367 -193 -1051
0.3089272975921631 -202 -1060
0.3152434825897217 -208 -1061
0.3209977149963379 -214 -1067
0.326995849609375 -220 -1071
0.3336527347564697 -227 -1081
0.34012341499328613 -236 -1081
0.3464689254760742 -240 -1081
0.3527977466583252 -247 -1090
0.3581867218017578 -254 -1094
0.36447620391845703 -260 -1098
0.3696017265319824 -266 -1104
0.3759632110595703 -274 -1105
0.38213205337524414 -280 -1106
0.38761138916015625 -289 -1113
0.39496350288391113 -294 -1112
0.4003446102142334 -302 -1118
0.40642809867858887 -306 -1118
0.4127542972564697 -314 -1123
0.41817760467529297 -320 -1122
0.4244804382324219 -327 -1125
0.42960190773010254 -334 -1126
0.4359889030456543 -340 -1129
0.4433610439300537 -350 -1128
0.4488513469696045 -356 -1131
0.45498180389404297 -361 -1132
0.4603452682495117 -370 -1132
0.46644020080566406 -374 -1134
0.4730813503265381 -382 -1137
0.47848939895629883 -390 -1140
0.4846913814544678 -395 -1138
0.49160218238830566 -404 -1140
0.4969358444213867 -411 -1140
0.503565788269043 -418 -1141
0.5090124607086182 -424 -1143
0.5151596069335938 -432 -1141
0.5208761692047119 -438 -1143
0.5266396999359131 -443 -1143
0.5331454277038574 -452 -1143
0.5385258197784424 -459 -1142
0.5454387664794922 -466 -1145
0.5515739917755127 -473 -1145
0.5569181442260742 -480 -1146
0.5635712146759033 -486 -1149
0.569019079208374 -494 -1149
0.5751261711120605 -500 -1149
0.5808634757995605 -507 -1150
0.5866439342498779 -512 -1151
0.5941026210784912 -521 -1149
0.5992569923400879 -528 -1151
0.6055698394775391 -535 -1148
0.6119701862335205 -542 -1151
0.6171901226043701 -548 -1149
0.6239774227142334 -556 -1152
0.6291732788085938 -562 -1152
0.635331392288208 -570 -1152
0.6414716243743896 -576 -1155
0.6481585502624512 -583 -1154
0.6544466018676758 -590 -1152
0.6595675945281982 -597 -1152
0.6656944751739502 -604 -1153
0.6721839904785156 -611 -1151
0.6774790287017822 -618 -1150
0.6842191219329834 -625 -1151
0.6893417835235596 -632 -1151
0.6965475082397461 -638 -1155
0.7094063758850098 -655 -1154
0.715996265411377 -662 -1154
0.7221095561981201 -668 -1150
0.7275490760803223 -676 -1156
0.7344350814819336 -682 -1156
0.7395856380462646 -690 -1152
0.7471420764923096 -698 -1157
0.7534887790679932 -706 -1153
0.7589631080627441 -712 -1153
0.7651007175445557 -720 -1157
0.7704555988311768 -726 -1159
0.7766420841217041 -731 -1156
0.7830874919891357 -738 -1155
0.7885136604309082 -747 -1154
0.794705867767334 -754 -1154
0.8016707897186279 -761 -1156
0.807377815246582 -768 -1156
0.8136191368103027 -775 -1155
0.8190968036651611 -782 -1154
0.8252573013305664 -789 -1156
0.8309929370880127 -796 -1154
0.8367598056793213 -800 -1153
0.8432085514068604 -810 -1158
0.8494853973388672 -816 -1157
0.8555967807769775 -824 -1158
0.8619821071624756 -830 -1157
0.8674790859222412 -838 -1155
0.8740971088409424 -844 -1154
0.879223108291626 -852 -1156
0.8853657245635986 -858 -1154
0.8915081024169922 -865 -1154
0.8981549739837646 -872 -1154
0.9046759605407715 -879 -1155
0.9100418090820312 -886 -1157
0.9161601066589355 -893 -1155
0.9227099418640137 -900 -1158
0.9280092716217041 -907 -1159
0.934415340423584 -914 -1158
0.9395346641540527 -920 -1158
0.9456787109375 -928 -1158
0.9531607627868652 -937 -1157
0.9585390090942383 -944 -1156
0.9647445678710938 -948 -1155
0.9701437950134277 -958 -1156
0.976299524307251 -962 -1152
0.983051061630249 -970 -1152
0.9883902072906494 -978 -1154
0.9948768615722656 -983 -1157
1.002089023590088 -992 -1158
