0.01775836944580078 0 0
0.03247570991516113 0 2
0.04633617401123047 2 11
0.05832958221435547 4 83
0.06968975067138672 8 265
0.08031702041625977 10 285
0.0866391658782959 12 332
0.09177160263061523 15 367
0.09789276123046875 18 395
0.10430240631103516 20 432
0.10967659950256348 23 450
0.11593890190124512 27 481
0.12278962135314941 30 501
0.13002872467041016 34 522
0.1366105079650879 37 545
0.14171409606933594 40 570
0.14783501625061035 44 595
0.15404891967773438 48 610
0.1595168113708496 52 627
0.16581320762634277 56 640
0.17124104499816895 60 654
0.1774003505706787 64 673
0.18506956100463867 68 694
0.19037795066833496 73 700
0.19677448272705078 77 710
0.20185112953186035 82 721
0.20800566673278809 86 731
0.21898770332336426 96 764
0.22716093063354492 101 775
0.23431181907653809 106 774
0.23978066444396973 110 784
0.24658203125 116 797
0.2516913414001465 120 807
0.25782108306884766 126 813
0.26394200325012207 130 813
0.2693443298339844 136 819
0.27580928802490234 140 833
0.2819955348968506 146 838
0.28836941719055176 150 844
0.29456233978271484 156 850
0.2998542785644531 161 851
0.3066060543060303 166 863
0.31171464920043945 171 870
0.31800127029418945 176 867
0.32444286346435547 182 867
0.32973527908325195 189 879
0.33716392517089844 192 885
0.34253740310668945 200 883
0.34868955612182617 203 888
0.3550703525543213 208 893
0.3603541851043701 214 899
0.3668382167816162 219 899
0.3719635009765625 224 902
0.37831616401672363 230 905
0.3855855464935303 238 906
0.39094018936157227 243 910
0.3971288204193115 246 914
0.4025003910064697 254 910
0.4086318016052246 258 916
0.4150545597076416 263 923
0.4203464984893799 268 925
0.4268348217010498 274 921
0.431962251663208 282 923
0.43907713890075684 286 927
0.44570064544677734 293 932
0.45112133026123047 298 928
0.4572434425354004 302 928
0.4625518321990967 310 934
0.4687216281890869 314 939
0.4750556945800781 319 934
0.48033666610717773 324 932
0.4874534606933594 332 939
0.4928097724914551 338 943
0.4989442825317383 342 941
0.5054011344909668 347 938
0.5107190608978271 354 943
0.5169582366943359 358 951
0.5223231315612793 364 944
0.5284423828125 370 940
0.5345988273620605 378 943
0.540963888168335 383 949
0.5472924709320068 387 948
0.5526573657989502 394 946
0.5587949752807617 398 943
0.5651469230651855 404 952
0.570533037185669 410 951
0.576960563659668 415 948
0.5822794437408447 423 946
0.5892314910888672 428 951
0.5957140922546387 434 956
0.6019105911254883 440 952
0.6084070205688477 446 947
0.6145896911621094 459 953
0.6272656917572021 463 954
0.6326484680175781 470 952
0.6399209499359131 476 951
0.6465883255004883 482 955
0.6517181396484375 488 954
0.6578373908996582 494 952
0.663996696472168 499 954
0.6697304248809814 505 952
0.6759788990020752 510 954
0.6813919544219971 516 953
0.6885673999786377 522 952
0.6949465274810791 528 955
0.7000124454498291 534 955
0.7067925930023193 539 956
0.7119772434234619 545 953
0.7183129787445068 550 957
0.7244949340820312 556 958
0.7299468517303467 562 958
0.7365233898162842 570 955
0.7427322864532471 576 955
0.7488083839416504 580 956
0.7552773952484131 585 955
0.7605423927307129 591 954
0.7668309211730957 596 957
0.7719213962554932 602 958
0.7780425548553467 608 958
0.7844367027282715 614 955
0.7912039756774902 622 962
0.7973504066467285 627 957
0.8027317523956299 633 957
0.808804988861084 637 956
0.8152561187744141 642 956
0.820530891418457 648 958
0.8267877101898193 654 957
0.8319079875946045 660 955
0.8384151458740234 668 958
0.8458511829376221 673 960
0.8512983322143555 679 955
0.8574402332305908 684 959
0.8627927303314209 690 952
0.8688919544219971 694 960
0.875370979309082 700 955
0.8806865215301514 708 956
0.8869750499725342 712 951
0.8939526081085205 719 962
0.8993468284606934 725 961
0.9059762954711914 730 954
0.9114103317260742 736 953
0.9175426959991455 742 955
0.9232714176177979 748 956
0.929039716720581 752 955
0.9355108737945557 759 958
0.9416568279266357 765 958
0.9478335380554199 770 962
0.9539828300476074 776 955
0.9593381881713867 782 953
0.9660189151763916 788 957
0.9714560508728027 794 961
0.9776427745819092 800 952
0.9838025569915771 805 950
0.9891459941864014 811 952
0.9967246055603027 816 958
1.001828908920288 822 955
