0.01842355728149414 0 0
0.03828883171081543 -2 -34
0.0505218505859375 -2 -68
0.06523633003234863 -4 -110
0.07932519912719727 -6 -159
0.08968639373779297 -8 -168
0.09503650665283203 -9 -187
0.10119795799255371 -10 -192
0.10738205909729004 -12 -204
0.11324286460876465 -14 -227
0.1194911003112793 -15 -245
0.12460923194885254 -16 -255
0.13071727752685547 -18 -271
0.1370992660522461 -20 -277
0.14356613159179688 -22 -291
0.14974665641784668 -24 -298
0.1550736427307129 -26 -302
0.1612081527709961 -28 -308
0.16776204109191895 -30 -316
0.17305946350097656 -32 -322
0.1794445514678955 -34 -328
0.18455982208251953 -36 -340
0.1916806697845459 -38 -347
0.19819068908691406 -40 -351
0.2035531997680664 -43 -364
0.20975613594055176 -44 -368
0.2151501178741455 -48 -375
0.22128057479858398 -49 -376
0.22778010368347168 -51 -374
0.23309659957885742 -54 -377
0.2403576374053955 -56 -382
0.24654245376586914 -59 -386
0.25185680389404297 -61 -391
0.258359432220459 -64 -394
0.26376962661743164 -66 -401
0.26991796493530273 -68 -405
0.27526021003723145 -71 -407
0.28140878677368164 -72 -411
0.2880275249481201 -76 -407
0.29427075386047363 -78 -406
0.300386905670166 -81 -408
0.30652523040771484 -83 -410
0.3118607997894287 -86 -413
0.31836652755737305 -88 -420
0.3237729072570801 -91 -422
0.32990527153015137 -92 -424
0.33525729179382324 -96 -428
0.3422110080718994 -98 -421
0.34870147705078125 -101 -425
0.35413265228271484 -104 -424
0.3602437973022461 -106 -420
0.36599183082580566 -108 -430
0.37191057205200195 -112 -431
0.37838006019592285 -114 -432
0.38454675674438477 -116 -440
0.39066219329833984 -120 -438
0.3982517719268799 -123 -438
0.4036080837249756 -126 -436
0.4099276065826416 -127 -432
0.415393590927124 -130 -428
0.4214644432067871 -132 -434
0.4326035976409912 -138 -449
0.4405820369720459 -141 -444
0.4482243061065674 -145 -444
0.4536142349243164 -148 -443
0.45993566513061523 -149 -438
0.46537113189697266 -152 -437
0.4716525077819824 -154 -439
0.4781210422515869 -157 -440
0.4834706783294678 -160 -441
0.4897434711456299 -162 -451
0.49662303924560547 -166 -448
0.5022127628326416 -169 -450
0.5085487365722656 -172 -443
0.5140426158905029 -174 -440
0.5201883316040039 -176 -443
0.5255460739135742 -180 -441
0.531851053237915 -182 -443
0.5382900238037109 -185 -447
0.543750524520874 -188 -451
0.550621509552002 -190 -453
0.5569803714752197 -193 -451
0.5622198581695557 -196 -445
0.5685763359069824 -198 -442
0.5740060806274414 -201 -444
0.5801205635070801 -204 -444
0.5854644775390625 -206 -446
0.591754674911499 -209 -449
0.5993597507476807 -212 -452
0.6044862270355225 -214 -455
0.6105928421020508 -217 -450
0.6167309284210205 -220 -445
0.622197151184082 -222 -448
0.6287062168121338 -225 -442
0.6341354846954346 -228 -440
0.6402649879455566 -230 -447
0.6473939418792725 -233 -448
0.6530420780181885 -236 -454
0.6593947410583496 -238 -454
0.66451096534729 -242 -451
0.670628547668457 -244 -451
0.6770205497741699 -246 -446
0.6822519302368164 -249 -442
0.6885995864868164 -252 -446
0.6940581798553467 -254 -446
0.7011022567749023 -258 -450
0.7072618007659912 -260 -453
0.7129950523376465 -263 -452
0.7193164825439453 -266 -454
0.7244479656219482 -268 -450
0.7305688858032227 -271 -445
0.736736536026001 -274 -442
0.7421824932098389 -276 -443
0.7496664524078369 -279 -446
0.7550463676452637 -282 -452
0.761329174041748 -284 -451
0.7678229808807373 -287 -453
0.7732782363891602 -290 -456
0.7795357704162598 -292 -447
0.7846634387969971 -295 -447
0.791022777557373 -298 -446
0.7971704006195068 -302 -446
0.8037548065185547 -304 -451
0.8099555969238281 -306 -455
0.8153340816497803 -310 -448
0.8214569091796875 -312 -456
0.8280830383300781 -318 -444
0.8399693965911865 -320 -448
0.8453452587127686 -323 -446
0.8526597023010254 -326 -446
0.8594224452972412 -328 -450
0.8645508289337158 -331 -452
0.8706338405609131 -334 -457
0.8770205974578857 -336 -452
0.8822596073150635 -339 -447
0.8891496658325195 -342 -448
0.8943982124328613 -344 -442
0.9016048908233643 -347 -445
0.9080905914306641 -350 -448
0.9134054183959961 -354 -448
0.9196562767028809 -356 -453
0.9250280857086182 -358 -456
0.93115234375 -361 -451
0.9372928142547607 -364 -447
0.942603349685669 -366 -446
0.949354887008667 -370 -441
0.9554965496063232 -372 -444
0.9615919589996338 -374 -445
0.9680986404418945 -377 -448
0.9734385013580322 -380 -455
0.9797310829162598 -382 -453
0.9850814342498779 -385 -451
0.9911954402923584 -388 -449
0.9976038932800293 -390 -443
1.0039851665496826 -394 -443
