0.03199005126953125 0 2
0.052838802337646484 1 7
0.06703686714172363 2 20
0.08038687705993652 5 150
0.09107089042663574 7 226
0.09733057022094727 9 283
0.10276079177856445 11 309
0.10882377624511719 13 321
0.11415934562683105 16 390
0.12031888961791992 18 434
0.12693166732788086 22 457
0.13229012489318848 25 491
0.13925695419311523 29 531
0.14564013481140137 32 554
0.15120267868041992 36 589
0.15766334533691406 40 629
0.16283631324768066 44 660
0.1689894199371338 48 691
0.17516303062438965 53 707
0.18052387237548828 57 731
0.18714261054992676 62 766
0.19361567497253418 67 788
0.19973492622375488 72 809
0.2059192657470703 77 822
0.21119904518127441 82 839
0.21768450736999512 87 864
0.22292375564575195 93 882
0.22905421257019043 98 893
0.23520660400390625 103 906
0.24164319038391113 109 922
0.24816489219665527 121 948
0.2605860233306885 129 961
0.2672867774963379 135 980
0.2727077007293701 141 996
0.27909040451049805 147 999
0.2852516174316406 153 1005
0.2920849323272705 161 1016
0.2983860969543457 165 1029
0.3037257194519043 173 1036
0.31000661849975586 177 1043
0.3163950443267822 184 1052
0.321688175201416 191 1059
0.32805728912353516 197 1063
0.3332059383392334 203 1067
0.3393428325653076 209 1079
0.3468484878540039 219 1083
0.35221385955810547 225 1087
0.35845232009887695 229 1095
0.3638274669647217 238 1097
0.37012362480163574 243 1102
0.3766181468963623 249 1110
0.3818979263305664 258 1111
0.388291597366333 263 1116
0.39518308639526367 271 1119
0.40052080154418945 279 1120
0.4071636199951172 285 1123
0.4126393795013428 292 1125
0.4187800884246826 299 1129
0.42417454719543457 305 1134
0.4304842948913574 313 1136
0.43698763847351074 319 1138
0.4424290657043457 326 1142
0.44933080673217773 333 1143
0.4557180404663086 340 1148
0.4610564708709717 347 1148
0.4673128128051758 354 1149
0.47277140617370605 361 1153
0.47891831398010254 367 1151
0.48466968536376953 375 1153
0.49066901206970215 384 1156
0.49826598167419434 389 1157
0.5033743381500244 395 1160
0.5097339153289795 403 1162
0.5159590244293213 409 1161
0.5212428569793701 417 1165
0.5278184413909912 423 1166
0.5329468250274658 431 1168
0.5392394065856934 437 1168
0.546858549118042 447 1169
0.552236795425415 453 1170
0.5583910942077637 459 1170
0.5637462139129639 465 1169
0.5698275566101074 473 1171
0.5762112140655518 479 1172
0.5813093185424805 487 1173
0.587909460067749 493 1173
0.5930221080780029 503 1176
0.600104570388794 508 1175
0.6067147254943848 515 1180
0.6120514869689941 525 1180
0.6183221340179443 529 1181
0.6237022876739502 536 1182
0.6298236846923828 543 1182
0.6362159252166748 553 1186
0.6425230503082275 560 1186
0.6496946811676025 574 1185
0.662459135055542 583 1185
0.6689598560333252 591 1190
0.6750874519348145 598 1188
0.6806235313415527 605 1189
0.6872491836547852 612 1188
0.6927001476287842 619 1191
0.6999197006225586 627 1192
0.7062826156616211 633 1191
0.7113595008850098 641 1194
0.7179577350616455 648 1193
0.7231106758117676 655 1190
0.7297060489654541 662 1192
0.7359113693237305 669 1194
0.7412054538726807 677 1192
0.7478339672088623 683 1193
0.7540032863616943 693 1195
0.7610366344451904 701 1197
0.7672939300537109 707 1196
0.7727644443511963 715 1194
0.7788753509521484 722 1193
0.7845919132232666 729 1196
0.7904925346374512 736 1195
0.7971537113189697 743 1196
0.8037052154541016 751 1193
0.8098206520080566 758 1196
0.8160169124603271 765 1194
0.8212804794311523 772 1197
0.8279049396514893 779 1193
0.8329989910125732 787 1197
0.8391003608703613 793 1195
0.8452107906341553 801 1197
0.8520922660827637 811 1194
0.8584227561950684 815 1195
0.8637959957122803 825 1201
0.8699295520782471 829 1203
0.8762691020965576 837 1200
0.8813378810882568 844 1199
0.8879594802856445 851 1198
0.89310622215271 859 1200
0.8992447853088379 865 1200
0.9070262908935547 875 1199
0.9125118255615234 883 1199
0.9186501502990723 887 1201
0.9240148067474365 897 1200
0.9303078651428223 901 1203
0.9367787837982178 909 1199
0.9422695636749268 919 1205
0.9484789371490479 925 1205
0.9556481838226318 933 1203
0.9608876705169678 940 1205
0.9676477909088135 947 1206
0.9728941917419434 955 1204
0.9790315628051758 962 1203
0.9851913452148438 969 1208
0.990525484085083 977 1204
0.9970018863677979 983 1204
1.003225564956665 991 1204
