0.0189208984375 0 0
0.03231024742126465 1 2
0.045012712478637695 2 95
0.05722308158874512 3 125
0.0699303150177002 7 215
0.08181238174438477 9 251
0.08724117279052734 11 275
0.09386396408081055 13 289
0.09902000427246094 15 312
0.10518860816955566 17 335
0.11156272888183594 19 352
0.11702585220336914 21 371
0.12351727485656738 24 386
0.12875580787658691 27 403
0.13590216636657715 29 426
0.14225530624389648 32 434
0.14754128456115723 35 457
0.1539609432220459 38 469
0.1590590476989746 41 481
0.16518044471740723 47 498
0.17884016036987305 52 516
0.1860809326171875 55 530
0.19272255897521973 59 540
0.19807863235473633 62 550
0.20440888404846191 65 553
0.20978879928588867 69 561
0.21611928939819336 71 570
0.2225637435913086 75 578
0.22783708572387695 79 592
0.23488712310791016 83 598
0.24102210998535156 87 600
0.24634861946105957 91 610
0.2528243064880371 94 605
0.2582721710205078 98 614
0.2644326686859131 101 618
0.2698638439178467 105 626
0.27599287033081055 108 632
0.2831270694732666 113 636
0.28861165046691895 117 634
0.2949221134185791 121 636
0.30104613304138184 125 646
0.30638909339904785 129 650
0.3128674030303955 133 654
0.31827783584594727 137 660
0.3244626522064209 139 655
0.3298218250274658 145 657
0.3369565010070801 149 662
0.3437013626098633 153 666
0.34882164001464844 157 677
0.3551485538482666 161 673
0.3615274429321289 165 671
0.36675286293029785 169 672
0.37310123443603516 173 679
0.3785579204559326 177 682
0.38576745986938477 181 684
0.39213037490844727 185 683
0.39719653129577637 189 681
0.4037787914276123 193 681
0.4089314937591553 197 687
0.4154849052429199 201 692
0.4216427803039551 205 693
0.42693090438842773 210 692
0.4331679344177246 214 685
0.4396934509277344 219 687
0.4458141326904297 222 694
0.4521360397338867 227 693
0.45720863342285156 231 697
0.46375131607055664 235 693
0.4689164161682129 239 690
0.4752194881439209 243 693
0.4816453456878662 247 698
0.48812270164489746 253 702
0.49431419372558594 256 703
0.4997403621673584 261 696
0.5058705806732178 264 696
0.5122165679931641 269 697
0.5175018310546875 273 703
0.5238726139068604 277 706
0.5289993286132812 281 704
0.5355491638183594 287 698
0.5428636074066162 291 698
0.5490233898162842 295 703
0.555194616317749 299 707
0.561565637588501 303 708
0.5668964385986328 311 698
0.5798654556274414 317 698
0.5861704349517822 322 707
0.5940256118774414 326 708
0.5991542339324951 331 706
0.6058170795440674 335 698
0.6121819019317627 339 701
0.617485523223877 343 706
0.6238377094268799 347 709
0.6289534568786621 351 708
0.6350867748260498 355 703
0.6426029205322266 360 703
0.6478972434997559 365 705
0.6543257236480713 369 709
0.6596889495849609 374 711
0.665839672088623 377 710
0.6722018718719482 381 707
0.6774857044219971 385 702
0.6838524341583252 389 706
0.6900017261505127 395 713
0.6961550712585449 398 710
0.7026057243347168 403 711
0.7079076766967773 408 705
0.7144100666046143 411 707
0.719731330871582 417 707
0.7258799076080322 419 714
0.732464075088501 423 710
0.737776517868042 429 707
0.7448732852935791 433 705
0.7510368824005127 438 705
0.7563865184783936 442 711
0.7628555297851562 447 712
0.768282413482666 451 707
0.7745687961578369 455 705
0.7799201011657715 459 704
0.7860333919525146 462 710
0.7934958934783936 467 711
0.7986915111541748 472 710
0.8048274517059326 476 705
0.8109824657440186 480 705
0.8163833618164062 485 707
0.8228511810302734 489 710
0.8282780647277832 493 711
0.8346061706542969 497 713
0.8400139808654785 501 706
0.8469984531402588 506 703
0.8534810543060303 510 707
0.858687162399292 515 711
0.8649606704711914 519 711
0.8711669445037842 523 708
0.8764846324920654 527 704
0.8829858303070068 531 706
0.8884437084197998 535 708
0.8956902027130127 540 714
0.9018580913543701 544 710
0.9071376323699951 549 709
0.9136903285980225 553 705
0.9187822341918945 557 706
0.9249448776245117 561 712
0.9310874938964844 565 711
0.9384338855743408 571 708
0.9456672668457031 575 705
0.9518520832061768 579 704
0.9575252532958984 584 710
0.9638655185699463 588 714
0.9744918346405029 597 710
0.982438325881958 601 701
0.9877560138702393 605 708
0.9950785636901855 611 715
1.0014967918395996 615 710
