0.019662141799926758 0 0
0.032709598541259766 -2 -9
0.04419302940368652 -4 -139
0.05937957763671875 -6 -209
0.07027554512023926 -11 -294
0.08239293098449707 -13 -315
0.0892038345336914 -16 -349
0.09432363510131836 -18 -392
0.10070514678955078 -21 -411
0.10687637329101562 -24 -434
0.11213421821594238 -26 -478
0.11838412284851074 -30 -493
0.12380337715148926 -33 -516
0.13105034828186035 -36 -542
0.13740921020507812 -40 -557
0.14267826080322266 -44 -572
0.14919090270996094 -47 -591
0.1543731689453125 -51 -611
0.1607348918914795 -55 -631
0.16688942909240723 -59 -648
0.17221593856811523 -63 -659
0.17897319793701172 -68 -668
0.18511414527893066 -72 -680
0.19124102592468262 -76 -705
0.19768524169921875 -80 -715
0.20297908782958984 -86 -726
0.2094717025756836 -89 -731
0.2148606777191162 -95 -743
0.22100090980529785 -98 -753
0.22736120223999023 -102 -772
0.23360943794250488 -109 -780
0.2397458553314209 -114 -782
0.24509310722351074 -118 -783
0.25121021270751953 -122 -801
0.2576713562011719 -126 -806
0.26293396949768066 -132 -819
0.2693932056427002 -136 -817
0.27474045753479004 -142 -820
0.28288793563842773 -148 -832
0.2891957759857178 -153 -844
0.29431939125061035 -158 -845
0.3006751537322998 -164 -846
0.30684399604797363 -168 -852
0.3123147487640381 -174 -859
0.3189268112182617 -179 -867
0.32404232025146484 -184 -870
0.33037519454956055 -189 -870
0.33791613578796387 -202 -882
0.350691556930542 -207 -886
0.3568911552429199 -212 -881
0.36233973503112793 -218 -880
0.36908626556396484 -223 -894
0.3742237091064453 -228 -897
0.3803837299346924 -234 -898
0.38800716400146484 -241 -893
0.39344024658203125 -246 -902
0.39962315559387207 -250 -906
0.40496826171875 -258 -907
0.411118745803833 -261 -911
0.41748523712158203 -266 -910
0.42291879653930664 -272 -914
0.4292008876800537 -278 -913
0.43610119819641113 -284 -913
0.44164371490478516 -290 -917
0.44827747344970703 -296 -921
0.4537234306335449 -301 -919
0.4598691463470459 -307 -924
0.4655745029449463 -312 -918
0.4713306427001953 -316 -922
0.4777944087982178 -322 -926
0.4831273555755615 -329 -926
0.49021410942077637 -334 -926
0.4963815212249756 -340 -926
0.5018742084503174 -346 -929
0.5083746910095215 -352 -931
0.5138101577758789 -357 -930
0.5199413299560547 -362 -926
0.5256896018981934 -368 -931
0.5314340591430664 -372 -934
0.5389490127563477 -379 -932
0.5440728664398193 -385 -927
0.5502104759216309 -390 -929
0.556384801864624 -396 -936
0.5618400573730469 -402 -931
0.5683650970458984 -407 -930
0.5738239288330078 -413 -932
0.5799648761749268 -418 -937
0.5860950946807861 -424 -935
0.5923395156860352 -430 -932
0.5989322662353516 -436 -930
0.604041337966919 -441 -937
0.6101644039154053 -446 -940
0.6163332462310791 -452 -934
0.6216893196105957 -458 -933
0.6283304691314697 -464 -936
0.6337838172912598 -471 -939
0.6409907341003418 -474 -932
0.6473424434661865 -480 -930
0.6526815891265869 -486 -936
0.6590347290039062 -492 -939
0.6641814708709717 -499 -935
0.6711535453796387 -502 -933
0.6775033473968506 -508 -936
0.6828651428222656 -514 -937
0.6901063919067383 -522 -937
0.6962924003601074 -527 -933
0.7020201683044434 -532 -936
0.7083432674407959 -538 -940
0.7137892246246338 -544 -937
0.7199149131774902 -550 -934
0.7256677150726318 -555 -936
0.731417179107666 -559 -943
0.7378866672515869 -574 -939
0.7514984607696533 -580 -935
0.7580907344818115 -585 -941
0.7635807991027832 -591 -944
0.7698822021484375 -596 -933
0.7756383419036865 -602 -935
0.7815589904785156 -608 -942
0.7880346775054932 -613 -941
0.7943840026855469 -619 -937
0.8007535934448242 -624 -934
0.8069336414337158 -630 -937
0.8123757839202881 -636 -939
0.818953275680542 -642 -942
0.8240621089935303 -647 -936
0.8303821086883545 -652 -936
0.836848258972168 -658 -940
0.8432753086090088 -666 -939
0.8494446277618408 -670 -936
0.8548116683959961 -677 -935
0.8609671592712402 -681 -941
0.8675024509429932 -686 -941
0.8728780746459961 -692 -934
0.8791630268096924 -698 -936
0.884286642074585 -704 -945
0.890657901763916 -711 -945
0.8979239463806152 -716 -933
0.9032869338989258 -722 -937
0.9094555377960205 -726 -939
0.9148204326629639 -734 -941
0.920940637588501 -737 -938
0.9274744987487793 -742 -933
0.9329268932342529 -748 -941
0.9392290115356445 -756 -938
0.9461343288421631 -762 -940
0.9515407085418701 -767 -937
0.9582040309906006 -773 -940
0.9636657238006592 -778 -942
0.9698350429534912 -784 -941
0.9755756855010986 -790 -935
0.981325626373291 -794 -936
0.9879672527313232 -801 -938
0.9941451549530029 -806 -940
1.000303030014038 -812 -935
