0 0
8.463859558105469e-05 0
0.011551141738891602 0
0.017774581909179688 1
0.024070262908935547 1
0.02968144416809082 2
0.03651285171508789 3
0.04254627227783203 4
0.04929399490356445 6
0.05565690994262695 6
0.06123161315917969 8
0.06749486923217773 10
0.07368278503417969 12
0.0793147087097168 14
0.08571481704711914 16
0.0912785530090332 20
0.0975484848022461 22
0.10504841804504395 25
0.11072397232055664 28
0.11690926551818848 31
0.12319612503051758 34
0.12873053550720215 38
0.1350400447845459 42
0.1407303810119629 45
0.1469287872314453 51
0.1541154384613037 55
0.15977239608764648 59
0.17084836959838867 68
0.17777109146118164 73
0.18415498733520508 80
0.19252872467041016 85
0.19847631454467773 92
0.20587968826293945 97
0.21159148216247559 102
0.2178800106048584 108
0.22452831268310547 114
0.2299633026123047 119
0.23657774925231934 125
0.24187231063842773 131
0.24842000007629395 138
0.25574183464050293 142
0.2613346576690674 150
0.2676126956939697 157
0.27477002143859863 163
0.28015661239624023 169
0.28691792488098145 176
0.2933509349822998 182
0.2989795207977295 190
0.3064272403717041 196
0.3117527961730957 203
0.318009614944458 214
0.328646183013916 220
0.3349297046661377 226
0.34081292152404785 233
0.3469867706298828 240
0.35396528244018555 249
0.3596508502960205 255
0.36605167388916016 262
0.3716299533843994 268
0.3779182434082031 276
0.38410449028015137 282
0.3897526264190674 289
0.3960883617401123 296
0.4018218517303467 302
0.40927720069885254 312
0.4156472682952881 316
0.42133450508117676 325
0.4275848865509033 332
0.4337770938873291 339
0.4394040107727051 346
0.445781946182251 350
0.4513695240020752 360
0.45856809616088867 366
0.46493029594421387 374
0.47069883346557617 380
0.4769291877746582 387
0.48334574699401855 394
0.48889732360839844 401
0.4952871799468994 408
0.5009684562683105 417
0.5080502033233643 423
0.5144791603088379 428
0.519883394241333 434
0.5265729427337646 440
0.5318508148193359 444
0.5384302139282227 449
0.5446248054504395 453
0.5500044822692871 458
0.5576775074005127 462
0.5639660358428955 468
0.5751473903656006 472
0.5819487571716309 474
0.5892269611358643 478
0.5961740016937256 480
0.6018772125244141 482
0.6092946529388428 484
0.6158194541931152 485
0.6214747428894043 486
0.6277480125427246 487
0.6339461803436279 488
0.6395845413208008 488
0.6460261344909668 488
0.6515793800354004 488
0.6588623523712158 488
0.6651434898376465 488
0.6708064079284668 487
0.6769657135009766 486
0.6834173202514648 485
0.6889688968658447 483
0.6953573226928711 482
0.7011117935180664 480
0.7073783874511719 478
0.7146673202514648 476
0.7200014591217041 474
0.72662353515625 471
0.7319126129150391 468
0.7384119033813477 466
0.7446322441101074 463
0.749974250793457 460
0.7565739154815674 455
0.7638411521911621 452
0.7694597244262695 448
0.7758569717407227 444
0.7814195156097412 440
0.7876865863800049 436
0.7939038276672363 432
0.7995355129241943 426
0.8073239326477051 422
0.8146829605102539 418
0.8200201988220215 412
0.8268089294433594 408
0.8330769538879395 403
0.8386363983154297 398
0.8448457717895508 393
0.8506433963775635 388
0.8568882942199707 383
0.8639993667602539 379
0.8696446418762207 376
0.8760025501251221 372
0.8816719055175781 369
0.887944221496582 366
0.8941395282745361 363
0.8997533321380615 360
0.9060859680175781 358
0.9133772850036621 356
0.9189469814300537 354
0.925417423248291 353
0.9310429096221924 352
0.9372925758361816 351
0.9436802864074707 350
0.9493269920349121 349
0.9557301998138428 349
0.9612460136413574 349
0.9732768535614014 350
0.980902910232544 350
0.9870836734771729 351
0.9934773445129395 352
0.9990084171295166 353
1.0057082176208496 354
1.0112755298614502 356
1.0185422897338867 358
1.0247623920440674 360
1.0301108360290527 362
1.036689281463623 364
1.0425822734832764 367
1.0484843254089355 370
1.0546486377716064 372
1.059993028640747 376
1.0679528713226318 380
1.0744826793670654 382
1.079864501953125 386
1.0864367485046387 390
1.0917518138885498 394
1.0980219841003418 398
1.1045143604278564 402
1.1099121570587158 406
1.1173992156982422 410
1.1237573623657227 414
1.129415512084961 416
1.13578200340271 418
1.1413259506225586 422
1.1475787162780762 424
1.1537537574768066 426
1.1593739986419678 428
1.1667025089263916 430
1.1730258464813232 431
1.178539752960205 432
1.184856653213501 433
1.1906368732452393 434
1.1968400478363037 434
1.2032005786895752 434
1.208730697631836 434
1.2149178981781006 434
1.2215399742126465 434
1.2277932167053223 433
1.2339591979980469 432
1.2395858764648438 432
1.2460315227508545 430
1.251598834991455 429
1.257857084274292 427
1.2640888690948486 426
1.2708897590637207 423
1.2779064178466797 421
1.2841148376464844 418
1.2897286415100098 416
1.2960772514343262 413
1.3017241954803467 411
1.3079602718353271 408
1.3141677379608154 404
1.3210911750793457 400
1.3273797035217285 397
1.3337852954864502 394
1.339440107345581 391
1.3458092212677002 389
1.3513422012329102 386
1.3575456142425537 384
1.3638482093811035 381
1.3734960556030273 379
1.3819022178649902 378
1.3879191875457764 376
1.3967607021331787 376
1.403144359588623 375
1.408691644668579 375
1.4150867462158203 375
1.4217350482940674 375
1.4279968738555908 376
1.434147834777832 376
1.4397518634796143 378
1.446397304534912 378
1.451707124710083 380
1.4579524993896484 381
1.4645168781280518 383
1.469895839691162 385
1.4773824214935303 387
1.4837229251861572 390
1.4893410205841064 392
1.4957032203674316 394
1.5012316703796387 397
1.5075087547302246 400
1.5137028694152832 402
1.5193638801574707 405
1.526794195175171 408
1.533029317855835 410
1.5386414527893066 411
1.545030117034912 413
1.5507245063781738 414
1.5571117401123047 416
1.5633704662322998 417
1.5689101219177246 418
1.576157569885254 418
1.5817208290100098 418
1.5879278182983398 418
1.5944912433624268 418
1.5998797416687012 418
1.6066176891326904 417
1.6118888854980469 416
1.6181640625 415
1.6256465911865234 414
1.6312127113342285 412
1.637528419494629 410
1.643716812133789 408
1.6493291854858398 406
1.655733346939087 405
1.6614234447479248 402
1.6677229404449463 400
1.6750543117523193 398
1.680837869644165 396
1.6869993209838867 394
1.6933259963989258 392
1.6988990306854248 390
1.7053282260894775 389
1.7109382152557373 388
1.71712327003479 387
1.7234995365142822 387
1.7299509048461914 386
1.7365376949310303 386
1.7418038845062256 386
1.7480671405792236 387
1.7544796466827393 388
1.7598834037780762 388
1.7665231227874756 390
1.7777416706085205 392
1.7846641540527344 393
1.7911007404327393 396
1.7984979152679443 398
1.804865837097168 399
1.8107495307922363 401
1.8169775009155273 403
1.8233733177185059 405
1.829805612564087 406
1.8361270427703857 408
1.841808795928955 408
1.848118543624878 410
1.8546900749206543 410
1.860058069229126 410
1.8665878772735596 410
1.8718676567077637 410
1.8792765140533447 410
1.8856568336486816 409
1.8912034034729004 408
1.8974885940551758 407
1.9038147926330566 406
1.9094972610473633 404
1.9158556461334229 403
1.9214146137237549 402
1.9276878833770752 400
1.935084342956543 399
1.9407670497894287 397
1.9469599723815918 396
1.9532063007354736 395
1.9587726593017578 394
1.9653198719024658 393
1.970961570739746 392
1.9772605895996094 392
1.984605073928833 392
1.9899396896362305 392
1.997856855392456 393
2.0040698051452637 394
2.009676456451416 394
2.0160317420959473 396
2.021827220916748 396
2.0281715393066406 398
2.0357346534729004 399
2.0412919521331787 401
2.047558546066284 402
2.0537333488464355 403
2.0593655109405518 404
2.065727949142456 404
2.0712594985961914 405
2.0776588916778564 406
2.0850868225097656 406
2.0907840728759766 406
2.096935749053955 406
2.103195905685425 405
2.1087138652801514 404
2.1151435375213623 404
2.120894193649292 403
2.1270594596862793 402
2.13413667678833 400
2.1397745609283447 400
2.146491289138794 399
2.151812791824341 398
2.1580634117126465 397
2.1644446849823 396
2.1698338985443115 396
2.1813414096832275 396
2.190784454345703 396
2.1969945430755615 396
2.2035067081451416 396
2.2090134620666504 396
2.215531826019287 397
2.221054792404175 398
2.2272756099700928 398
2.2334940433502197 400
2.2399284839630127 400
2.2466912269592285 401
2.2525296211242676 402
2.2584645748138428 402
2.2648181915283203 402
2.2701258659362793 403
2.283777952194214 403
2.2901535034179688 403
2.296790599822998 403
2.303014039993286 402
2.3085427284240723 402
2.31477952003479 402
2.320112943649292 402
2.326866388320923 401
2.333202838897705 400
2.3396244049072266 400
2.3459787368774414 399
2.3514819145202637 399
2.3578062057495117 398
2.363988161087036 398
2.369649887084961 398
2.3761000633239746 398
2.38173770904541 398
2.389173984527588 398
2.3955209255218506 398
2.401033878326416 398
2.4072842597961426 398
2.4134562015533447 399
2.419004201889038 399
2.4253556728363037 400
2.4310147762298584 400
2.438019037246704 400
2.444613218307495 400
2.4499568939208984 401
2.4565412998199463 401
2.4618396759033203 401
2.468130350112915 401
2.4745562076568604 401
2.4799256324768066 401
2.486534357070923 400
2.4936230182647705 400
2.499255895614624 400
2.5057857036590576 400
2.5113298892974854 400
2.5175538063049316 400
2.5236995220184326 400
2.529304027557373 400
2.535646677017212 400
2.5425827503204346 400
2.548463821411133 400
2.554591655731201 400
2.5599253177642822 400
2.5666301250457764 399
2.5719447135925293 399
2.583491802215576 399
2.591214418411255 399
2.598494052886963 399
2.6048338413238525 400
2.610144853591919 400
2.616879463195801 400
2.623361349105835 400
2.628891944885254 400
2.6353611946105957 399
2.6416964530944824 399
2.647986650466919 399
2.6541669368743896 399
2.659797191619873 399
2.6660778522491455 400
2.6716015338897705 400
2.6778836250305176 400
2.6841719150543213 400
2.6897642612457275 400
2.6969594955444336 400
2.7031843662261963 399
2.708738327026367 399
2.7149159908294678 399
2.720677137374878 399
2.7268195152282715 399
2.7330195903778076 400
2.7385826110839844 400
2.7459473609924316 400
2.7514493465423584 400
2.7576727867126465 399
2.7639737129211426 399
2.7696495056152344 399
2.77599835395813 399
2.781487226486206 399
2.7877373695373535 400
2.794917345046997 400
2.800903797149658 400
2.807070255279541 400
2.8132991790771484 400
2.8188040256500244 399
2.825045108795166 399
2.830716133117676 399
2.8369290828704834 399
2.8431880474090576 399
2.8495898246765137 400
2.8559422492980957 400
2.8615760803222656 400
2.8678057193756104 400
2.8739542961120605 400
2.8795604705810547 399
2.8859195709228516 399
2.8915929794311523 399
2.898918628692627 399
2.9051687717437744 399
2.9108402729034424 400
2.9169440269470215 400
2.9233429431915283 400
2.928874969482422 400
2.9351210594177246 400
2.940757989883423 399
2.9478037357330322 399
2.9540069103240967 399
2.959658622741699 399
2.965980052947998 399
2.971482992172241 400
2.9830210208892822 400
2.9899489879608154 400
2.997974157333374 400