0.0366973876953125 0 0
0.04660439491271973 0 0
0.0561673641204834 0 3
0.06353640556335449 1 78
0.07132458686828613 3 22
0.0809469223022461 6 145
0.08853864669799805 8 285
0.09729599952697754 12 349
0.10505366325378418 15 399
0.11290168762207031 19 431
0.12265729904174805 23 486
0.13031387329101562 27 509
0.14003705978393555 33 543
0.14693498611450195 38 571
0.15676331520080566 44 595
0.16444706916809082 47 605
0.1727430820465088 52 625
0.18250799179077148 59 643
0.19017314910888672 64 657
0.1999683380126953 71 669
0.20704221725463867 76 681
0.21481585502624512 84 694
0.22448229789733887 88 699
0.23242568969726562 94 706
0.24212265014648438 100 717
0.24950551986694336 106 720
0.25931715965270996 114 723
0.266618013381958 120 731
0.27649903297424316 127 737
0.2842705249786377 131 733
0.29213619232177734 137 727
0.3019893169403076 144 711
0.31406259536743164 152 680
0.3225209712982178 157 647
0.3342013359069824 164 615
0.34251999855041504 169 580
0.35027551651000977 173 538
0.35941624641418457 178 490
0.3666360378265381 181 456
0.37431883811950684 184 425
0.38237428665161133 186 369
0.3899526596069336 188 336
0.3970327377319336 191 288
0.40607643127441406 192 261
0.41356325149536133 194 235
0.4215104579925537 195 183
0.42916107177734375 196 155
0.4364593029022217 196 155
0.44419288635253906 197 96
0.4521055221557617 197 96
0.46096181869506836 197 96
0.4740867614746094 196 23
0.4819941520690918 196 -18
0.48944854736328125 195 -72
0.4998636245727539 194 -89
0.5086688995361328 193 -59
0.5194206237792969 192 -105
0.5268704891204834 190 -111
0.5347414016723633 190 -115
0.5447332859039307 188 -117
0.5528934001922607 188 -113
0.5621442794799805 187 -111
0.5720634460449219 186 -108
0.579852819442749 185 -97
0.5891966819763184 184 -93
0.5965886116027832 184 -86
0.606285810470581 183 -76
0.6150259971618652 182 -72
0.6228549480438232 182 -72
0.6325886249542236 182 -62
0.6403002738952637 181 -56
0.649956464767456 181 -50
0.6570312976837158 181 -42
0.668482780456543 180 -42
0.675281286239624 180 -42
0.6832020282745361 180 -42
0.6920537948608398 180 -42
0.699516773223877 180 -42
0.7112526893615723 181 -12
0.7211925983428955 181 -12
0.7289731502532959 181 -12
0.7390258312225342 181 0
0.7472176551818848 181 0
0.7549800872802734 181 0
0.7640869617462158 181 0
0.7720727920532227 181 0
0.7794275283813477 181 0
0.7866766452789307 181 0
0.7943570613861084 181 0
0.8021824359893799 181 0
0.8095290660858154 181 3
0.8186542987823486 181 3
0.8254284858703613 181 3
0.8332571983337402 181 3
0.8410303592681885 181 3
0.8486843109130859 181 3
0.8559517860412598 181 0
0.8643701076507568 181 0
0.8721420764923096 181 0
0.87984299659729 181 0
0.8867449760437012 181 0
0.8943629264831543 181 0
0.9021637439727783 181 0
0.9094760417938232 181 -2
0.9179224967956543 181 -2
0.9364354610443115 181 -2
0.9441390037536621 181 -2
0.9543445110321045 181 -2
0.9622046947479248 181 0
0.9729015827178955 181 0
0.9812543392181396 181 0
0.9964272975921631 181 0
1.004871129989624 181 0
1.0152270793914795 181 0
1.023477554321289 181 0
1.0312795639038086 181 0
1.0388717651367188 181 0
1.0460352897644043 181 0
1.0534629821777344 181 0
1.0621397495269775 181 0
1.0707221031188965 181 0
1.0783450603485107 181 0
1.085113286972046 181 0
1.0928735733032227 181 0
1.1003806591033936 181 0
1.107229471206665 181 0
1.1213634014129639 181 0
1.1311275959014893 181 0
1.1392896175384521 181 0
1.1465485095977783 181 0
1.1542019844055176 181 0
1.1621432304382324 181 0
1.1708500385284424 181 0
1.1786160469055176 181 0
1.1853525638580322 181 0
1.1931254863739014 181 0
1.2009608745574951 181 0
1.2086141109466553 181 0
1.2153854370117188 181 0
1.2242155075073242 181 0
1.2325246334075928 181 0
1.240516185760498 181 0
1.2483937740325928 181 0
1.2551863193511963 181 0
1.2629568576812744 181 0
1.2715728282928467 181 0
1.2791509628295898 181 0
1.2863454818725586 181 0
1.2940032482147217 181 0
1.3020970821380615 181 0
1.309420108795166 181 0
1.3165857791900635 181 0
1.325103998184204 181 0
1.3328883647918701 181 0
1.3403935432434082 181 0
1.347257137298584 181 0
1.35504150390625 181 0
1.3629624843597412 181 0
1.3715641498565674 181 0
1.3793091773986816 181 0
1.3864898681640625 181 0
1.3941583633422852 181 0
1.4019606113433838 181 0
1.4092738628387451 181 0
1.416602611541748 181 0
1.4251866340637207 181 0
1.4330112934112549 181 0
1.4408152103424072 181 0
1.4484152793884277 181 0
1.4551901817321777 181 0
1.4629652500152588 181 0
1.4715423583984375 181 0
1.4792988300323486 181 0
1.486440658569336 181 0
1.4941585063934326 181 0
1.5019779205322266 181 0
1.5123729705810547 181 0
1.5243151187896729 181 0
1.5326416492462158 181 0
1.5403575897216797 181 0
1.547952651977539 181 0
1.5551283359527588 181 0
1.5629167556762695 181 0
1.5704052448272705 181 0
1.579132080078125 181 0
1.5863370895385742 181 0
1.593980312347412 181 0
1.601945400238037 181 0
1.6093060970306396 181 0
1.616455316543579 181 0
1.6302869319915771 181 0
1.6383633613586426 181 0
1.6451592445373535 181 0
1.6531083583831787 181 0
1.6610114574432373 181 0
1.669260025024414 181 0
1.6772100925445557 181 0
1.6849486827850342 181 0
1.6927521228790283 181 0
1.7002789974212646 181 0
1.707143783569336 181 0
1.7148857116699219 181 0
1.722860336303711 181 0
1.7315123081207275 181 0
1.7391130924224854 181 0
1.7468502521514893 181 0
1.7545342445373535 181 0
1.7624669075012207 181 0
1.7701191902160645 181 0
1.7789466381072998 181 0
1.7861137390136719 181 0
1.7935340404510498 181 0
1.80137300491333 181 0
1.8089439868927002 181 0
1.8161003589630127 181 0
1.823521614074707 181 0
1.832507848739624 181 0
1.8401679992675781 181 0
1.8470797538757324 181 0
1.8548130989074707 181 0
1.862630844116211 181 0
1.8701529502868652 181 0
1.8789210319519043 181 0
1.886082410812378 181 0
1.8934919834136963 181 0
1.9014801979064941 181 0
1.9090816974639893 181 0
1.9162590503692627 181 0
1.9334914684295654 181 0
1.9431042671203613 181 0
1.9528181552886963 181 0
1.9608807563781738 181 0
1.9686148166656494 181 0
1.9753262996673584 181 0
1.9843182563781738 181 0
1.9921197891235352 181 0
1.9994471073150635 181 0