0.036624908447265625 0 0
0.04896831512451172 1 7
0.05688309669494629 2 13
0.06675577163696289 4 92
0.0745856761932373 7 232
0.08453226089477539 11 318
0.09187555313110352 13 384
0.10191988945007324 18 428
0.10977435111999512 22 465
0.11788439750671387 26 499
0.12784457206726074 32 536
0.13550043106079102 36 564
0.14536285400390625 42 586
0.1524815559387207 47 603
0.16246557235717773 53 623
0.1704692840576172 58 642
0.17848944664001465 64 655
0.1885392665863037 70 667
0.1965641975402832 76 673
0.20442414283752441 82 676
0.21461892127990723 88 673
0.22216439247131348 94 668
0.232191801071167 100 655
0.24007916450500488 105 646
0.2482450008392334 110 635
0.25829315185546875 116 616
0.2705845832824707 123 579
0.2824413776397705 130 556
0.29146599769592285 134 536
0.3015165328979492 138 508
0.3094675540924072 142 472
0.31765222549438477 146 456
0.3276858329772949 150 429
0.33550500869750977 153 397
0.3455009460449219 156 367
0.35259509086608887 159 344
0.3606112003326416 161 318
0.37058162689208984 164 289
0.37863659858703613 166 265
0.38669323921203613 168 249
0.3944571018218994 170 228
0.4019439220428467 170 213
0.4098491668701172 172 188
0.4187953472137451 174 168
0.4268488883972168 174 162
0.43463635444641113 176 142
0.4420168399810791 176 135
0.4499027729034424 177 116
0.45801877975463867 178 95
0.4661109447479248 178 88
0.47490930557250977 179 72
0.48399806022644043 179 62
0.4914400577545166 179 62
0.49900150299072266 180 50
0.5069975852966309 180 50
0.5147264003753662 180 35
0.5239353179931641 180 35
0.5308558940887451 180 35
0.5387828350067139 180 35
0.5467615127563477 180 35
0.5544304847717285 180 35
0.5617470741271973 180 35
0.5703959465026855 180 16
0.5783553123474121 180 16
0.5863995552062988 180 16
0.5941798686981201 180 16
0.6015090942382812 180 16
0.6090643405914307 180 16
0.6170380115509033 180 7
0.6260466575622559 180 7
0.6339404582977295 180 7
0.6408166885375977 180 7
0.6489074230194092 180 7
0.6568403244018555 180 7
0.6646413803100586 180 2
0.6787919998168945 180 2
0.6867923736572266 180 2
0.6969687938690186 180 2
0.7049074172973633 180 2
0.7123119831085205 180 2
0.7201895713806152 180 0
0.7290356159210205 180 0
0.7369637489318848 180 0
0.7446818351745605 180 0
0.7520825862884521 180 0
0.7598929405212402 180 0
0.7680649757385254 180 0
0.776749849319458 180 0
0.784437894821167 180 0
0.7917304039001465 180 0
0.7994894981384277 180 0
0.8073794841766357 180 0
0.814892053604126 180 0
0.8223452568054199 180 0
0.8313555717468262 180 0
0.8388323783874512 180 0
0.8467609882354736 180 0
0.8544280529022217 180 0
0.8616824150085449 180 0
0.8694610595703125 180 0
0.8782837390899658 180 0
0.8863329887390137 180 0
0.8947300910949707 180 0
0.9020168781280518 180 0
0.909771203994751 180 0
0.9176909923553467 180 0
0.9263033866882324 180 0
0.9341392517089844 180 0
0.9415173530578613 180 0
0.9490401744842529 180 0
0.9570071697235107 180 0
0.9647789001464844 180 0
0.9720733165740967 180 0
0.9807107448577881 180 0
0.9886460304260254 180 0
0.9966013431549072 180 0
1.0044634342193604 180 0
1.0118520259857178 180 0
1.0196266174316406 180 0
1.028470516204834 180 0
1.0363554954528809 180 0
1.0441396236419678 180 0
1.0513582229614258 180 0
1.058833122253418 180 0
1.0717041492462158 180 0
1.0807592868804932 180 0
1.090517282485962 180 0
1.0986299514770508 180 0
1.106736660003662 180 0
1.1145570278167725 180 0
1.121964931488037 180 0
1.1307413578033447 180 0
1.1386539936065674 180 0
1.1469676494598389 180 0
1.1546919345855713 180 0
1.1619527339935303 180 0
1.1697304248809814 180 0
1.1776337623596191 180 0
1.1866300106048584 180 0
1.194350004196167 180 0
1.2015900611877441 180 0
1.2093877792358398 180 0
1.2173271179199219 180 0
1.2247767448425293 180 0
1.2338178157806396 180 0
1.240786075592041 180 0
1.2488398551940918 180 0
1.2568156719207764 180 0
1.2645347118377686 180 0
1.272003173828125 180 0
1.2797796726226807 180 0
1.2886462211608887 180 0
1.2965772151947021 180 0
1.3044393062591553 180 0
1.311692476272583 180 0
1.3194198608398438 180 0
1.3273899555206299 180 0
1.336012363433838 180 0
1.3438465595245361 180 0
1.3507568836212158 180 0
1.358710765838623 180 0
1.3667678833007812 180 0
1.3744244575500488 180 0
1.3817408084869385 180 0
1.3904125690460205 180 0
1.398329734802246 180 0
1.4063513278961182 180 0
1.414109230041504 180 0
1.42149019241333 180 0
1.4290063381195068 180 0
1.4381036758422852 180 0
1.4457459449768066 180 0
1.452695608139038 180 0
1.460545301437378 180 0
1.4727036952972412 180 0
1.482541561126709 180 0
1.4922618865966797 180 0
1.5000426769256592 180 0
1.5082147121429443 180 0
1.5160183906555176 180 0
1.523921251296997 180 0
1.53080415725708 180 0
1.5398731231689453 180 0
1.5480575561523438 180 0
1.5557284355163574 180 0
1.5626757144927979 180 0
1.5705373287200928 180 0
1.578451156616211 180 0
1.5874109268188477 180 0
1.5948982238769531 180 0
1.6022841930389404 180 0
1.6100242137908936 180 0
1.6180801391601562 180 0
1.625692367553711 180 0
1.6326732635498047 180 0
1.6417598724365234 180 0
1.6495397090911865 180 0
1.657470464706421 180 0
1.665299415588379 180 0
1.6723484992980957 180 0
1.6802089214324951 180 0
1.688905954360962 180 0
1.696918249130249 180 0
1.7047839164733887 180 0
1.7120928764343262 180 0
1.7198338508605957 180 0
1.7280035018920898 180 0
1.7355926036834717 180 0
1.7444286346435547 180 0
1.7517330646514893 180 0
1.7594964504241943 180 0
1.7673923969268799 180 0
1.7748456001281738 180 0
1.7822463512420654 180 0
1.7914929389953613 180 0
1.7990357875823975 180 0
1.8069777488708496 180 0
1.8147296905517578 180 0
1.8219935894012451 180 0
1.8298814296722412 180 0
1.8378992080688477 180 0
1.8515288829803467 180 0
1.8615176677703857 180 0
1.8738727569580078 180 0
1.8855950832366943 180 0
1.896759033203125 180 0
1.9048194885253906 180 0
1.9147512912750244 180 0
1.9221735000610352 180 0
1.9323852062225342 180 0
1.9402611255645752 180 0
1.9489026069641113 180 0
1.9590551853179932 180 0
1.9673585891723633 180 0
1.9749927520751953 180 0
1.9826433658599854 180 0
1.9904747009277344 180 0
1.9994595050811768 180 0