0.03126239776611328 0 0
0.04201531410217285 0 2
0.049207210540771484 2 58
0.05625748634338379 3 38
0.06376481056213379 5 55
0.07123279571533203 8 274
0.07993841171264648 11 333
0.08676958084106445 14 392
0.09436893463134766 17 416
0.1024324893951416 21 458
0.10986900329589844 25 486
0.11678600311279297 29 508
0.12528491020202637 33 529
0.13305020332336426 38 551
0.14077258110046387 42 568
0.148360013961792 46 580
0.15509343147277832 50 581
0.16304636001586914 55 580
0.1707754135131836 60 587
0.17914867401123047 65 588
0.18628811836242676 68 583
0.19388437271118164 73 581
0.20140862464904785 78 575
0.20911097526550293 82 571
0.2165076732635498 86 561
0.22410368919372559 90 554
0.23277640342712402 96 535
0.2459239959716797 101 515
0.25309014320373535 105 496
0.263108491897583 110 488
0.2710602283477783 114 474
0.27995944023132324 117 452
0.28703904151916504 120 436
0.2947707176208496 124 422
0.302534818649292 126 406
0.31000781059265137 129 387
0.3168773651123047 132 374
0.3245110511779785 135 358
0.33319997787475586 137 340
0.34116315841674805 140 328
0.3486807346343994 142 310
0.3558082580566406 144 290
0.36319470405578613 146 278
0.37091541290283203 148 269
0.3791837692260742 150 253
0.38633298873901367 151 242
0.39393162727355957 153 228
0.4019341468811035 154 216
0.40921473503112793 156 197
0.416424036026001 157 190
0.42406678199768066 158 176
0.4328126907348633 160 166
0.44025635719299316 161 154
0.4470820426940918 162 148
0.45479249954223633 163 141
0.46266698837280273 164 134
0.470245361328125 164 123
0.47708630561828613 165 116
0.48601436614990234 166 112
0.49339914321899414 167 97
0.5011646747589111 168 91
0.5086503028869629 168 87
0.5158801078796387 168 78
0.5232396125793457 169 74
0.5320236682891846 170 70
0.5393173694610596 170 65
0.5464050769805908 170 65
0.5539884567260742 171 60
0.5617697238922119 171 55
0.5690853595733643 172 52
0.5763287544250488 172 49
0.5848422050476074 172 49
0.5926096439361572 172 49
0.6002283096313477 172 40
0.6070184707641602 173 40
0.6146705150604248 173 35
0.6224000453948975 173 35
0.6298437118530273 173 35
0.6429235935211182 174 28
0.6523911952972412 174 28
0.6607062816619873 174 24
0.6684234142303467 174 24
0.6751358509063721 174 24
0.6840629577636719 174 24
0.6918582916259766 174 24
0.6992597579956055 174 24
0.7063381671905518 174 24
0.7139284610748291 174 13
0.7214488983154297 174 13
0.7291746139526367 174 13
0.7370710372924805 174 13
0.7447834014892578 174 13
0.7525291442871094 174 13
0.7600629329681396 174 6
0.7668507099151611 174 6
0.7744481563568115 174 6
0.7822484970092773 174 6
0.790740966796875 174 6
0.7982676029205322 174 6
0.8050158023834229 174 6
0.8127458095550537 174 2
0.8202989101409912 174 2
0.8270905017852783 174 2
0.8347265720367432 174 2
0.8432669639587402 174 2
0.850926399230957 174 2
0.8586504459381104 174 2
0.8657352924346924 174 0
0.8730838298797607 174 0
0.8808596134185791 174 0
0.8892049789428711 174 0
0.8962829113006592 174 0
0.9038188457489014 174 0
0.9113743305206299 174 0
0.9189140796661377 174 0
0.9259588718414307 174 0
0.9332835674285889 174 0
0.9422485828399658 174 0
0.9494223594665527 174 0
0.9564757347106934 174 0
0.9640257358551025 174 0
0.9717445373535156 174 0
0.9790248870849609 174 0
0.9862890243530273 174 0
0.9945230484008789 174 0
1.0026390552520752 174 0
1.010049819946289 174 0
1.016895055770874 174 0
1.0244317054748535 174 0
1.032304048538208 174 0
1.0464839935302734 174 0
1.055267572402954 174 0
1.0632219314575195 174 0
1.0712063312530518 174 0
1.0788187980651855 174 0
1.0859153270721436 174 0
1.0943427085876465 174 0
1.1020631790161133 174 0
1.1093013286590576 174 0
1.1165721416473389 174 0
1.1240999698638916 174 0
1.1317980289459229 174 0
1.1390933990478516 174 0
1.1469378471374512 174 0
1.1544630527496338 174 0
1.1622605323791504 174 0
1.1694347858428955 174 0
1.176638126373291 174 0
1.1841578483581543 174 0
1.1926403045654297 174 0
1.2001078128814697 174 0
1.211862325668335 174 0
1.2191882133483887 174 0
1.2262849807739258 174 0
1.233806848526001 174 0
1.2414023876190186 174 0
1.2501072883605957 174 0
1.2569069862365723 174 0
1.2644429206848145 174 0
1.2722594738006592 174 0
1.2794198989868164 174 0
1.2867059707641602 174 0
1.295058012008667 174 0
1.302927017211914 174 0
1.310439109802246 174 0
1.317103385925293 174 0
1.32474946975708 174 0
1.332460880279541 174 0
1.3398947715759277 174 0
1.3485143184661865 174 0
1.3551859855651855 174 0
1.363027811050415 174 0
1.370701789855957 174 0
1.3783669471740723 174 0
1.3851101398468018 174 0
1.3928179740905762 174 0
1.401413917541504 174 0
1.408855676651001 174 0
1.4160549640655518 174 0
1.4233462810516357 174 0
1.4310946464538574 174 0
1.443134069442749 174 0
1.4531493186950684 174 0
1.4615113735198975 174 0
1.4691355228424072 174 0
1.4764657020568848 174 0
1.4840538501739502 174 0
1.491891622543335 174 0
1.500070333480835 174 0
1.506990909576416 174 0
1.5146844387054443 174 0
1.522416591644287 174 0
1.5297753810882568 174 0
1.536757469177246 174 0
1.5443048477172852 174 0
1.5527722835540771 174 0
1.560178279876709 174 0
1.5669782161712646 174 0
1.5745189189910889 174 0
1.582355260848999 174 0
1.589470624923706 174 0
1.5966756343841553 174 0
1.605180025100708 174 0
1.6128795146942139 174 0
1.6207289695739746 174 0
1.6286962032318115 174 0
1.6358613967895508 174 0
1.6432006359100342 174 0
1.651939868927002 174 0
1.6593437194824219 174 0
1.6663799285888672 174 0
1.6739251613616943 174 0
1.6814186573028564 174 0
1.6889479160308838 174 0
1.695988655090332 174 0
1.7043662071228027 174 0
1.7121241092681885 174 0
1.7197530269622803 174 0
1.7267069816589355 174 0
1.7342615127563477 174 0
1.7420217990875244 174 0
1.7492711544036865 174 0
1.7571501731872559 174 0
1.7648215293884277 174 0
1.772662878036499 174 0
1.780179500579834 174 0
1.786975383758545 174 0
1.7946271896362305 174 0
1.8031482696533203 174 0
1.810838222503662 174 0
1.8183510303497314 174 0
1.825087547302246 174 0
1.8327765464782715 174 0
1.844771146774292 174 0
1.8548839092254639 174 0
1.8634254932403564 174 0
1.8712921142578125 174 0
1.878957986831665 174 0
1.88608717918396 174 0
1.8933813571929932 174 0
1.9012181758880615 174 0
1.9097623825073242 174 0
1.9165828227996826 174 0
1.9241104125976562 174 0
1.9318132400512695 174 0
1.939065933227539 174 0
1.9461560249328613 174 0
1.9534571170806885 174 0
1.962503433227539 174 0
1.969869613647461 174 0
1.9766862392425537 174 0
1.9842398166656494 174 0
1.9919962882995605 174 0
1.999211311340332 174 0