0.00993657112121582 0 2
0.029764175415039062 2 21
0.0454249382019043 7 270
0.05646562576293945 11 342
0.06970429420471191 17 410
0.08058381080627441 22 477
0.09344959259033203 29 517
0.10389947891235352 36 577
0.11683988571166992 44 603
0.13002419471740723 51 636
0.14075541496276855 58 657
0.15348339080810547 68 681
0.16397762298583984 76 695
0.17682242393493652 85 709
0.18993830680847168 93 722
0.20067143440246582 101 734
0.21341395378112793 111 745
0.2239372730255127 120 750
0.23678374290466309 129 761
0.24988746643066406 139 766
0.26058244705200195 146 772
0.2733452320098877 157 779
0.28382062911987305 167 782
0.2966725826263428 176 783
0.3099370002746582 186 788
0.319582462310791 193 784
0.33061814308166504 200 711
0.3400897979736328 205 581
0.34972548484802246 209 488
0.3593573570251465 213 367
0.36911940574645996 214 269
0.37950873374938965 215 240
0.3890807628631592 215 240
0.3976929187774658 213 -33
0.40726518630981445 211 -105
0.41689515113830566 207 -260
0.4331846237182617 202 -344
0.4450407028198242 198 -406
0.4548013210296631 193 -451
0.46457576751708984 189 -490
0.4744105339050293 184 -529
0.4848456382751465 177 -553
0.4955713748931885 171 -579
0.5064282417297363 166 -537
0.5168437957763672 162 -427
0.5273623466491699 159 -285
0.5397119522094727 159 -263
0.5506515502929688 159 -263
0.5613565444946289 161 66
0.5718693733215332 163 61
0.5835845470428467 167 272
0.594017744064331 171 352
0.6048934459686279 176 401
0.615696907043457 181 468
0.6253166198730469 186 495
0.6356790065765381 190 448
0.6453251838684082 193 368
0.6548337936401367 194 276
0.6645011901855469 195 247
0.674034833908081 195 247
0.6845858097076416 193 -68
0.6939859390258789 191 -103
0.7036857604980469 189 -212
0.7133574485778809 185 -265
0.7230241298675537 182 -355
0.7327089309692383 177 -399
0.7440788745880127 172 -451
0.7548048496246338 169 -429
0.7654058933258057 165 -299
0.7758748531341553 164 -179
0.7877602577209473 164 -107
0.7991693019866943 166 95
0.8096675872802734 168 162
0.8232927322387695 173 271
0.8368067741394043 177 372
0.8497166633605957 184 430
0.8596141338348389 187 428
0.8694078922271729 191 360
0.8791003227233887 192 268
0.8894805908203125 193 234
0.8991620540618896 192 42
0.9095139503479004 191 -82
0.9190595149993896 188 -178
0.9291365146636963 185 -257
0.9396095275878906 181 -313
0.9492275714874268 177 -381
0.9597480297088623 173 -416
0.9705829620361328 169 -386
0.9812154769897461 167 -287
0.9931395053863525 166 -240
1.0036799907684326 167 -38
1.0141277313232422 168 25
1.0248346328735352 171 183
1.0355689525604248 175 283
1.0472755432128906 179 363
1.0577614307403564 183 402
1.0673987865447998 187 398
1.0770137310028076 190 349
1.0868682861328125 191 257
1.09726881980896 192 196
1.1068599224090576 191 0
1.116553544998169 190 -26
1.1258471012115479 187 -198
1.1354446411132812 184 -264
1.1459124088287354 181 -326
1.15694260597229 176 -381
1.1674211025238037 173 -347
1.1784980297088623 171 -277
1.1893563270568848 170 -185
1.2008702754974365 171 0
1.211740255355835 173 27
1.2271926403045654 177 235
1.2376346588134766 182 338
1.2505791187286377 186 394
1.260035514831543 189 362
1.2698838710784912 191 280
1.2794840335845947 193 191
1.2890651226043701 192 44
1.2995383739471436 191 -39
1.3090593814849854 189 -83
1.3177001476287842 187 -148
1.3274822235107422 184 -293
1.337127447128296 180 -345
1.3494513034820557 175 -397
1.3599233627319336 172 -358
1.3706789016723633 170 -262
1.381579875946045 169 -235
1.392521619796753 170 0
1.403885841369629 171 52
1.4145824909210205 174 112
1.4250636100769043 178 299
1.436704397201538 183 353
1.4471900463104248 187 393
1.456834316253662 190 373
1.4666080474853516 191 280
1.4758062362670898 193 189
1.485456943511963 193 44
1.4958469867706299 191 -87
1.505448818206787 189 -121
1.5151102542877197 187 -195
1.524972915649414 183 -291
1.534569501876831 181 -338
1.5450913906097412 176 -399
1.5568702220916748 172 -367
1.567432165145874 170 -266
1.5778374671936035 170 -234
1.5893065929412842 170 -37
1.6007952690124512 172 24
1.6114895343780518 175 82
1.622032880783081 179 296
1.6375401020050049 185 368
1.6496477127075195 187 343
1.6593499183654785 189 280
1.6690850257873535 189 191
1.6777043342590332 189 44
1.6874494552612305 187 -26
1.6970698833465576 185 -84
1.707402229309082 182 -270
1.7169780731201172 178 -308
1.7275822162628174 174 -379
1.7389533519744873 171 -360
1.7506022453308105 169 -276
1.7613575458526611 168 -182
1.7720484733581543 169 -41
1.7827849388122559 170 24
1.7933528423309326 173 161
1.8048310279846191 177 273
1.8155815601348877 181 348
1.8251233100891113 185 389
1.834704875946045 187 365
1.8441240787506104 189 273
1.854787826538086 191 178
1.8641357421875 190 112
1.8738646507263184 189 0
1.8835136890411377 187 -137
1.8931331634521484 184 -184
1.9036941528320312 181 -284
1.9150166511535645 176 -358
1.9256834983825684 173 -336
1.9370527267456055 171 -243
1.9475066661834717 171 -243
1.9598500728607178 173 39
1.9704844951629639 175 84
1.9810690879821777 178 209
1.9934115409851074 182 305
2.003079891204834 186 373
2.013549566268921 189 358
2.0284698009490967 191 184
2.037501335144043 191 43
2.0494801998138428 190 0
2.0599677562713623 188 -75
2.0697126388549805 186 -105
2.079373359680176 183 -266
2.089092493057251 179 -326
2.0995798110961914 175 -387
2.111360788345337 171 -357
2.1218860149383545 169 -246
2.1325619220733643 169 -176
2.143129825592041 170 46
2.153561592102051 172 91
2.1653125286102295 175 185
2.1758816242218018 178 265
2.186779499053955 183 351
2.196394205093384 185 357
2.20558762550354 188 291
2.216404676437378 189 182
2.2255702018737793 189 49
2.235309600830078 188 -36
2.244791030883789 187 -52
2.2544102668762207 184 -186
2.2648568153381348 180 -287
2.2754361629486084 177 -335
2.2858715057373047 174 -316
2.296893835067749 172 -246
2.3073694705963135 172 -110
2.3196754455566406 173 0
2.3300938606262207 175 51
2.3408005237579346 177 161
2.356786012649536 183 330
2.370460271835327 188 392
2.379875659942627 191 363
2.3915255069732666 194 265
2.400899887084961 195 234
2.4138567447662354 195 35
2.4236230850219727 193 -73
2.442577362060547 189 -129
2.453575611114502 185 -268
2.4676568508148193 180 -377
2.4792299270629883 175 -406
2.491774082183838 171 -370
2.502549409866333 169 -259
2.516819715499878 169 -259
2.527475118637085 170 67
2.541128158569336 173 103
2.5520238876342773 176 262
2.565884590148926 181 341
2.57556414604187 185 386
2.587245464324951 188 351
2.5993824005126953 190 258
2.609041690826416 191 193
2.620086431503296 190 -90
2.63189435005188 187 -124
2.641425132751465 185 -150
2.6530845165252686 181 -288
2.6626601219177246 177 -368
2.675938129425049 172 -400
2.6901276111602783 168 -349
2.700888156890869 166 -242
2.713113784790039 166 44
2.7325074672698975 168 56
2.746485948562622 171 180
2.756995677947998 175 288
2.7689621448516846 180 373
2.77948260307312 184 394
2.789069652557373 187 389
2.7976877689361572 189 333
2.807504415512085 190 176
2.81705904006958 190 45
2.8327412605285645 188 -87
2.8429291248321533 186 -181
2.8545751571655273 183 -252
2.864107370376587 179 -299
2.875906229019165 175 -374
2.886960029602051 171 -348
2.8974738121032715 169 -237
2.9097089767456055 169 -237
2.92014217376709 170 40
2.931992769241333 172 119
2.9428937435150146 175 204
2.953488349914551 179 271
2.963986873626709 183 361
2.974797487258911 186 363
2.9844486713409424 189 325
2.9938390254974365 190 196
3.0034677982330322 190 196
3.0132274627685547 189 0
3.0227060317993164 187 -85
3.0332679748535156 185 -115
3.042785882949829 183 -257
3.0521163940429688 179 -303
3.062946319580078 175 -370
3.0735692977905273 171 -338
3.090589761734009 169 -240
3.1011104583740234 169 -122
3.111778497695923 171 0
3.1224191188812256 173 141
3.13394832611084 176 242
3.144684314727783 180 312
3.1540560722351074 183 368
3.163644790649414 187 356
3.1732802391052246 189 272
3.183739185333252 189 177
3.1934654712677 189 107
3.203275203704834 187 -96
3.2129104137420654 185 -156
3.2224180698394775 183 -284
3.2392919063568115 177 -332
3.251068353652954 174 -289
3.2636477947235107 173 -160
3.2744903564453125 173 -117
3.285947561264038 174 27
3.29691743850708 177 144
3.307724714279175 180 268
3.31738543510437 183 312
3.3270890712738037 186 290
3.344573736190796 188 186
3.3539960384368896 187 0
3.3636207580566406 186 -26
3.373410224914551 184 -119
3.3838088512420654 181 -242
3.3945729732513428 177 -292
3.405135154724121 174 -317
3.41573166847229 172 -265
3.4266796112060547 171 -178
3.438969135284424 172 0
3.4493207931518555 174 58
3.4599356651306152 176 160
3.470578670501709 179 290
3.479921579360962 183 322
3.4907267093658447 185 307
3.5000460147857666 187 265
3.5096547603607178 187 265
3.5192880630493164 187 265
3.5291736125946045 185 -58
3.5396788120269775 183 -92
3.549563407897949 180 -222
3.5600712299346924 177 -297
3.5708234310150146 174 -299
3.5814876556396484 173 -181
3.5933501720428467 173 -45
3.603860855102539 174 86
3.614736557006836 176 122
3.6251797676086426 180 271
3.6414456367492676 185 333
3.65303635597229 187 316
3.6627230644226074 189 256
3.6725728511810303 189 256
3.6820592880249023 188 0
3.6927359104156494 187 -24
3.7020792961120605 184 -82
3.711574077606201 181 -256
3.72139573097229 178 -303
3.7320730686187744 174 -372
3.7437589168548584 170 -338
3.754483461380005 169 -241
3.7649965286254883 168 -108
3.7755627632141113 169 0
3.785893678665161 171 85
3.797626495361328 173 159
3.809065580368042 177 278
3.8194940090179443 181 335
3.8291079998016357 185 388
3.83954119682312 188 356
3.849236249923706 190 274
3.857835054397583 191 186
3.8674378395080566 190 105
3.8770673274993896 189 -95
3.886685848236084 187 -128
3.8970322608947754 184 -188
3.907405376434326 181 -281
3.9184987545013428 177 -342
3.9292683601379395 174 -329
3.941692352294922 172 -242
3.952390432357788 172 -110
3.9630398750305176 173 0
3.9735567569732666 175 51
3.984105110168457 177 160
3.9956605434417725 181 273
4.005318880081177 185 338
4.014804124832153 187 326
4.0244410037994385 189 186
4.039269685745239 189 45
4.051226615905762 187 -87
4.061582326889038 185 -122
4.071249008178711 183 -189
4.08082914352417 180 -271
4.09293270111084 175 -349
4.103426694869995 172 -323
4.114091396331787 171 -253
4.124772071838379 171 -253
4.135329484939575 171 0
4.14717173576355 173 72
4.1576478481292725 176 126
4.169115304946899 180 297
4.177730321884155 183 332
4.187312841415405 186 317
4.197727203369141 187 255
4.207507610321045 188 192
4.217110633850098 187 0
4.226707458496094 185 -25
4.235938549041748 184 -165
4.246899366378784 180 -243
4.2574076652526855 177 -291
4.268902778625488 175 -287
4.2793943881988525 173 -180
4.289872646331787 173 -46
4.301818609237671 175 89
4.312524080276489 176 123
4.323039293289185 179 212
4.333768129348755 183 292
4.343455076217651 186 310
4.353901624679565 188 264
4.3635454177856445 189 236
4.373324632644653 189 236
4.382922172546387 188 -35
4.392510652542114 186 -76
4.403059005737305 183 -134
4.4125282764434814 180 -291
4.4230945110321045 176 -334
4.4387805461883545 172 -290
4.452005624771118 171 -119
4.463455677032471 172 48
4.4739861488342285 174 93
4.484840154647827 177 170
4.495403289794922 180 297
4.505849599838257 183 336
4.515580654144287 186 324
4.525074005126953 188 246
4.534694194793701 188 152
4.544102668762207 188 112
4.554757595062256 187 0
4.564042568206787 185 -135
4.573835372924805 183 -161
4.583476305007935 179 -281
4.59396767616272 176 -332
4.605588674545288 173 -294
4.6164398193359375 171 -253
4.6270506381988525 171 -104
4.6375744342803955 172 95
4.649008274078369 175 128
4.660489797592163 177 214
4.671074151992798 181 285
4.680577516555786 185 347
4.690065383911133 187 334
4.6996910572052 189 260
4.71009635925293 190 193
4.719733953475952 190 193
4.729349374771118 189 0
4.737863302230835 187 -46
4.747580528259277 185 -102
4.759156942367554 181 -275
4.769581079483032 177 -323
4.7800798416137695 174 -339
4.790799379348755 172 -271
4.801520347595215 171 -248
4.813416242599487 171 -248
4.823842763900757 172 65
4.839484214782715 176 126
4.853012561798096 180 275
4.863693952560425 184 350
4.873570680618286 187 330
4.883313179016113 189 271
4.893065690994263 189 177
4.9025561809539795 189 0
4.913712501525879 187 -27
4.923288106918335 185 -156
4.933023691177368 183 -240
4.942531108856201 179 -280
4.9530415534973145 175 -359
4.964539527893066 172 -332
4.975045680999756 170 -235
4.9855797290802 170 -235
4.9965338706970215 170 0
5.00775671005249 172 47
5.019304037094116 175 104
5.029792547225952 179 284
5.040483474731445 182 337
5.050020933151245 185 346
5.0606467723846436 188 282
5.070019960403442 189 260
5.080105543136597 189 260
5.089789390563965 188 0
5.099318742752075 186 -24
5.109731674194336 183 -127
5.119375705718994 180 -280
5.129901885986328 177 -327
5.140561580657959 174 -313
5.151402235031128 173 -274
5.163085699081421 172 -42
5.173812389373779 173 33
5.184479475021362 175 74
5.1949238777160645 179 190
5.2055137157440186 182 285
5.216347932815552 185 308
5.225574970245361 187 278
5.240443229675293 188 179
5.250640153884888 187 -39
5.263729810714722 185 -83
5.273452281951904 182 -182
5.283357858657837 179 -274
5.294033765792847 175 -329
5.304697513580322 172 -318
5.316553115844727 170 -235
5.327027320861816 170 -235
5.337445259094238 172 32
5.350451469421387 174 113
5.360866069793701 177 251
5.372884035110474 181 308
5.3821563720703125 184 358
5.391755819320679 187 348
5.401220321655273 189 260
5.41080117225647 190 196
5.421501874923706 190 196
5.430846929550171 189 0
5.440074682235718 187 -46
5.449671268463135 185 -192
5.459246635437012 182 -256
5.470958471298218 177 -322
5.481771230697632 174 -344
5.492500305175781 172 -276
5.503074884414673 171 -234
5.513525009155273 171 -38
5.525063991546631 173 73
5.53573203086853 175 175
5.546831846237183 178 236
5.557269096374512 181 307
5.567692279815674 185 357
5.577357053756714 188 328
5.587069272994995 190 259
5.59668493270874 190 233
5.605896472930908 190 39
5.615455150604248 188 -75
5.625898361206055 186 -173
5.640943765640259 182 -268
5.6515867710113525 178 -331
5.663809061050415 173 -391
5.676651239395142 169 -345
5.6872758865356445 167 -247
5.697711706161499 167 -176
5.709234952926636 168 0
5.720664739608765 169 54
5.731137275695801 172 114
5.741838693618774 175 286
5.7525200843811035 179 332
5.76195764541626 183 386
5.772723436355591 186 367
5.782072305679321 189 278
5.791543960571289 189 191
5.801220178604126 189 43
5.81066107749939 188 -34
5.820963382720947 186 -75
5.830754280090332 184 -192
5.84006404876709 181 -295
5.850839138031006 177 -333
5.861500024795532 174 -323
5.8731324672698975 172 -253
5.883610248565674 172 -42
5.894484043121338 173 0
5.905600547790527 175 79
5.916475534439087 177 186
5.927868604660034 181 283
5.937441825866699 185 339
5.947242021560669 188 316
5.95683741569519 189 243
5.966426134109497 189 243
5.97687292098999 189 35
5.986491441726685 188 -68
5.995662212371826 186 -103
6.0052855014801025 183 -235
6.014928340911865 180 -298
6.02680516242981 175 -350
6.042537450790405 172 -284
6.053524971008301 171 -262
6.066737413406372 171 -262
6.079156398773193 173 63
6.089828729629517 175 79
6.100518226623535 178 260
6.111099004745483 183 321
6.120629549026489 185 339
6.131476402282715 188 283
6.140811920166016 189 237
6.150160312652588 189 237
6.159918308258057 188 -34
6.169475078582764 186 -24
6.179919481277466 183 -134
6.189718961715698 181 -249
6.2004382610321045 177 -322
6.211057901382446 174 -313
6.221682548522949 173 -277
6.23334527015686 172 -193
6.243788480758667 173 0
6.254550933837891 175 47
6.2650275230407715 178 138
6.27556848526001 182 275
6.285967826843262 185 341
6.2955639362335205 188 325
6.3050377368927 189 240
6.31483268737793 190 169
6.324578762054443 190 0
6.334812879562378 189 -89
6.344466924667358 187 -123
6.353842496871948 184 -201
6.363468885421753 181 -277
6.374072074890137 177 -331
6.385746717453003 174 -298
6.396603107452393 173 -194
6.407030820846558 172 -194
6.41747784614563 173 0
6.429006099700928 175 72
6.446704626083374 179 257
6.457510948181152 184 311
6.4678263664245605 186 278
6.477520942687988 187 198
6.4891674518585205 187 198
6.497715473175049 187 36
6.507365703582764 185 -23
6.517016410827637 183 -169
6.5266406536102295 180 -245
6.538465976715088 176 -306
6.549456834793091 173 -299
6.560126066207886 172 -243
6.570829629898071 172 -49
6.583773612976074 173 37
6.594505310058594 175 128
6.604989051818848 179 205
6.615723371505737 182 278
6.625354051589966 185 307
6.641824960708618 187 179
6.651398420333862 187 179
6.660752296447754 187 39
6.670475006103516 185 -23
6.679861307144165 183 -155
6.6904826164245605 181 -225
6.701062917709351 177 -278
6.711865425109863 175 -277
6.722571849822998 173 -240
6.733279466629028 173 -106
6.744897365570068 175 99
6.755516767501831 177 130
6.765928030014038 179 205
6.776777267456055 183 292
6.787294387817383 186 291
6.7969183921813965 187 247
6.806551218032837 188 194
6.815791368484497 187 41
6.825387477874756 186 -78
6.834877967834473 183 -189
6.852461099624634 179 -276
6.863659858703613 175 -335
6.87453556060791 172 -318
6.88513445854187 171 -194
6.896993398666382 170 -194
6.909155607223511 172 33
6.91966438293457 174 75
6.930143117904663 177 195
6.941890001296997 181 304
6.951401233673096 184 351
6.960782051086426 187 349
6.970544338226318 189 276
6.979865312576294 189 187
6.990406036376953 189 44
6.99987530708313 187 -26